0000000000000110
0000000000001001
0000000000000000
0000000000010010
0000000000010010
0000000000010110
0000000000110100
1111111111111000
0000000001011011
0000000000000000
0000000000000111
0000000000000000
0000000000000110
0000000001001010
0000000000010001
0000000000001011
0000000000100111
0000000000011101
0000000000101000
0000000000000000
1111111111111101
1111111111111100
0000000000000001
1111111111110110
1111111111101000
1111111111100110
0000000000000000
0000000000010111
1111111111110011
0000000000000001
1111111111111001
0000000000000010
0000000000001111
0000000000001000
1111111111111011
1111111111111001
1111111111110110
0000000000010110
0000000000000011
0000000000011111
0000000000011110
1111111111111111
1111111111111011
0000000000000000
0000000000001001
0000000000010000
0000000001000100
0000000000011010
1111111111110000
0000000000011001
1111111111111111
1111111111110110
1111111111111110
0000000000001010
1111111111111110
0000000000001000
1111111111111000
0000000000011101
0000000000000001
0000000000100010
0000000000110000
0000000000001111
0000000000100010
0000000000000001
0000000000010001
0000000000000001
0000000000000100
0000000000000000
0000000000100000
0000000000000000
0000000000000010
1111111111110000
0000000000000111
0000000000100101
0000000000001001
1111111111110111
1111111111111110
0000000000001011
0000000000010011
1111111111110000
1111111111111101
1111111111110101
1111111111111010
1111111111110101
1111111111111000
0000000000001000
0000000000000001
0000000000011111
0000000000101101
0000000000001011
0000000000010000
0000000000010010
0000000000000000
0000000000010011
0000000000010100
1111111111110000
0000000000000000
0000000000000001
1111111111110100
0000000000011100
1111111111111100
1111111111111011
1111111111111011
1111111111110001
0000000000001110
0000000000000001
0000000000010100
0000000000001011
1111111111110001
1111111111101100
1111111111111110
1111111111110101
1111111111111001
1111111111101001
0000000000001000
1111111111110100
0000000000001101
0000000000000001
1111111111110100
0000000000000000
