1111111111110101
0000000000111101
1111111111111001
0000000000001011
1111111111111001
0000000000100101
1111111111111100
0000000000000000
0000000000001101
1111111111110100
0000000000000011
0000000000100011
1111111111111111
1111111111111011
0000000000000111
1111111111110100
0000000000001001
1111111111110011
0000000000000110
0000000000000000
0000000000111110
0000000000100011
0000000000010100
1111111111111100
1111111111110000
0000000000011010
0000000000100000
0000000000000000
1111111111001100
1111111111111111
0000000000010000
0000000000011001
1111111111100110
0000000000100000
0000000000000011
1111111111110101
0000000000100110
1111111111110011
0000000000011011
0000000000110100
1111111111100111
0000000000000010
1111111111100111
0000000001000011
0000000000000000
0000000000011011
1111111111111010
0000000000000010
1111111111110010
0000000000000110
0000000000100111
1111111111110011
0000000000000001
0000000000011101
0000000000111100
0000000000000100
0000000000000110
0000000000001001
1111111111111000
0000000000011100
0000000000100010
0000000001000110
0000000000000000
1111111111111010
1111111111111110
0000000000101011
1111111111101101
0000000000000010
0000000000101101
0000000000000111
1111111111111111
1111111111101010
0000000000010000
0000000000100011
0000000000001000
0000000000010101
1111111111111011
0000000000000100
0000000000001110
1111111111111110
0000000000100011
0000000000000000
0000000000001011
0000000000100010
