0000000100100110
0000000101000010
0000000011010010
0000000011111111
0000000010001110
0000000000001111
0000000000000110
0000000001100110
1111111110010001
0000000000000110
1111111111010100
1111111111001111
0000000000011111
1111111110100111
0000000001001010
1111111101010110
0000000001001011
1111111110010000
0000000000100010
1111111110100101
1111111110011101
1111111111001111
1111111110101110
0000000000000100
0000000001000000
1111111101011100
0000000010111011
0000000010101110
0000000011101110
0000000010011001
0000000000001110
0000000000011001
0000000110111100
0000000100111101
0000000111001111
0000000001000010
0000000110010011
0000001000001101
0000001001101110
0000001000011011
0000000010111110
0000000100100101
0000001000000000
0000000110001111
0000000101100111
1111111111000101
0000000010010011
0000000010101101
0000000011000011
0000000011011101
0000000010100001
0000000101010101
0000000101101111
0000000100111100
0000000000111110
0000000101101001
0000000110101101
0000001000001000
0000000101100100
0000000101110000
0000001001110111
0000000111000111
0000001001110001
0000000100100111
0000000110001000
0000000110101110
0000001001110101
0000001001011101
0000000101100110
1111111111101000
0000000110010111
0000000101011110
0000000001011011
0000000000111110
1111111110110011
1111111111110111
0000000000001100
1111111110001110
1111111101001000
1111111111110100
0000000010011000
0000000010100001
0000000001100001
1111111110001101
1111111111011111
1111111111010100
1111111111000000
1111111110100111
1111111101100010
0000000011100110
1111111110110100
0000000000110000
1111111100111110
0000000001011001
0000000001111111
1111111110110101
1111111100110111
0000000010100001
1111111111100110
0000000010101111
0000000010100111
0000000100101101
0000000110101111
0000001000011011
0000000111010110
1111111111011101
0000000010011111
0000000011000000
0000001000110100
0000000110101101
0000000000000000
0000000110101110
0000000011100001
0000000101010011
0000000111100111
1111111110110010
0000000100001101
0000000011110101
0000000001010101
1111111111110111
1111111101000100
0000000000000000
1111111110110111
0000000011000011
1111111110011111
1111111111010100
1111111101000110
1111111111110110
1111111111110001
0000000010111111
0000000000100111
0000000001110101
1111111101010001
1111111111111000
1111111110111110
1111111110001100
0000000001111000
1111111110001101
0000000000000111
1111111101110110
1111111101111101
0000000010000010
1111111101000110
1111111101001101
1111111101111001
0000000001110111
1111111110101110
0000000000110001
1111111111001111
1111111110101111
