0.108120858669281
1.161824107170105
1.7139980792999268
0.7707050442695618
-1.426139235496521
-2.573063611984253
-2.1392273902893066
-1.5730146169662476
-1.183355450630188
-0.5039961338043213
0.9401994943618774
2.776869297027588
2.643059015274048
0.38425561785697937
-2.6632513999938965
-4.072788715362549
-4.439681529998779
-3.862334966659546
-2.767116069793701
-1.029646873474121
1.8143905401229858
3.589967727661133
3.512556314468384
2.9364407062530518
2.5498266220092773
1.3274319171905518
-1.7566124200820923
-3.6560909748077393
-3.4089841842651367
-1.5387609004974365
2.1985678672790527
3.810767889022827
3.7678654193878174
3.8362128734588623
5.806670665740967
6.2841949462890625
2.3332314491271973
-1.7990429401397705
-3.028088331222534
-1.7488467693328857
2.5718886852264404
5.380629062652588
4.662993431091309
1.313757300376892
1.4544492959976196
3.4583911895751953
1.8005344867706299
-1.8418347835540771
-3.1251492500305176
-1.8055106401443481
2.4310243129730225
7.078103542327881
7.148879051208496
2.0408363342285156
-0.3720332384109497
0.8616858124732971
0.08209089189767838
-2.4793782234191895
-3.377293109893799
-1.852469801902771
1.1831209659576416
5.884104251861572
8.435134887695312
6.288149833679199
4.968123435974121
5.096986770629883
2.124763250350952
-1.908064603805542
-3.3959908485412598
-1.9872887134552002
-0.09124329686164856
2.470586061477661
5.4654059410095215
6.6922760009765625
8.058050155639648
8.630736351013184
4.417994022369385
-1.052166223526001
-3.2907121181488037
-2.278939962387085
-0.2315770536661148
0.4278983473777771
1.8767640590667725
3.308105945587158
5.962575435638428
8.310546875
4.881087303161621
-1.2371858358383179
-3.761814832687378
-2.707569122314453
0.06966158002614975
0.1527196615934372
0.381478875875473
0.8123066425323486
3.5917155742645264
7.183603286743164
4.699504375457764
-1.4303277730941772
-3.755262851715088
-2.6756677627563477
-0.688715934753418
-3.1255946159362793
-5.439430236816406
-4.7161760330200195
-1.7961406707763672
0.8915740847587585
3.4044532775878906
4.722902774810791
3.3626842498779297
1.4736783504486084
-1.8211512565612793
-6.325998783111572
-8.839770317077637
-5.199757099151611
-1.0004130601882935
0.5751894116401672
4.1401753425598145
7.613648891448975
5.904865741729736
2.227055072784424
-3.2010252475738525
-9.275301933288574
-9.403666496276855
-0.3794479966163635
3.9698781967163086
1.4759262800216675
4.7022175788879395
10.041046142578125
8.035324096679688
2.6863961219787598
-4.7856035232543945
-11.688732147216797
-8.120490074157715
5.152657985687256
7.752358436584473
1.6183863878250122
4.905118465423584
11.656270980834961
9.186919212341309
2.833516836166382
-5.1844096183776855
-11.225639343261719
-6.467198848724365
4.590146541595459
4.58770227432251
-0.6729775071144104
5.1679534912109375
12.866776466369629
9.719206809997559
2.728605270385742
-3.8530430793762207
-7.838254928588867
-4.61903190612793
1.6199710369110107
0.21015334129333496
-2.771923542022705
4.909340858459473
13.65176010131836
10.55689811706543
3.0119404792785645
-2.243330478668213
-4.182671070098877
-2.130683183670044
1.4161397218704224
-0.45832154154777527
-3.309499979019165
4.013998508453369
13.692506790161133
11.258390426635742
3.33717942237854
-1.2098644971847534
-2.0390267372131348
-0.6505614519119263
1.8336457014083862
-0.5839155912399292
-4.870063304901123
1.4199707508087158
12.38361644744873
11.348960876464844
3.6612191200256348
-0.41112035512924194
-0.7765999436378479
-0.007929973304271698
1.1283131837844849
-2.777867078781128
-8.234851837158203
-1.7787199020385742
10.963438034057617
11.624724388122559
4.325762748718262
0.013870581984519958
-0.0968097671866417
0.0802505612373352
-0.2742103338241577
-4.712207317352295
-9.562397956848145
-2.742812395095825
9.88053035736084
11.340222358703613
4.484316825866699
-0.23794905841350555
0.02544512413442135
1.2821531295776367
3.623602867126465
5.442879676818848
5.913186550140381
5.720736503601074
4.456474781036377
2.432349443435669
0.6721641421318054
-0.2940783202648163
0.8856668472290039
3.428077459335327
5.7269768714904785
6.048027992248535
5.525389194488525
5.6650071144104
5.128067970275879
3.018866539001465
0.9876493215560913
0.40068185329437256
2.445733070373535
4.700117588043213
5.506028175354004
4.160280704498291
3.024780511856079
3.773850202560425
4.223297595977783
2.7568602561950684
0.9255969524383545
0.6694848537445068
1.4890776872634888
2.3947367668151855
3.5090136528015137
3.545222282409668
3.2684807777404785
3.8102357387542725
4.214585781097412
2.7811055183410645
0.9147170186042786
0.3532979488372803
-0.49816203117370605
-0.19852899014949799
2.1390271186828613
4.0576910972595215
4.77651834487915
5.1222429275512695
5.154843330383301
3.3367300033569336
1.086124062538147
0.23117129504680634
-0.5369733572006226
-0.3883122503757477
1.6053167581558228
3.1462490558624268
3.9254376888275146
4.640726566314697
5.112968921661377
3.489712953567505
1.1701010465621948
0.1671944409608841
-0.43021315336227417
-0.5347827672958374
-0.2576386630535126
-0.02565743587911129
0.5034369230270386
2.372290849685669
4.216179847717285
3.3277628421783447
1.285792350769043
-0.2756023108959198
-0.7578983902931213
-1.4270201921463013
-1.8784610033035278
-1.8327687978744507
-0.6958256363868713
1.9141349792480469
4.356770038604736
3.845064640045166
1.7045553922653198
-0.19370757043361664
-0.7347295880317688
-1.1027021408081055
-1.1945757865905762
-0.7822856307029724
-0.11552650481462479
2.0026328563690186
4.330090045928955
3.988101005554199
1.9308375120162964
0.034629516303539276
-0.06953751295804977
-0.15131641924381256
-0.0019782129675149918
-0.016635894775390625
-0.16025157272815704
0.9491387009620667
2.6824111938476562
2.6379427909851074
1.3540147542953491
0.23910152912139893
2.2621400356292725
6.266049385070801
10.124139785766602
12.239825248718262
11.489243507385254
9.332845687866211
6.827847003936768
4.251229286193848
1.5662837028503418
1.4778341054916382
5.303046703338623
8.77745246887207
9.3496675491333
7.372270107269287
4.771650791168213
3.5619277954101562
3.314990520477295
2.8091278076171875
1.4535294771194458
2.024085521697998
4.052187919616699
2.940913677215576
-0.6271352767944336
-3.8088538646698
-4.102672576904297
-3.074401378631592
-1.7644041776657104
-0.2749669551849365
0.48685580492019653
1.437520146369934
1.3621020317077637
-0.7718431949615479
-2.992713689804077
-2.4869277477264404
0.5181541442871094
1.1190093755722046
0.15179303288459778
-0.012387469410896301
0.44434279203414917
0.526355504989624
0.5466573238372803
0.3208187222480774
1.34223210811615
4.295090198516846
7.325705528259277
6.109411716461182
3.1347410678863525
1.5693174600601196
0.9763950109481812
-0.4712982177734375
-1.2019498348236084
-2.090070962905884
-2.474980115890503
-1.7544739246368408
-0.10884992778301239
-0.031751006841659546
-0.032023876905441284
0.6640611886978149
0.908087432384491
-1.1998472213745117
-3.055180788040161
-5.951646327972412
-8.6432466506958
-9.42618465423584
-7.581286907196045
-5.207420825958252
-2.5841076374053955
-0.22640444338321686
0.99680495262146
-0.4873785376548767
-1.7332364320755005
-3.721128225326538
-5.300163269042969
-4.895784854888916
-2.91684627532959
-1.3876312971115112
-0.1356106996536255
0.984377384185791
1.7855863571166992
0.09533373266458511
0.05800478905439377
-0.053244367241859436
0.03270381689071655
1.0407791137695312
2.1089956760406494
1.921766996383667
1.0377088785171509
0.7739587426185608
1.4645655155181885
0.13268528878688812
0.15262991189956665
0.19643154740333557
0.365104079246521
0.8012003898620605
0.7976914048194885
-1.0649094581604004
-3.1407973766326904
-3.2295944690704346
-1.1556172370910645
-0.6560484766960144
-3.044931650161743
-6.918923854827881
-10.270938873291016
-12.525805473327637
-12.699235916137695
-10.587247848510742
-6.771903991699219
-3.1816577911376953
-0.7251699566841125
-0.5694918632507324
-2.2253894805908203
-3.719536781311035
-2.6659603118896484
-0.9591240286827087
-1.4974496364593506
-3.5943427085876465
-3.777432918548584
-2.3222861289978027
-0.6439621448516846
0.9432651996612549
0.7331545948982239
1.3190823793411255
5.522975921630859
10.135626792907715
9.430205345153809
4.986820697784424
2.20151424407959
0.7703114748001099
0.1575472205877304
2.165109634399414
1.5811935663223267
0.46711158752441406
1.8440251350402832
4.6756591796875
4.201372146606445
2.4068634510040283
2.1911673545837402
1.733054280281067
0.631314218044281
2.9649453163146973
4.071322917938232
3.0999040603637695
1.1570353507995605
-0.636716365814209
-2.561073064804077
-2.6134488582611084
-0.28981760144233704
1.0853997468948364
0.6281247138977051
3.1362719535827637
7.6639862060546875
11.20352840423584
11.642069816589355
9.879429817199707
5.7937397956848145
2.7115819454193115
1.7682132720947266
1.343306541442871
0.5943254232406616
1.5121386051177979
6.3067803382873535
12.13301944732666
15.922019004821777
16.563875198364258
12.682358741760254
7.113846778869629
3.5792787075042725
1.8773638010025024
0.5143821835517883
-0.45564189553260803
1.1469993591308594
4.363460540771484
7.751703262329102
10.199941635131836
8.854990005493164
4.920145034790039
2.2341036796569824
1.1438583135604858
-0.025463836267590523
-0.5094906687736511
-0.7321619987487793
-0.1296945959329605
1.6577601432800293
4.063740253448486
4.6362199783325195
2.907013177871704
1.519213318824768
1.0442640781402588
0.06837109476327896
0.031576283276081085
-0.022453153505921364
0.05116040259599686
0.9243053793907166
3.3215739727020264
6.216470718383789
7.194873332977295
6.520946502685547
4.970987319946289
2.1214282512664795
1.8063075542449951
2.516313076019287
0.36843350529670715
-2.8086884021759033
-5.397024631500244
-7.930957794189453
-8.77485466003418
-6.480569362640381
-2.9943084716796875
-0.8784514665603638
2.7278189659118652
2.7039127349853516
-1.1849676370620728
-4.314741611480713
-5.079985618591309
-6.978124141693115
-9.369904518127441
-8.55413818359375
-4.768210411071777
-1.6077653169631958
4.023616313934326
4.419226169586182
0.029085740447044373
-2.489086627960205
-0.9089297652244568
-1.2026032209396362
-5.0828938484191895
-6.521354675292969
-4.037425994873047
-1.3896368741989136
5.5501604080200195
6.813784599304199
2.3006479740142822
-0.7212933897972107
1.2814183235168457
1.4598063230514526
-3.2946419715881348
-5.231411933898926
-2.970290422439575
-0.7379463911056519
5.939067363739014
7.291279315948486
2.6965696811676025
-0.8313148021697998
0.20134057104587555
-1.21304452419281
-6.688408374786377
-7.404669761657715
-3.5615382194519043
-0.5737360119819641
5.2192864418029785
6.552814960479736
3.6976659297943115
1.7103760242462158
2.809842348098755
-0.02549358457326889
-6.910610198974609
-8.146283149719238
-4.0236430168151855
-0.7342547178268433
4.160458087921143
6.20630407333374
5.970254421234131
6.414630889892578
8.548493385314941
5.31810188293457
-3.2312886714935303
-6.826380252838135
-3.9257540702819824
-0.789781928062439
2.5289320945739746
4.508605480194092
5.53134822845459
7.561659812927246
10.903974533081055
8.41904354095459
-0.6722448468208313
-5.975483417510986
-4.188159942626953
-1.0508829355239868
0.9622396230697632
1.8009639978408813
2.4019930362701416
4.7032904624938965
8.935588836669922
7.764944553375244
-0.6583747863769531
-6.574848651885986
-5.177961349487305
-1.750664234161377
0.26323118805885315
0.40875086188316345
0.4812754988670349
2.486081123352051
6.421821594238281
6.299300670623779
-0.05823972076177597
-5.006537914276123
-4.048096179962158
-1.2796114683151245
0.6438966989517212
0.8646795153617859
1.5013781785964966
1.9635289907455444
1.906860589981079
1.645918607711792
0.5078101754188538
-0.6715611219406128
-0.8673528432846069
-0.29755574464797974
0.30176782608032227
1.0083962678909302
2.8868231773376465
3.7791240215301514
4.681979179382324
5.7166008949279785
4.150426864624023
1.1983963251113892
-0.25652265548706055
-0.17548124492168427
0.44628578424453735
3.908379554748535
7.5493083000183105
6.294184684753418
4.364329814910889
4.446012020111084
3.165217161178589
0.325095534324646
-0.5657056570053101
-0.1296434849500656
1.3008713722229004
7.470534324645996
10.440591812133789
5.3075785636901855
0.8625022172927856
0.8100826740264893
-0.5279854536056519
-3.230727195739746
-2.597496747970581
-0.5862979888916016
1.90578031539917
7.4711384773254395
8.117060661315918
2.5791015625
1.1639721393585205
3.6191561222076416
0.9811549782752991
-3.844061851501465
-3.5905075073242188
-0.8254227638244629
2.1197052001953125
5.711541652679443
4.832946300506592
1.5103646516799927
3.766087293624878
8.19955825805664
5.077041149139404
-1.7778480052947998
-3.1452300548553467
-0.86631840467453
2.247080087661743
4.869143962860107
4.282629489898682
1.7548507452011108
3.2827682495117188
7.011312484741211
4.295271873474121
-2.2012596130371094
-3.392726421356201
-1.0356541872024536
1.4811981916427612
3.2914931774139404
3.2599895000457764
0.8438940644264221
0.4634521007537842
3.4433295726776123
1.848593831062317
-3.5147063732147217
-4.016143798828125
-1.322529673576355
0.5628142952919006
1.391540765762329
1.3827368021011353
-0.2990819811820984
0.2501855492591858
4.340803623199463
3.4175751209259033
-2.3202083110809326
-3.520104169845581
-1.0518094301223755
0.21717281639575958
0.3934518098831177
0.4269592761993408
-0.07603739202022552
1.7825908660888672
6.433189868927002
5.537165641784668
-0.41230183839797974
-2.247910737991333
-0.3432627320289612
-0.795032262802124
-2.0678207874298096
-2.487955093383789
-2.3033440113067627
-2.5679433345794678
-2.5660102367401123
-1.3223692178726196
-0.5604846477508545
-0.3886157274246216
-0.27300897240638733
-1.1917765140533447
-2.273386001586914
-2.023697853088379
-1.595117449760437
-2.733278751373291
-3.2320168018341064
-1.9615044593811035
-1.001836895942688
-0.7419178485870361
-0.28996923565864563
-1.2596222162246704
-2.727344274520874
-2.8252041339874268
-2.4071428775787354
-3.654557466506958
-4.175325870513916
-3.0448544025421143
-1.8628273010253906
-1.526999592781067
-0.6513414978981018
-1.5506293773651123
-3.6413118839263916
-4.392628192901611
-4.275066375732422
-5.402115345001221
-5.302496910095215
-3.060251235961914
-1.872849941253662
-1.9242078065872192
-1.0149534940719604
-1.2336589097976685
-3.182433843612671
-3.8308212757110596
-3.9263179302215576
-5.338951110839844
-5.422141075134277
-2.8006513118743896
-1.165695071220398
-1.4980772733688354
-1.0118403434753418
-0.9540939331054688
-2.1691839694976807
-2.1102757453918457
-2.15511417388916
-4.114726543426514
-5.400002956390381
-3.2459139823913574
-1.3235862255096436
-1.4183744192123413
-0.9102748036384583
-0.7057555317878723
-1.7571827173233032
-1.8735569715499878
-1.9700191020965576
-3.831427574157715
-5.454428195953369
-4.015301704406738
-2.0404675006866455
-1.9254837036132812
-1.0406304597854614
-0.5598641037940979
-1.3679473400115967
-1.9431838989257812
-1.996504545211792
-3.4634804725646973
-5.048018455505371
-3.8527002334594727
-1.8909589052200317
-1.9154688119888306
-1.1644353866577148
-0.14293590188026428
-0.4064631760120392
-0.8230267763137817
-1.1029057502746582
-2.436044931411743
-4.0142388343811035
-3.0077507495880127
-1.3772073984146118
-1.6118415594100952
-1.1855368614196777
-0.038278933614492416
-0.08820927888154984
-0.1143953949213028
-0.3900701701641083
-1.3807498216629028
-2.8081068992614746
-2.2181167602539062
-1.1064958572387695
-1.5877342224121094
-1.2958418130874634
0.48548203706741333
0.9036941528320312
1.6169661283493042
3.455573081970215
5.630161285400391
6.3057146072387695
5.425800323486328
3.409696578979492
1.4601526260375977
0.3987276554107666
0.053730446845293045
-0.18527184426784515
1.4029595851898193
5.3945417404174805
8.409107208251953
9.41036605834961
9.148215293884277
6.804052352905273
3.1267216205596924
0.6751699447631836
-0.988488495349884
-0.9687077403068542
2.718503475189209
6.354765892028809
6.042813777923584
5.762263298034668
7.842459678649902
7.626204967498779
3.9880223274230957
0.8272907733917236
-1.9506404399871826
-0.4765903949737549
4.491733074188232
5.908071517944336
1.8969056606292725
0.5999343395233154
4.040122985839844
5.575215816497803
3.3940885066986084
0.9014594554901123
-2.574662446975708
-1.100124478340149
3.448789119720459
5.148244857788086
3.1649303436279297
2.992938280105591
5.131711959838867
5.245307445526123
3.0455596446990967
0.916893720626831
-2.840420961380005
-2.7172961235046387
-0.11647910624742508
2.681169271469116
4.61185884475708
6.906266212463379
8.29551887512207
6.785825252532959
3.3921055793762207
0.871071457862854
-2.020258665084839
-3.243016004562378
-3.1199848651885986
-1.926373839378357
0.21293312311172485
3.600231170654297
6.8510613441467285
6.878666877746582
3.6809892654418945
0.9357419013977051
-0.8734076619148254
-1.9238959550857544
-2.9921207427978516
-4.247330188751221
-5.057781219482422
-2.166278123855591
3.4623568058013916
5.9152350425720215
3.8116257190704346
1.1763927936553955
-0.14642053842544556
-0.5461995005607605
-1.1502591371536255
-3.0018720626831055
-4.992598533630371
-2.900071382522583
2.9393579959869385
6.168213844299316
4.623653411865234
1.7718349695205688
-0.03540276363492012
-0.06936119496822357
-0.12907059490680695
-1.3147830963134766
-3.3589324951171875
-2.167479991912842
2.6689817905426025
5.874257564544678
4.915894031524658
1.9962971210479736
0.709260880947113
1.5739455223083496
2.1914284229278564
3.3120203018188477
4.743109703063965
4.70334005355835
3.880392074584961
3.1146087646484375
1.6973941326141357
0.46372899413108826
1.3604671955108643
2.7258400917053223
3.275064706802368
4.715741157531738
5.799498558044434
4.689168930053711
3.5262045860290527
3.4625675678253174
2.335249662399292
0.700304388999939
2.375849485397339
4.240302562713623
4.454013347625732
5.313370227813721
5.626565933227539
3.496669054031372
2.213430881500244
3.0479352474212646
2.439039707183838
0.6968671679496765
3.1769795417785645
4.702241897583008
3.5431649684906006
4.33085298538208
6.028473854064941
4.376486778259277
2.559122085571289
3.5062549114227295
3.2436046600341797
1.102466344833374
3.41943621635437
3.571230173110962
1.3417093753814697
2.968404531478882
7.096123695373535
6.199827194213867
3.202867269515991
3.8322885036468506
4.022037982940674
1.61381196975708
2.998035192489624
2.591301202774048
0.36054477095603943
2.372952699661255
6.791973114013672
5.632859230041504
2.0912883281707764
2.9526820182800293
3.7709102630615234
1.5701115131378174
2.2737953662872314
2.2355830669403076
0.504458487033844
1.667328119277954
4.973412036895752
4.136887550354004
1.0907618999481201
2.489433526992798
3.770705461502075
1.6078290939331055
1.1390862464904785
1.2455756664276123
0.18249230086803436
0.5538181066513062
3.1207170486450195
3.0913994312286377
1.1906251907348633
3.0311992168426514
4.497851848602295
2.0548300743103027
0.37587466835975647
0.49306392669677734
-0.1342887580394745
0.3723893463611603
2.9917585849761963
3.167160749435425
1.0021378993988037
2.6179604530334473
4.647106170654297
2.4075987339019775
0.09443484246730804
0.1274951696395874
0.0038520358502864838
0.9929867386817932
3.385525703430176
2.7244272232055664
-0.2224627584218979
1.0454578399658203
3.5310471057891846
1.9990031719207764
-0.2348986119031906
-0.6180171370506287
-0.10427026450634003
0.9588690996170044
3.2183592319488525
4.858048439025879
4.84855318069458
3.7586004734039307
2.1285400390625
0.7140348553657532
-0.979674756526947
-1.7149951457977295
-0.7844011187553406
1.5541075468063354
5.28153133392334
7.656903266906738
8.43782901763916
7.585774898529053
4.981147289276123
1.6733348369598389
-2.217801094055176
-3.3407678604125977
-1.5320428609848022
2.137998580932617
5.446184158325195
6.449825286865234
7.9902520179748535
8.762578010559082
6.640261173248291
2.3420231342315674
-3.4864566326141357
-4.188237190246582
-0.01849832944571972
5.004446983337402
5.961776256561279
4.169690132141113
5.785477161407471
7.70168399810791
6.4435343742370605
2.3663744926452637
-4.028053283691406
-3.9600789546966553
1.749868631362915
6.991476058959961
6.757678508758545
5.471344470977783
7.890422344207764
8.963534355163574
6.594944477081299
2.1686034202575684
-3.681519031524658
-4.131651878356934
0.3557450473308563
4.211938858032227
4.741910934448242
6.024068832397461
9.883649826049805
10.729559898376465
7.651181697845459
2.492115020751953
-2.662753105163574
-3.743802070617676
-1.7054601907730103
0.25908127427101135
0.33828240633010864
3.1341707706451416
8.439891815185547
10.518370628356934
8.111700057983398
2.7311618328094482
-1.1224422454833984
-2.033496618270874
-1.3530312776565552
-0.8744392991065979
-2.0114805698394775
-0.12108860164880753
5.485437393188477
9.015096664428711
7.863188743591309
2.844484329223633
-0.19070816040039062
-0.4321882128715515
-0.008357111364603043
-0.43817126750946045
-2.941103458404541
-2.0798630714416504
4.079778671264648
8.95407485961914
8.536231994628906
3.6900475025177
0.0295417457818985
0.0023472625762224197
0.10612110793590546
-0.9832810759544373
-3.8893074989318848
-3.283135414123535
3.2159481048583984
8.638354301452637
8.695178031921387
4.313462734222412
0.6201339364051819
0.7335110306739807
0.7293769121170044
0.23202091455459595
0.0325503870844841
-0.4121229648590088
-0.5821922421455383
-0.19413883984088898
0.4546135365962982
0.314723402261734
1.6945109367370605
3.1877148151397705
4.02705717086792
5.1753926277160645
6.316875457763672
4.647375583648682
1.9815373420715332
1.054538369178772
1.4768203496932983
0.9195619821548462
3.7936501502990723
5.540119647979736
4.562135696411133
4.848058700561523
6.417454719543457
4.868447780609131
1.4526442289352417
0.8404784798622131
1.8192905187606812
1.3821560144424438
5.31632661819458
5.72862434387207
1.6614609956741333
0.26208725571632385
2.2396156787872314
2.0907297134399414
-0.7465416193008423
-0.5398007035255432
1.3741811513900757
1.6058378219604492
5.415446758270264
5.728082180023193
2.323936939239502
1.7123616933822632
4.001716136932373
3.3565239906311035
-0.26840856671333313
-0.5367742776870728
1.5163888931274414
1.8707870244979858
4.120634078979492
5.6780500411987305
4.933292388916016
5.909251689910889
8.131778717041016
6.595919609069824
1.7916069030761719
0.10635122656822205
1.6379820108413696
1.8972147703170776
2.1766653060913086
3.4471323490142822
3.5498414039611816
4.7994208335876465
6.731451988220215
4.951517105102539
0.34809982776641846
-0.6748208403587341
1.3693801164627075
1.9107475280761719
0.524832010269165
0.7502517700195312
0.27491602301597595
1.1428048610687256
3.646148204803467
2.750173568725586
-0.8384981751441956
-1.2708544731140137
1.0939172506332397
2.0523948669433594
0.016769438982009888
-0.2297930121421814
-0.6923863291740417
0.8399102091789246
4.197784900665283
3.8916664123535156
-0.040875840932130814
-1.0540900230407715
1.1226000785827637
2.417922258377075
0.08874708414077759
0.06571826338768005
-0.04248660057783127
1.5818308591842651
5.1201701164245605
5.48060941696167
1.9136962890625
0.20172445476055145
1.7394304275512695
2.566531181335449
0.1945819854736328
-1.4784246683120728
-4.7545576095581055
-7.575905799865723
-8.611053466796875
-7.967253684997559
-5.70267391204834
-2.7137515544891357
-0.4549659788608551
0.41424813866615295
0.5701655149459839
-1.5086230039596558
-4.474072456359863
-4.663349628448486
-4.227900505065918
-5.248852252960205
-5.400045394897461
-2.9051833152770996
-0.41744711995124817
0.5128527283668518
1.8810535669326782
0.29550227522850037
-0.4587766230106354
3.639526844024658
6.219179153442383
2.8171634674072266
-0.9610879421234131
-0.7527413368225098
0.5416935086250305
0.7872479557991028
3.752840042114258
2.0269834995269775
0.4534205198287964
3.7735671997070312
5.954124450683594
2.715395450592041
-0.6205137372016907
-0.1812157928943634
0.865210235118866
1.0054973363876343
5.2291436195373535
3.500930070877075
-0.14664244651794434
-0.7523608803749084
-0.6395354270935059
-2.997789144515991
-3.8213753700256348
-1.743886947631836
0.09390728175640106
0.8021959066390991
5.658746719360352
6.5236101150512695
4.8974504470825195
3.731069564819336
2.4362645149230957
-1.0092718601226807
-2.6494174003601074
-1.206920862197876
0.20903664827346802
0.7847466468811035
4.44081449508667
7.243496894836426
9.053190231323242
10.587020874023438
10.173335075378418
4.776571750640869
0.1785258650779724
-0.09881076961755753
0.519854724407196
0.8404762148857117
2.1385085582733154
4.183948516845703
6.213054656982422
8.83966064453125
9.469412803649902
3.7676897048950195
-1.3418859243392944
-1.5342297554016113
-0.3154051601886749
0.6017838716506958
0.6998828649520874
1.1164522171020508
1.680901050567627
3.9973087310791016
5.837246417999268
1.7229055166244507
-2.7641098499298096
-2.6372172832489014
-0.9234344959259033
0.46124693751335144
0.2907355725765228
0.3491857945919037
0.39047276973724365
2.7064507007598877
5.658960819244385
3.6255972385406494
0.2907981872558594
-0.16697266697883606
0.4516286551952362
0.8320930004119873
0.2329195737838745
-0.5809836387634277
-1.4880056381225586
-1.076935887336731
-0.7867254614830017
-1.2120872735977173
-0.7519474029541016
0.7530524730682373
1.277808666229248
0.9158613681793213
0.018460210412740707
-0.6721395254135132
-0.3420533537864685
1.6738743782043457
2.122504234313965
-0.0811704769730568
-1.8734045028686523
-0.9769902229309082
0.05219419673085213
0.5544285774230957
0.2923130393028259
0.6115100979804993
2.0424678325653076
5.128991603851318
6.446164608001709
4.6723175048828125
1.6381033658981323
0.04636255279183388
-0.5120680332183838
-0.16527347266674042
0.6824823021888733
2.501213312149048
4.193549156188965
5.527898788452148
6.5344929695129395
7.321593761444092
6.118825912475586
3.3572635650634766
0.7194610238075256
-0.057207897305488586
1.164332389831543
4.537814140319824
6.172308444976807
4.2158403396606445
2.831357002258301
4.299392223358154
5.250890731811523
3.9318652153015137
1.3897706270217896
0.29407835006713867
1.1576464176177979
5.486608982086182
7.875828742980957
5.84426736831665
3.274921417236328
2.9367260932922363
2.8396198749542236
2.027890920639038
0.5562542080879211
0.1668538749217987
0.7974321842193604
4.471683025360107
8.030374526977539
8.420148849487305
7.311898231506348
6.070637226104736
4.023551940917969
2.1542344093322754
0.3527339696884155
0.033082183450460434
0.2574198246002197
2.3687307834625244
5.161481857299805
6.91360330581665
8.046616554260254
8.257291793823242
6.02994441986084
3.212519407272339
0.7793686389923096
0.15499810874462128
0.09000883996486664
0.7620227336883545
2.0779128074645996
2.9180378913879395
4.572850704193115
6.641970634460449
5.937594890594482
3.177689790725708
0.5357822775840759
-0.1240352988243103
0.0835830420255661
0.2061748206615448
0.4415801763534546
0.2829962968826294
1.8687522411346436
5.699525356292725
6.743854999542236
3.7829031944274902
0.15053518116474152
-0.9420929551124573
1.7343577146530151
2.1356613636016846
2.5416758060455322
4.9957780838012695
6.800573825836182
5.847616195678711
4.620905876159668
4.488722801208496
3.2455103397369385
1.3030331134796143
2.1341745853424072
1.4937448501586914
1.494584083557129
3.3818740844726562
3.677213430404663
1.3848962783813477
0.9081907868385315
2.7415788173675537
2.800662040710449
1.2788740396499634
1.4940924644470215
-0.37128946185112
-1.972010612487793
-1.7575814723968506
-0.8892427682876587
-1.7936760187149048
-1.1813695430755615
1.5411441326141357
2.5262625217437744
1.1697337627410889
0.7101516127586365
-0.43315550684928894
-1.627719521522522
-0.28529390692710876
3.1902482509613037
3.3633649349212646
2.7020514011383057
4.059446334838867
4.311590671539307
1.850441336631775
0.16939562559127808
-0.18667572736740112
-0.5495267510414124
2.3801209926605225
7.057929992675781
6.302152633666992
4.387147426605225
5.473379611968994
5.632643222808838
2.4272851943969727
-0.6332777142524719
-1.5634723901748657
-2.707887649536133
-0.7023977041244507
2.396022081375122
0.6933656334877014
-0.3794735074043274
2.8967630863189697
4.968113899230957
2.4254727363586426
-0.7460892200469971
-2.1006436347961426
-3.9242279529571533
-3.4101204872131348
-1.743391513824463
-2.758466958999634
-2.332448959350586
1.9807637929916382
4.879086017608643
2.661576509475708
0.06471484154462814
-0.2606055438518524
-0.9019151926040649
-0.03221803158521652
1.6053954362869263
1.0219218730926514
0.6805718541145325
3.4918086528778076
5.948443412780762
3.397125720977783
0.3600771129131317
0.6316637396812439
0.9892651438713074
1.9640425443649292
3.152819871902466
2.1593000888824463
0.779159426689148
3.0201761722564697
5.610238552093506
3.2161319255828857
0.14979714155197144
0.2130262553691864
0.3148384988307953
0.45294296741485596
0.5714240074157715
-0.6384438872337341
-2.0335752964019775
-0.019373945891857147
2.8345823287963867
1.7326290607452393
-0.1933308094739914
-0.0640043169260025
0.668709933757782
0.7424317598342896
-0.7868031859397888
-2.637722969055176
-3.1403133869171143
-2.4691717624664307
-1.460086703300476
-0.5216663479804993
1.378045678138733
4.29142951965332
7.407894134521484
8.822870254516602
8.371232986450195
5.997386455535889
2.2286159992218018
-0.5788854956626892
-1.1423335075378418
-0.6181007027626038
3.519782543182373
6.8270721435546875
7.5406012535095215
7.502732276916504
9.370619773864746
9.759364128112793
6.449491500854492
2.435356855392456
0.43783873319625854
-0.064702108502388
4.2233476638793945
5.2968597412109375
1.5512058734893799
-1.8494060039520264
-0.0187901109457016
2.665564775466919
2.1738786697387695
0.9318027496337891
0.530665934085846
0.26581519842147827
3.81654691696167
5.5969648361206055
3.7494702339172363
0.7392324805259705
0.06732764095067978
-0.16541554033756256
-1.4412510395050049
-1.6221520900726318
-0.5887764096260071
-0.03399010747671127
2.1029396057128906
5.925696849822998
9.282938003540039
10.452735900878906
9.902243614196777
7.154139041900635
2.9266490936279297
-0.09839850664138794
-0.5449530482292175
-0.2192981094121933
-0.7255525588989258
1.060278058052063
4.316676616668701
7.147171974182129
9.254809379577637
8.82152271270752
5.185504913330078
1.391473412513733
0.16012662649154663
-0.08183803409337997
-2.07025408744812
-3.2496087551116943
-3.455995559692383
-2.2461955547332764
1.1623902320861816
3.8090553283691406
2.6763575077056885
0.2846449017524719
-0.22025005519390106
-0.24973662197589874
-0.893496572971344
-2.3254764080047607
-3.4725341796875
-3.1378843784332275
-0.06793438643217087
3.10213565826416
2.5425009727478027
0.17353487014770508
-0.4229227304458618
-0.2721526622772217
-0.04129389673471451
-0.26796209812164307
-0.5208666324615479
0.1039922758936882
2.7772228717803955
6.1246256828308105
5.937708854675293
2.971938133239746
1.3415186405181885
0.6301818490028381
