0.0
0.8140918612480164
1.729112148284912
1.6547199487686157
0.0
4.527348518371582
0.0
0.0
0.0
5.713723659515381
2.8271830081939697
3.3366618156433105
0.0
0.0
1.393135666847229
0.0
2.0754239559173584
4.038909435272217
7.624154090881348
0.0
0.0
2.875251054763794
0.0
4.778674125671387
0.7870519757270813
4.5293192863464355
1.2937095165252686
0.0
3.191549301147461
5.167548179626465
3.562784433364868
3.8107993602752686
2.0234413146972656
0.11612550914287567
5.859874248504639
3.1623754501342773
2.298112392425537
0.0
6.768819332122803
0.0
4.4347758293151855
0.0
4.681285381317139
2.649930953979492
0.1031416580080986
4.968214988708496
0.0
0.0
0.0
0.0
0.9285616874694824
4.941634178161621
0.0
7.82760763168335
4.632222652435303
0.0
3.862255573272705
7.644813060760498
1.4101650714874268
3.6496975421905518
0.0
2.4063475131988525
0.0
2.3090057373046875
3.52117919921875
0.0
0.34236499667167664
0.0
4.274352550506592
5.563755035400391
3.2541942596435547
5.851688385009766
2.094644069671631
3.5123441219329834
0.0
0.0
4.092260360717773
7.910276889801025
6.056891441345215
0.5275782942771912
0.0
0.0
0.8586862683296204
0.41569826006889343
