9.993741035461426
0.5848120450973511
-1.6384618282318115
-3.669482946395874
7.507166385650635
-3.6366660594940186
7.5877838134765625
-3.3723230361938477
-5.435972690582275
-0.6370342373847961
1.1481081247329712
-2.3314831256866455
2.9288060665130615
-11.094084739685059
-0.9294480681419373
2.025446891784668
-1.9359475374221802
-13.329070091247559
0.036090198904275894
-5.820620536804199
-1.6239477396011353
-1.3785805702209473
2.0646891593933105
2.608137607574463
7.379893779754639
4.732751369476318
3.2899014949798584
-3.5679373741149902
-4.1776041984558105
2.5370051860809326
9.101993560791016
-3.9740781784057617
1.5985798835754395
5.429238319396973
-5.488738536834717
0.6004140377044678
3.5613529682159424
10.146512031555176
0.5938897132873535
9.99091911315918
2.7002596855163574
-1.176742434501648
9.615265846252441
-6.303051948547363
6.247277736663818
1.7694346904754639
8.302936553955078
0.20713107287883759
6.458226680755615
6.554823398590088
-5.668442726135254
2.4959912300109863
1.704642415046692
-3.2760226726531982
-0.4355623424053192
3.0363504886627197
-0.9707195162773132
3.238865852355957
-5.8669514656066895
-1.2174265384674072
-1.4081149101257324
2.2759974002838135
9.834869384765625
2.8099892139434814
7.027050495147705
-0.6343286037445068
2.2207651138305664
-5.335169315338135
0.12446010112762451
-2.3097007274627686
-1.0319371223449707
-2.2126543521881104
2.440321922302246
-5.417048454284668
1.471497654914856
1.4569814205169678
-7.677421569824219
9.746806144714355
-2.723971128463745
8.834794044494629
11.826924324035645
5.069422721862793
5.919013023376465
6.641378879547119
3.256808042526245
7.150033950805664
-2.9467103481292725
1.2342981100082397
-7.3398237228393555
6.752748012542725
14.516948699951172
-0.7431098818778992
-2.290546417236328
-8.363842964172363
2.6317107677459717
5.487449645996094
-1.5506818294525146
-0.6832590103149414
2.8025174140930176
-0.7603519558906555
9.558981895446777
-2.2820730209350586
11.122455596923828
-7.513797283172607
-1.0026962757110596
3.6726179122924805
3.7506659030914307
-0.8435907959938049
6.3257060050964355
-6.899679660797119
-0.5339091420173645
5.709652900695801
2.30045747756958
10.742263793945312
-0.9667642116546631
-2.5892839431762695
-1.6618679761886597
-5.670501708984375
-5.0671586990356445
0.2017400860786438
