0.0445622019469738
0.0445622019469738
0.0445622019469738
0.04286065697669983
0.056218963116407394
0.0462871752679348
0.016348963603377342
0.017567705363035202
0.01870935596525669
0.017482906579971313
0.017994984984397888
0.03651532903313637
0.04059669002890587
0.0445622019469738
0.0445622019469738
0.0445622019469738
0.0445622019469738
0.05965423211455345
0.043898433446884155
0.0
0.0
0.0
0.0
0.0
0.0
0.022224729880690575
0.04294483736157417
0.0445622019469738
0.0445622019469738
0.0445622019469738
0.0445622019469738
0.07552041113376617
0.01671924814581871
0.09424954652786255
0.3792591094970703
0.48216480016708374
0.5118795037269592
0.32911890745162964
0.07839279621839523
0.0
0.04433741420507431
0.0445622019469738
0.0445622019469738
0.0445622019469738
0.0445622019469738
0.14750060439109802
0.37676340341567993
0.8629713654518127
1.0540271997451782
1.2421520948410034
1.2087557315826416
0.962247371673584
0.33037057518959045
0.02854827046394348
0.05060731619596481
0.0445622019469738
0.0445622019469738
0.0445622019469738
0.0445622019469738
0.13233020901679993
0.39052218198776245
0.8315294981002808
0.6659199595451355
0.45556512475013733
0.37387630343437195
0.6394234299659729
0.6242191195487976
0.33033084869384766
0.04320959001779556
0.0445622019469738
0.0445622019469738
0.0445622019469738
0.0445622019469738
0.1169208437204361
0.37121522426605225
0.4868679642677307
0.15373072028160095
0.04074656963348389
0.029032357037067413
0.25128549337387085
0.5536364316940308
0.21950174868106842
0.043471746146678925
0.0445622019469738
0.0445622019469738
0.0445622019469738
0.0445622019469738
0.05114986002445221
0.0637693852186203
0.08620672672986984
0.036091048270463943
0.0
0.1722768396139145
0.6793746948242188
0.6095247268676758
0.19414150714874268
0.04922857880592346
0.0445622019469738
0.04057957977056503
0.0395590215921402
0.04324023053050041
0.061076778918504715
0.06549707800149918
0.025996237993240356
0.0
0.18764615058898926
0.7896636724472046
1.0007212162017822
0.6278387308120728
0.1353071928024292
0.05093187838792801
0.0445622019469738
0.0409122034907341
0.035691067576408386
0.06993894279003143
0.02991364523768425
0.0
0.0
0.20397543907165527
0.7275066375732422
0.6883469820022583
0.3575362265110016
0.033954329788684845
0.0
0.031274884939193726
0.0445622019469738
0.056119248270988464
0.05945836752653122
0.03597835451364517
0.0
0.030098717659711838
0.35177627205848694
0.6825135946273804
0.5271416902542114
0.09117859601974487
0.0
0.0
0.0
0.020211299881339073
0.0445622019469738
0.05331145226955414
0.07355083525180817
0.09875588864088058
0.2913682460784912
0.6175873875617981
0.824365496635437
0.8701000213623047
0.9609947204589844
1.0354804992675781
1.0385215282440186
0.857560396194458
0.5223076939582825
0.09598395228385925
0.0445622019469738
0.062293924391269684
0.14821533858776093
0.48392683267593384
1.07145357131958
1.203420877456665
1.1846950054168701
1.2286750078201294
1.2227505445480347
1.2300986051559448
1.2402008771896362
1.1615548133850098
0.7803536057472229
0.19353440403938293
0.0445622019469738
0.05349152907729149
0.09500683844089508
0.3052702248096466
0.5709767937660217
0.6416687965393066
0.611545205116272
0.40930765867233276
0.13241076469421387
0.06182660162448883
0.056038446724414825
0.06699735671281815
0.06737500429153442
0.049898553639650345
0.0445622019469738
0.0445622019469738
0.0445622019469738
0.0445622019469738
0.0445622019469738
0.0445622019469738
0.0445622019469738
0.0445622019469738
0.0445622019469738
0.0445622019469738
0.0445622019469738
0.0445622019469738
0.0445622019469738
0.0445622019469738
0.0445622019469738
0.04158547520637512
0.04158547520637512
0.04158547520637512
0.10066428780555725
0.19544562697410583
0.36429527401924133
0.4608405530452728
0.45190227031707764
0.448276162147522
0.306540310382843
0.12079745531082153
0.07015861570835114
0.04897754639387131
0.04158547520637512
0.04158547520637512
0.04158547520637512
0.04158547520637512
0.30904996395111084
1.3348917961120605
2.737304449081421
3.4040775299072266
3.4748058319091797
3.4702253341674805
2.6482372283935547
0.955042839050293
0.10749305039644241
0.048297613859176636
0.04158547520637512
0.04158547520637512
0.04158547520637512
0.04158547520637512
0.7408841848373413
3.4946553707122803
5.423684120178223
5.510348796844482
5.05053186416626
5.404236793518066
5.08771276473999
2.2144007682800293
0.35010015964508057
0.049213655292987823
0.04158547520637512
0.04158547520637512
0.04158547520637512
0.04158547520637512
0.8994896411895752
3.841414451599121
4.044567584991455
2.7443108558654785
1.985450267791748
3.719142436981201
5.567467212677002
3.305939197540283
0.602040708065033
0.04887501895427704
0.04158547520637512
0.04158547520637512
0.04158547520637512
0.04158547520637512
0.720666229724884
2.3452770709991455
1.3740817308425903
0.346401184797287
0.5116605758666992
3.1790690422058105
5.4511895179748535
2.8891608715057373
0.2810528874397278
0.04949300363659859
0.04158547520637512
0.04158547520637512
0.04158547520637512
0.04158547520637512
0.2878653109073639
0.6231456995010376
0.25941556692123413
0.3686748445034027
2.0767457485198975
4.866024017333984
5.386990547180176
2.094949722290039
0.17771412432193756
0.05422363430261612
0.04158547520637512
0.04158547520637512
0.04158547520637512
0.04158547520637512
0.08846786618232727
0.12820760905742645
0.43434640765190125
2.075998067855835
4.754035472869873
5.928772926330566
4.169369220733643
1.1917974948883057
0.07422350347042084
0.04984874278306961
0.04158547520637512
0.06656748801469803
0.05533865466713905
0.051506102085113525
0.13338904082775116
0.4928704798221588
2.096916675567627
4.777612686157227
5.632884979248047
4.0779619216918945
1.576343297958374
0.1915859580039978
0.06253445893526077
0.03946918994188309
0.04158547520637512
0.1143241822719574
0.09617764502763748
0.25931477546691895
1.0538413524627686
2.8015410900115967
4.983814239501953
6.190054416656494
4.932004928588867
2.715754747390747
1.6184802055358887
1.1093213558197021
0.3498973846435547
0.03490285575389862
0.04158547520637512
0.1410669982433319
0.34450989961624146
1.7940716743469238
3.999016046524048
5.637243270874023
6.19636869430542
6.257213592529297
5.684446334838867
5.029195308685303
5.094895839691162
3.994389533996582
1.449030876159668
0.12858250737190247
0.04158547520637512
0.15134552121162415
0.7385910749435425
3.60135555267334
5.684209823608398
5.9341301918029785
5.794463634490967
5.1865692138671875
4.796854019165039
4.777077674865723
4.784584999084473
4.061797142028809
1.4191935062408447
0.10240943729877472
0.04158547520637512
0.10963998734951019
0.5372331142425537
2.1960017681121826
2.950028896331787
2.8938522338867188
2.6714227199554443
1.7482062578201294
1.27945077419281
1.2544350624084473
1.272674560546875
1.1214838027954102
0.31425267457962036
0.018422435969114304
0.04158547520637512
0.05780993774533272
0.0980091243982315
0.2878480851650238
0.3768959045410156
0.33935534954071045
0.31056952476501465
0.10635678470134735
0.038305219262838364
0.05339154973626137
0.06033942848443985
0.06880880892276764
0.05354981869459152
0.03961283713579178
0.04158547520637512
0.04158547520637512
0.04158547520637512
0.04158547520637512
0.04158547520637512
0.04158547520637512
0.04158547520637512
0.04158547520637512
0.04158547520637512
0.04158547520637512
0.04158547520637512
0.04158547520637512
0.04158547520637512
0.04158547520637512
0.04158547520637512
0.034071311354637146
0.034071311354637146
0.034071311354637146
0.06111099570989609
0.11235181242227554
0.16557317972183228
0.426845908164978
0.5377911329269409
0.5331739783287048
0.5565629005432129
0.4113895893096924
0.09761297702789307
0.05740609019994736
0.034071311354637146
0.034071311354637146
0.034071311354637146
0.034071311354637146
0.03747696429491043
0.5838879942893982
2.3989217281341553
3.7085814476013184
3.996880531311035
3.98940110206604
3.7244696617126465
2.366549015045166
0.42792829871177673
0.07616932690143585
0.034071311354637146
0.034071311354637146
0.034071311354637146
0.034071311354637146
0.29497000575065613
2.3002634048461914
6.008309841156006
7.2194366455078125
6.891273498535156
6.386707782745361
6.561083793640137
4.813478946685791
1.539639949798584
0.0763046070933342
0.034071311354637146
0.034071311354637146
0.034071311354637146
0.034071311354637146
0.3930257558822632
3.1265056133270264
6.105119705200195
4.669593811035156
3.6113014221191406
3.8464488983154297
6.280010223388672
6.354943752288818
2.473940849304199
0.07618081569671631
0.034071311354637146
0.034071311354637146
0.034071311354637146
0.034071311354637146
0.43877291679382324
2.2444353103637695
2.893965005874634
1.1082969903945923
0.41867536306381226
2.125854253768921
6.115360260009766
6.1501054763793945
1.9651833772659302
0.08309993892908096
0.034071311354637146
0.034071311354637146
0.034071311354637146
0.034071311354637146
0.18824820220470428
0.7742540240287781
0.7691165804862976
0.1482997089624405
1.0888910293579102
4.436466693878174
7.098130226135254
5.253656387329102
1.1351393461227417
0.09884529560804367
0.034071311354637146
0.034071311354637146
0.034071311354637146
0.034071311354637146
0.06501871347427368
0.1243886724114418
0.11840266734361649
1.102102279663086
4.346254825592041
7.298830986022949
7.154423713684082
3.452719211578369
0.5788122415542603
0.09530170261859894
0.034071311354637146
0.0559704527258873
0.06972562521696091
0.042733822017908096
0.04647798836231232
0.09920918941497803
1.2770249843597412
4.348840713500977
7.221816062927246
6.868808269500732
3.8415777683258057
1.1458321809768677
0.18610283732414246
0.0696893110871315
0.034071311354637146
0.09913688898086548
0.11901280283927917
0.07747866213321686
0.38367560505867004
2.1842117309570312
4.9976983070373535
7.234116554260254
7.353447914123535
5.108809471130371
2.619614601135254
1.8926539421081543
1.1441586017608643
0.1665499061346054
0.034071311354637146
0.12575560808181763
0.13790090382099152
0.8368738293647766
3.551562786102295
6.113279342651367
7.722565650939941
8.169279098510742
7.733743190765381
6.66502046585083
6.08816385269165
5.53506326675415
3.5403285026550293
0.6309396624565125
0.034071311354637146
0.1323956549167633
0.4281397759914398
2.5885567665100098
6.244499206542969
7.657919883728027
7.8407769203186035
7.514987468719482
6.671662330627441
6.504409313201904
6.5056257247924805
6.036110877990723
3.6147756576538086
0.6855102181434631
0.034071311354637146
0.10690490901470184
0.4302336573600769
2.0828986167907715
3.9917969703674316
4.383861064910889
4.2150468826293945
3.463726043701172
2.505124092102051
2.265596389770508
2.2750699520111084
2.1883411407470703
1.2889512777328491
0.22323733568191528
0.034071311354637146
0.05241444334387779
0.08248552680015564
0.3418163061141968
0.6189644932746887
0.6577908992767334
0.6513925194740295
0.3954538106918335
0.10104621201753616
0.05716291815042496
0.05932936072349548
0.08164722472429276
0.06921826303005219
0.04204240441322327
0.034071311354637146
0.034071311354637146
0.034071311354637146
0.034071311354637146
0.034071311354637146
0.034071311354637146
0.034071311354637146
0.034071311354637146
0.034071311354637146
0.034071311354637146
0.034071311354637146
0.034071311354637146
0.034071311354637146
0.034071311354637146
0.034071311354637146
0.03415152058005333
0.03415152058005333
0.03415152058005333
0.043243102729320526
0.08384488523006439
0.1355193853378296
0.07211001217365265
0.04895671084523201
0.05037534236907959
0.020336557179689407
0.00921021867543459
0.030100690200924873
0.031008541584014893
0.03415152058005333
0.03415152058005333
0.03415152058005333
0.03415152058005333
0.1543719619512558
0.38259804248809814
0.18987199664115906
0.04801982268691063
0.025144359096884727
0.031141888350248337
0.0
0.0
0.013162757270038128
0.03361565247178078
0.03415152058005333
0.03415152058005333
0.03415152058005333
0.03415152058005333
0.27950558066368103
0.2903898358345032
0.0
0.01042972132563591
0.026171956211328506
0.2233305722475052
0.1329827904701233
0.0
0.0
0.03124295175075531
0.03415152058005333
0.03415152058005333
0.03415152058005333
0.03415152058005333
0.27014556527137756
0.029587220400571823
0.0
0.004208068363368511
0.059717804193496704
0.24949215352535248
0.10604320466518402
0.0
0.040556445717811584
0.03326665982604027
0.03415152058005333
0.03415152058005333
0.03415152058005333
0.03415152058005333
0.16192302107810974
0.0
0.10126572102308273
0.04999348521232605
0.17917969822883606
0.2779930830001831
0.0
0.0
0.12614887952804565
0.030537854880094528
0.03415152058005333
0.03415152058005333
0.03415152058005333
0.03415152058005333
0.026573985815048218
0.0
0.07939676940441132
0.18524840474128723
0.49677300453186035
0.04172355309128761
0.0
0.02945777401328087
0.02165006846189499
0.03197108954191208
0.03415152058005333
0.03415152058005333
0.03415152058005333
0.03415152058005333
0.03155156224966049
0.038927119225263596
0.1857750415802002
0.49621543288230896
0.04756205528974533
0.0
0.0
0.15917851030826569
0.07784684002399445
0.03464127331972122
0.03415152058005333
0.035020433366298676
0.02941647171974182
0.03541653975844383
0.0790264755487442
0.21104022860527039
0.4318264424800873
0.04847459867596626
0.0
0.0
0.05588141083717346
0.13763456046581268
0.030439570546150208
0.03536074236035347
0.03415152058005333
0.033038683235645294
0.03548873960971832
0.1145780086517334
0.370461106300354
0.278809130191803
0.04218458756804466
0.0
0.0
0.03445444256067276
0.14798200130462646
0.0
0.0
0.024946607649326324
0.03415152058005333
0.03266855329275131
0.1476944386959076
0.45952069759368896
0.17038127779960632
0.0
0.0
0.0
0.08295303583145142
0.18010441958904266
0.09140413999557495
0.052433162927627563
0.0
0.01570616476237774
0.03415152058005333
0.029350049793720245
0.23660758137702942
0.18785324692726135
0.012933175079524517
0.0
0.0
0.0
0.0
0.0
0.0
0.0
0.13370263576507568
0.06608817726373672
0.03415152058005333
0.03582984581589699
0.06410609185695648
0.0
0.0
0.0
0.004813534207642078
0.03938659280538559
0.0
0.0
5.747843533754349e-05
0.00925618875771761
0.17070113122463226
0.06527964770793915
0.03415152058005333
0.033179283142089844
0.02453518658876419
0.014779418706893921
0.01446892786771059
0.015541845932602882
0.013447628356516361
0.02555770054459572
0.026707181707024574
0.03347170352935791
0.030263228341937065
0.027411963790655136
0.036141347140073776
0.03606913238763809
0.03415152058005333
0.03415152058005333
0.03415152058005333
0.03415152058005333
0.03415152058005333
0.03415152058005333
0.03415152058005333
0.03415152058005333
0.03415152058005333
0.03415152058005333
0.03415152058005333
0.03415152058005333
0.03415152058005333
0.03415152058005333
0.03415152058005333
0.11350224912166595
0.11350224912166595
0.11350224912166595
0.14454931020736694
0.14373688399791718
0.16784033179283142
0.12306470423936844
0.07224760204553604
0.07532309740781784
0.0937994047999382
0.06426632404327393
0.12184002995491028
0.11383814364671707
0.11350224912166595
0.11350224912166595
0.11350224912166595
0.11350224912166595
0.12759317457675934
0.48057466745376587
0.9255425930023193
1.2398080825805664
1.2352503538131714
1.2213464975357056
0.9639672040939331
0.2766321003437042
0.06663869321346283
0.11510072648525238
0.11350224912166595
0.11350224912166595
0.11350224912166595
0.11350224912166595
0.4568803906440735
2.0830166339874268
3.7240562438964844
4.095540523529053
3.9979705810546875
4.051746368408203
3.2485172748565674
1.2081905603408813
0.0349438339471817
0.11818742752075195
0.11350224912166595
0.11350224912166595
0.11350224912166595
0.11350224912166595
0.7545440196990967
3.429534912109375
4.365278244018555
3.6128456592559814
3.18703293800354
3.9377694129943848
4.727029323577881
2.298525810241699
0.39636754989624023
0.12236601859331131
0.11350224912166595
0.11350224912166595
0.11350224912166595
0.11350224912166595
0.7987643480300903
2.6257987022399902
1.9882817268371582
0.9896987080574036
0.5868568420410156
2.630361557006836
4.52992582321167
2.602057933807373
0.48467588424682617
0.11498451232910156
0.11350224912166595
0.11350224912166595
0.11350224912166595
0.11350224912166595
0.4877672791481018
1.0921591520309448
0.6294317245483398
0.1799195408821106
0.8745294213294983
3.1653683185577393
4.134337902069092
1.910724401473999
0.25490447878837585
0.12013674527406693
0.11350224912166595
0.11350224912166595
0.11350224912166595
0.11350224912166595
0.1657007783651352
0.1888418048620224
0.16569633781909943
0.8582000732421875
2.908371925354004
4.529327869415283
3.9416494369506836
1.3926043510437012
0.25716251134872437
0.12065070867538452
0.11350224912166595
0.11930371820926666
0.11313419044017792
0.11378590017557144
0.116793192923069
0.17671824991703033
0.8348811864852905
2.923938751220703
4.479371070861816
4.165280818939209
2.3116953372955322
0.7051414847373962
0.2002791166305542
0.11430779099464417
0.11350224912166595
0.15349380671977997
0.13161534070968628
0.13491153717041016
0.29795366525650024
1.059293508529663
2.9921741485595703
4.502572059631348
3.974651575088501
2.146578073501587
0.7459250688552856
0.33301058411598206
0.026255089789628983
0.08438679575920105
0.11350224912166595
0.1778162717819214
0.13824516534805298
0.6820108890533447
2.0421805381774902
3.5930933952331543
4.583420753479004
4.924624443054199
3.932917356491089
2.8531510829925537
2.5382080078125
1.8520925045013428
0.620094895362854
0.053546808660030365
0.11350224912166595
0.20416463911533356
0.5227478742599487
2.517542839050293
4.418564319610596
4.876230239868164
5.071191787719727
4.904485702514648
4.81773042678833
4.895264625549316
4.902853012084961
3.995323419570923
1.499701738357544
0.12606419622898102
0.11350224912166595
0.18819543719291687
0.7226144075393677
2.8318138122558594
3.8929696083068848
3.939915895462036
3.7402219772338867
2.9822075366973877
2.5992727279663086
2.613358974456787
2.628514289855957
2.314847946166992
0.921223521232605
0.19126956164836884
0.11350224912166595
0.14110003411769867
0.2644612491130829
0.7392591238021851
1.0088181495666504
1.0591450929641724
0.9537922143936157
0.47516560554504395
0.18738533556461334
0.1399746537208557
0.14923396706581116
0.17027360200881958
0.1397450566291809
0.11618000268936157
0.11350224912166595
0.11350224912166595
0.11350224912166595
0.11350224912166595
0.11350224912166595
0.11350224912166595
0.11350224912166595
0.11350224912166595
0.11350224912166595
0.11350224912166595
0.11350224912166595
0.11350224912166595
0.11350224912166595
0.11350224912166595
0.11350224912166595
8.272726518043783e-06
8.272726518043783e-06
8.272726518043783e-06
0.0
0.0
0.0
0.0
0.0009007106418721378
0.0
0.014600607566535473
0.032593224197626114
0.000273034384008497
0.0011683076154440641
8.272726518043783e-06
8.272726518043783e-06
8.272726518043783e-06
8.272726518043783e-06
0.0
0.0
0.0
0.0
0.0
0.0
0.0
0.013425865210592747
0.023455552756786346
0.0035992315970361233
8.272726518043783e-06
8.272726518043783e-06
8.272726518043783e-06
8.272726518043783e-06
0.0006608854164369404
0.0
0.0
0.0
0.0
0.0
0.0
0.027799464762210846
0.027829961851239204
0.0013293748488649726
8.272726518043783e-06
8.272726518043783e-06
8.272726518043783e-06
8.272726518043783e-06
0.0036742216907441616
0.0
0.0
0.0
0.0016302734147757292
0.0
0.0
0.0
0.057285234332084656
0.001763522857800126
8.272726518043783e-06
8.272726518043783e-06
8.272726518043783e-06
8.272726518043783e-06
0.0
0.025443987920880318
0.011030850000679493
0.0
0.0
0.0
0.0
0.0
0.0005246844957582653
0.0026124226860702038
8.272726518043783e-06
8.272726518043783e-06
8.272726518043783e-06
8.272726518043783e-06
0.07247050106525421
0.03258780762553215
0.0
0.0
0.0
0.0
0.0
0.0052830991335213184
0.0
0.006957650184631348
8.272726518043783e-06
8.272726518043783e-06
8.272726518043783e-06
8.272726518043783e-06
0.0033041751012206078
0.003847257001325488
0.0
0.0
0.0
0.0
0.0
0.0
0.003312799846753478
0.0006420101854018867
8.272726518043783e-06
0.0005327776889316738
0.004440296441316605
0.0
0.0
0.0
0.0
0.0
0.0
0.0
0.0
0.0
0.003929093014448881
0.002314413897693157
8.272726518043783e-06
0.0
0.0
0.00034643354592844844
0.0
0.0
0.0
0.0
0.0
0.0
0.0
0.01170701626688242
0.053482938557863235
0.030022818595170975
8.272726518043783e-06
0.0
0.0004502640222199261
0.0
0.0
0.0
0.0
0.0
0.0
0.0
0.0
0.0
0.01497348491102457
0.0020898536313325167
8.272726518043783e-06
0.0
0.0
0.0
0.0
0.0
0.0
0.0
0.0
0.0
0.0
0.0
0.025475265458226204
0.000351958442479372
8.272726518043783e-06
0.0004839350876864046
0.02571807987987995
0.02601054310798645
0.0
0.0
0.0
0.016555558890104294
0.0
0.0
0.0
0.0
0.0
7.73554784245789e-05
8.272726518043783e-06
0.003688111901283264
0.04464024677872658
0.078200563788414
0.0
0.0015248690033331513
0.0
0.0
0.0
0.0014360937057062984
0.002263804664835334
0.0013218815438449383
0.0006740568787790835
0.00017367258260492235
8.272726518043783e-06
8.272726518043783e-06
8.272726518043783e-06
8.272726518043783e-06
8.272726518043783e-06
8.272726518043783e-06
8.272726518043783e-06
8.272726518043783e-06
8.272726518043783e-06
8.272726518043783e-06
8.272726518043783e-06
8.272726518043783e-06
8.272726518043783e-06
8.272726518043783e-06
8.272726518043783e-06
