6.510450839996338
4.578710079193115
0.0
0.0
3.904120922088623
0.0
4.110999584197998
1.0153553485870361
4.646455764770508
0.0
4.535683631896973
0.0
5.925572872161865
1.3917864561080933
0.0
3.1125781536102295
4.004889011383057
0.0
0.0
0.0
2.451443672180176
0.0
0.18665866553783417
0.0
1.927133321762085
1.3222837448120117
0.020582521334290504
2.8431243896484375
0.0
1.9415805339813232
3.3623929023742676
0.0
0.5039962530136108
2.1334896087646484
0.0
4.12996768951416
0.8796442747116089
2.688714027404785
1.9382613897323608
7.195322036743164
0.0
0.0
4.886721611022949
0.0
1.753401517868042
0.6944798827171326
3.7064998149871826
5.504347801208496
0.8574365377426147
4.9788818359375
0.0
3.594691514968872
2.2143900394439697
5.264250755310059
0.0
0.0
0.0
1.3687407970428467
0.0
1.1888701915740967
3.001905679702759
1.9642587900161743
4.61543607711792
2.21480655670166
7.067630290985107
1.3474918603897095
2.9495859146118164
0.0
1.5443164110183716
0.0
0.0
0.0
4.465679168701172
0.0
3.8131048679351807
1.5744401216506958
0.0
5.769392967224121
0.0
4.18890905380249
4.726071357727051
1.291490077972412
1.1546194553375244
1.4732497930526733
3.2397196292877197
0.0
2.641710042953491
0.0
6.169739246368408
2.8891494274139404
5.351356029510498
2.230335235595703
0.0
0.4709583818912506
1.701697826385498
3.4706053733825684
0.0
0.0
1.2956734895706177
5.116668701171875
2.9369211196899414
0.0
0.0
0.0
0.9310898780822754
3.947211742401123
2.410616874694824
0.7985290288925171
7.3715081214904785
0.0
0.0
2.7654566764831543
0.0
1.0163993835449219
0.0
0.0
3.816650390625
0.907328188419342
0.0
0.0
