0.19937856495380402
0.19937856495380402
0.19937856495380402
0.19937856495380402
0.2278612107038498
0.2278612107038498
0.2278612107038498
0.2278612107038498
0.2278612107038498
0.2278612107038498
0.2278612107038498
0.2278612107038498
0.2278612107038498
0.2278612107038498
0.19937856495380402
0.19937856495380402
0.19937856495380402
0.2278612107038498
0.2278612107038498
0.2278612107038498
0.2278612107038498
0.2278612107038498
0.25634387135505676
0.2278612107038498
0.19937856495380402
0.19937856495380402
0.2278612107038498
0.25634387135505676
0.19937856495380402
0.19937856495380402
0.19937856495380402
0.2278612107038498
0.2278612107038498
0.17089590430259705
0.08544795215129852
0.05696530267596245
0.028482651337981224
0.0
0.0
0.028482651337981224
0.14241325855255127
0.2278612107038498
0.19937856495380402
0.19937856495380402
0.19937856495380402
0.19937856495380402
0.1139306053519249
0.028482651337981224
0.4272397756576538
1.110823392868042
1.4810978174209595
1.5095804929733276
1.651993751525879
1.8798550367355347
1.3386845588684082
0.4272397756576538
0.19937856495380402
0.19937856495380402
0.19937856495380402
0.19937856495380402
0.2278612107038498
1.196271300315857
3.1900570392608643
4.186949729919434
4.101501941680908
3.9590885639190674
4.186949729919434
3.902123212814331
2.2786121368408203
0.6266183257102966
0.19937856495380402
0.19937856495380402
0.19937856495380402
0.14241325855255127
0.5696530342102051
2.421025276184082
3.731227397918701
2.8197824954986572
1.7944070100784302
1.651993751525879
1.9083375930786133
1.765924334526062
1.0538580417633057
0.39875712990760803
0.19937856495380402
0.19937856495380402
0.19937856495380402
0.28482651710510254
1.566545844078064
3.674262046813965
3.873640537261963
2.250129461288452
0.7690315842628479
0.3133091628551483
0.3417918086051941
0.3417918086051941
0.28482651710510254
0.2278612107038498
0.19937856495380402
0.14241325855255127
0.08544795215129852
0.48420506715774536
1.9937856197357178
3.503366231918335
3.6457793712615967
3.2185397148132324
2.2786121368408203
0.7690315842628479
0.28482651710510254
0.28482651710510254
0.25634387135505676
0.2278612107038498
0.2278612107038498
0.14241325855255127
0.28482651710510254
0.6551010012626648
0.7690315842628479
0.9684101343154907
1.1393060684204102
2.392542600631714
3.1046090126037598
1.4526152610778809
0.3133091628551483
0.25634387135505676
0.25634387135505676
0.2278612107038498
0.2278612107038498
0.5411703586578369
1.566545844078064
2.1646814346313477
0.8259968757629395
0.05696530267596245
0.37027445435523987
2.44950795173645
3.2185397148132324
1.4810978174209595
0.28482651710510254
0.2278612107038498
0.2278612107038498
0.19937856495380402
0.2278612107038498
0.5981356501579285
2.050750970840454
3.303987503051758
2.563438653945923
1.3671672344207764
2.392542600631714
3.503366231918335
2.563438653945923
0.8544795513153076
0.25634387135505676
0.2278612107038498
0.2278612107038498
0.19937856495380402
0.25634387135505676
0.3417918086051941
1.0823407173156738
2.4779906272888184
3.8451578617095947
4.24391508102417
3.9875712394714355
2.6488866806030273
1.110823392868042
0.3417918086051941
0.2278612107038498
0.2278612107038498
0.2278612107038498
0.19937856495380402
0.25634387135505676
0.25634387135505676
0.3133091628551483
0.7975142598152161
1.651993751525879
2.2786121368408203
1.7374417781829834
0.8544795513153076
0.3133091628551483
0.25634387135505676
0.2278612107038498
0.2278612107038498
0.2278612107038498
0.19937856495380402
0.19937856495380402
0.19937856495380402
0.19937856495380402
0.2278612107038498
0.28482651710510254
0.3417918086051941
0.28482651710510254
0.2278612107038498
0.19937856495380402
0.2278612107038498
0.19937856495380402
0.2278612107038498
0.19937856495380402
0.19937856495380402
0.05696530267596245
0.05696530267596245
0.05696530267596245
0.05696530267596245
0.05696530267596245
0.05696530267596245
0.05696530267596245
0.08544795215129852
0.08544795215129852
0.05696530267596245
0.05696530267596245
0.05696530267596245
0.05696530267596245
0.08544795215129852
0.05696530267596245
0.05696530267596245
0.05696530267596245
0.05696530267596245
0.08544795215129852
0.08544795215129852
0.08544795215129852
0.08544795215129852
0.08544795215129852
0.08544795215129852
0.05696530267596245
0.05696530267596245
0.08544795215129852
0.08544795215129852
0.05696530267596245
0.05696530267596245
0.05696530267596245
0.05696530267596245
0.08544795215129852
0.08544795215129852
0.19937856495380402
0.28482651710510254
0.25634387135505676
0.25634387135505676
0.3417918086051941
0.4272397756576538
0.17089590430259705
0.028482651337981224
0.05696530267596245
0.05696530267596245
0.05696530267596245
0.05696530267596245
0.14241325855255127
0.7120662927627563
1.7374417781829834
2.364060163497925
2.563438653945923
2.620404005050659
2.93371319770813
2.591921329498291
1.1677887439727783
0.2278612107038498
0.05696530267596245
0.05696530267596245
0.05696530267596245
0.08544795215129852
0.7120662927627563
2.620404005050659
4.073019027709961
3.9590885639190674
3.531848669052124
3.474883556365967
3.7881925106048584
3.133091688156128
1.196271300315857
0.19937856495380402
0.05696530267596245
0.05696530267596245
0.05696530267596245
0.14241325855255127
1.5380631685256958
3.8451578617095947
3.8166751861572266
2.050750970840454
1.025375485420227
1.0538580417633057
1.3386845588684082
1.0538580417633057
0.39875712990760803
0.08544795215129852
0.05696530267596245
0.05696530267596245
0.05696530267596245
0.5126877427101135
2.591921329498291
4.528741359710693
3.9590885639190674
2.2786121368408203
0.882962167263031
0.14241325855255127
0.17089590430259705
0.17089590430259705
0.08544795215129852
0.08544795215129852
0.05696530267596245
0.05696530267596245
0.14241325855255127
0.5981356501579285
2.1077160835266113
2.93371319770813
3.2185397148132324
3.332470178604126
1.9937856197357178
0.48420506715774536
0.1139306053519249
0.1139306053519249
0.08544795215129852
0.08544795215129852
0.08544795215129852
0.3417918086051941
1.0538580417633057
1.025375485420227
0.6266183257102966
0.5696530342102051
1.2532366514205933
3.474883556365967
2.6773691177368164
0.7120662927627563
0.1139306053519249
0.08544795215129852
0.08544795215129852
0.05696530267596245
0.08544795215129852
0.7690315842628479
2.6773691177368164
2.5064733028411865
0.9968928098678589
0.25634387135505676
1.4810978174209595
3.503366231918335
2.563438653945923
0.5981356501579285
0.08544795215129852
0.05696530267596245
0.05696530267596245
0.05696530267596245
0.08544795215129852
0.5126877427101135
2.6488866806030273
3.5888140201568604
2.8482651710510254
2.563438653945923
3.4179182052612305
3.332470178604126
1.5095804929733276
0.19937856495380402
0.08544795215129852
0.05696530267596245
0.05696530267596245
0.05696530267596245
0.08544795215129852
0.14241325855255127
0.9399275183677673
2.6488866806030273
3.560331344604492
3.8451578617095947
3.1900570392608643
1.5950285196304321
0.3417918086051941
0.08544795215129852
0.08544795215129852
0.08544795215129852
0.05696530267596245
0.05696530267596245
0.08544795215129852
0.08544795215129852
0.1139306053519249
0.5981356501579285
1.3671672344207764
1.5380631685256958
0.882962167263031
0.25634387135505676
0.08544795215129852
0.05696530267596245
0.08544795215129852
0.05696530267596245
0.05696530267596245
0.05696530267596245
0.05696530267596245
0.05696530267596245
0.05696530267596245
0.05696530267596245
0.1139306053519249
0.14241325855255127
0.08544795215129852
0.05696530267596245
0.05696530267596245
0.05696530267596245
0.05696530267596245
0.05696530267596245
0.05696530267596245
0.05696530267596245
0.17089590430259705
0.17089590430259705
0.17089590430259705
0.17089590430259705
0.14241325855255127
0.17089590430259705
0.17089590430259705
0.14241325855255127
0.17089590430259705
0.17089590430259705
0.17089590430259705
0.14241325855255127
0.17089590430259705
0.17089590430259705
0.17089590430259705
0.17089590430259705
0.17089590430259705
0.14241325855255127
0.14241325855255127
0.17089590430259705
0.17089590430259705
0.17089590430259705
0.17089590430259705
0.17089590430259705
0.17089590430259705
0.17089590430259705
0.17089590430259705
0.17089590430259705
0.17089590430259705
0.17089590430259705
0.17089590430259705
0.17089590430259705
0.14241325855255127
0.17089590430259705
0.17089590430259705
0.25634387135505676
0.37027445435523987
0.37027445435523987
0.3417918086051941
0.3417918086051941
0.4557224214076996
0.25634387135505676
0.17089590430259705
0.17089590430259705
0.17089590430259705
0.17089590430259705
0.17089590430259705
0.08544795215129852
0.08544795215129852
0.3417918086051941
0.39875712990760803
0.3417918086051941
0.25634387135505676
0.4272397756576538
0.7405489087104797
0.3417918086051941
0.17089590430259705
0.17089590430259705
0.17089590430259705
0.17089590430259705
0.05696530267596245
0.0
0.05696530267596245
0.25634387135505676
0.05696530267596245
0.0
0.0
0.14241325855255127
0.5411703586578369
0.28482651710510254
0.17089590430259705
0.17089590430259705
0.17089590430259705
0.17089590430259705
0.0
0.0
0.39875712990760803
0.6835836172103882
0.3417918086051941
0.08544795215129852
0.028482651337981224
0.1139306053519249
0.28482651710510254
0.19937856495380402
0.17089590430259705
0.17089590430259705
0.17089590430259705
0.08544795215129852
0.0
0.0
0.3417918086051941
0.6266183257102966
0.6835836172103882
0.39875712990760803
0.17089590430259705
0.17089590430259705
0.17089590430259705
0.17089590430259705
0.17089590430259705
0.17089590430259705
0.14241325855255127
0.14241325855255127
0.0
0.0
0.0
0.05696530267596245
0.6551010012626648
0.6551010012626648
0.19937856495380402
0.17089590430259705
0.17089590430259705
0.17089590430259705
0.17089590430259705
0.1139306053519249
0.028482651337981224
0.4272397756576538
0.37027445435523987
0.14241325855255127
0.05696530267596245
0.0
0.5411703586578369
0.7690315842628479
0.19937856495380402
0.17089590430259705
0.17089590430259705
0.17089590430259705
0.14241325855255127
0.05696530267596245
0.0
0.37027445435523987
0.8259968757629395
0.4557224214076996
0.05696530267596245
0.0
0.6266183257102966
0.5981356501579285
0.19937856495380402
0.17089590430259705
0.17089590430259705
0.17089590430259705
0.14241325855255127
0.05696530267596245
0.0
0.05696530267596245
0.4272397756576538
0.39875712990760803
0.14241325855255127
0.2278612107038498
0.5411703586578369
0.3417918086051941
0.17089590430259705
0.17089590430259705
0.17089590430259705
0.17089590430259705
0.14241325855255127
0.14241325855255127
0.028482651337981224
0.0
0.0
0.028482651337981224
0.1139306053519249
0.37027445435523987
0.3417918086051941
0.19937856495380402
0.14241325855255127
0.17089590430259705
0.17089590430259705
0.17089590430259705
0.14241325855255127
0.17089590430259705
0.14241325855255127
0.028482651337981224
0.0
0.028482651337981224
0.19937856495380402
0.28482651710510254
0.17089590430259705
0.17089590430259705
0.14241325855255127
0.17089590430259705
0.17089590430259705
0.17089590430259705
0.17089590430259705
0.17089590430259705
0.17089590430259705
0.17089590430259705
0.14241325855255127
0.14241325855255127
0.17089590430259705
0.17089590430259705
0.17089590430259705
0.17089590430259705
0.17089590430259705
0.17089590430259705
0.17089590430259705
0.17089590430259705
0.0
0.0
0.0
0.0
0.0
0.0
0.0
0.0
0.0
0.0
0.0
0.0
0.0
0.0
0.0
0.0
0.0
0.0
0.0
0.0
0.0
0.0
0.0
0.0
0.0
0.0
0.0
0.0
0.0
0.0
0.0
0.0
0.0
0.0
0.0
0.028482651337981224
0.028482651337981224
0.028482651337981224
0.028482651337981224
0.08544795215129852
0.05696530267596245
0.0
0.0
0.0
0.0
0.0
0.0
0.05696530267596245
0.3417918086051941
0.4272397756576538
0.3133091628551483
0.3133091628551483
0.37027445435523987
0.3417918086051941
0.05696530267596245
0.0
0.0
0.0
0.0
0.0
0.1139306053519249
0.5411703586578369
0.9684101343154907
0.5696530342102051
0.4557224214076996
0.5411703586578369
0.6551010012626648
0.37027445435523987
0.0
0.0
0.0
0.0
0.0
0.0
0.3417918086051941
1.025375485420227
0.6551010012626648
0.08544795215129852
0.1139306053519249
0.2278612107038498
0.3133091628551483
0.08544795215129852
0.0
0.0
0.0
0.0
0.0
0.1139306053519249
0.6835836172103882
1.0823407173156738
0.28482651710510254
0.028482651337981224
0.028482651337981224
0.0
0.028482651337981224
0.0
0.0
0.0
0.0
0.0
0.0
0.2278612107038498
0.7120662927627563
0.6551010012626648
0.4272397756576538
0.28482651710510254
0.14241325855255127
0.0
0.0
0.0
0.0
0.0
0.0
0.028482651337981224
0.14241325855255127
0.25634387135505676
0.17089590430259705
0.08544795215129852
0.28482651710510254
0.7690315842628479
0.3133091628551483
0.0
0.0
0.0
0.0
0.0
0.0
0.19937856495380402
0.5696530342102051
0.25634387135505676
0.0
0.0
0.3417918086051941
1.0538580417633057
0.25634387135505676
0.0
0.0
0.0
0.0
0.0
0.0
0.19937856495380402
0.7975142598152161
0.5126877427101135
0.14241325855255127
0.25634387135505676
0.7690315842628479
0.6551010012626648
0.0
0.0
0.0
0.0
0.0
0.0
0.0
0.05696530267596245
0.4272397756576538
0.6835836172103882
0.5981356501579285
0.5981356501579285
0.5126877427101135
0.05696530267596245
0.0
0.0
0.0
0.0
0.0
0.0
0.0
0.0
0.05696530267596245
0.28482651710510254
0.4272397756576538
0.28482651710510254
0.028482651337981224
0.0
0.0
0.0
0.0
0.0
0.0
0.0
0.0
0.0
0.0
0.028482651337981224
0.028482651337981224
0.028482651337981224
0.0
0.0
0.0
0.0
0.0
0.0
0.0
0.0
0.1139306053519249
0.1139306053519249
0.1139306053519249
0.1139306053519249
0.1139306053519249
0.1139306053519249
0.1139306053519249
0.1139306053519249
0.1139306053519249
0.1139306053519249
0.1139306053519249
0.1139306053519249
0.1139306053519249
0.1139306053519249
0.1139306053519249
0.1139306053519249
0.1139306053519249
0.1139306053519249
0.1139306053519249
0.1139306053519249
0.1139306053519249
0.08544795215129852
0.1139306053519249
0.1139306053519249
0.1139306053519249
0.1139306053519249
0.1139306053519249
0.1139306053519249
0.1139306053519249
0.1139306053519249
0.1139306053519249
0.1139306053519249
0.08544795215129852
0.08544795215129852
0.05696530267596245
0.028482651337981224
0.08544795215129852
0.08544795215129852
0.05696530267596245
0.08544795215129852
0.17089590430259705
0.17089590430259705
0.1139306053519249
0.1139306053519249
0.1139306053519249
0.1139306053519249
0.05696530267596245
0.0
0.0
0.0
0.0
0.0
0.0
0.028482651337981224
0.2278612107038498
0.2278612107038498
0.1139306053519249
0.1139306053519249
0.1139306053519249
0.08544795215129852
0.0
0.0
0.0
0.1139306053519249
0.05696530267596245
0.028482651337981224
0.028482651337981224
0.14241325855255127
0.37027445435523987
0.17089590430259705
0.1139306053519249
0.1139306053519249
0.1139306053519249
0.05696530267596245
0.0
0.0
0.08544795215129852
0.39875712990760803
0.3133091628551483
0.17089590430259705
0.1139306053519249
0.25634387135505676
0.28482651710510254
0.14241325855255127
0.1139306053519249
0.1139306053519249
0.1139306053519249
0.05696530267596245
0.0
0.0
0.14241325855255127
0.17089590430259705
0.19937856495380402
0.2278612107038498
0.1139306053519249
0.1139306053519249
0.1139306053519249
0.1139306053519249
0.1139306053519249
0.08544795215129852
0.08544795215129852
0.028482651337981224
0.0
0.028482651337981224
0.08544795215129852
0.028482651337981224
0.1139306053519249
0.3133091628551483
0.14241325855255127
0.1139306053519249
0.1139306053519249
0.1139306053519249
0.1139306053519249
0.028482651337981224
0.0
0.028482651337981224
0.19937856495380402
0.19937856495380402
0.028482651337981224
0.0
0.19937856495380402
0.4272397756576538
0.1139306053519249
0.1139306053519249
0.1139306053519249
0.1139306053519249
0.1139306053519249
0.028482651337981224
0.0
0.028482651337981224
0.2278612107038498
0.17089590430259705
0.0
0.0
0.37027445435523987
0.37027445435523987
0.1139306053519249
0.1139306053519249
0.1139306053519249
0.1139306053519249
0.1139306053519249
0.028482651337981224
0.0
0.0
0.028482651337981224
0.0
0.0
0.08544795215129852
0.4557224214076996
0.2278612107038498
0.1139306053519249
0.1139306053519249
0.1139306053519249
0.1139306053519249
0.08544795215129852
0.05696530267596245
0.0
0.0
0.028482651337981224
0.0
0.08544795215129852
0.37027445435523987
0.3133091628551483
0.14241325855255127
0.1139306053519249
0.1139306053519249
0.1139306053519249
0.1139306053519249
0.1139306053519249
0.1139306053519249
0.08544795215129852
0.028482651337981224
0.028482651337981224
0.17089590430259705
0.3133091628551483
0.25634387135505676
0.14241325855255127
0.1139306053519249
0.08544795215129852
0.1139306053519249
0.1139306053519249
0.1139306053519249
0.1139306053519249
0.1139306053519249
0.1139306053519249
0.1139306053519249
0.1139306053519249
0.1139306053519249
0.14241325855255127
0.1139306053519249
0.1139306053519249
0.1139306053519249
0.1139306053519249
0.1139306053519249
0.1139306053519249
0.1139306053519249
0.0
0.0
0.0
0.0
0.028482651337981224
0.05696530267596245
0.028482651337981224
0.028482651337981224
0.05696530267596245
0.028482651337981224
0.028482651337981224
0.028482651337981224
0.028482651337981224
0.05696530267596245
0.0
0.0
0.0
0.028482651337981224
0.028482651337981224
0.05696530267596245
0.05696530267596245
0.05696530267596245
0.08544795215129852
0.05696530267596245
0.05696530267596245
0.05696530267596245
0.08544795215129852
0.05696530267596245
0.0
0.0
0.0
0.0
0.028482651337981224
0.08544795215129852
0.37027445435523987
0.882962167263031
1.110823392868042
1.1393060684204102
1.2817193269729614
1.4810978174209595
0.9968928098678589
0.17089590430259705
0.0
0.0
0.0
0.028482651337981224
0.17089590430259705
1.1677887439727783
3.1900570392608643
4.443293571472168
4.528741359710693
4.471776485443115
4.756602764129639
4.557224273681641
2.591921329498291
0.48420506715774536
0.0
0.0
0.0
0.05696530267596245
0.7690315842628479
3.1900570392608643
5.326255798339844
4.72812032699585
3.503366231918335
3.2755048274993896
3.5888140201568604
3.2755048274993896
1.7944070100784302
0.37027445435523987
0.0
0.0
0.0
0.17089590430259705
1.5950285196304321
4.386328220367432
5.04142951965332
2.93371319770813
0.9684101343154907
0.37027445435523987
0.48420506715774536
0.5411703586578369
0.3417918086051941
0.08544795215129852
0.0
0.0
0.0
0.48420506715774536
2.4779906272888184
4.8990159034729
5.326255798339844
4.1584672927856445
2.3070948123931885
0.5981356501579285
0.08544795215129852
0.08544795215129852
0.05696530267596245
0.028482651337981224
0.028482651337981224
0.05696530267596245
0.2278612107038498
0.6835836172103882
1.2817193269729614
2.050750970840454
2.591921329498291
3.930605888366699
4.016053676605225
1.4241325855255127
0.14241325855255127
0.08544795215129852
0.05696530267596245
0.028482651337981224
0.05696530267596245
0.39875712990760803
1.6235110759735107
2.2786121368408203
0.882962167263031
0.2278612107038498
0.7405489087104797
3.133091688156128
4.272397518157959
1.7374417781829834
0.1139306053519249
0.028482651337981224
0.028482651337981224
0.028482651337981224
0.028482651337981224
0.5981356501579285
2.6773691177368164
4.24391508102417
2.7343344688415527
1.110823392868042
2.1361987590789795
4.129984378814697
3.6457793712615967
1.1677887439727783
0.08544795215129852
0.028482651337981224
0.0
0.0
0.028482651337981224
0.2278612107038498
1.566545844078064
3.873640537261963
4.842050552368164
4.58570671081543
4.72812032699585
3.8166751861572266
1.8228896856307983
0.37027445435523987
0.028482651337981224
0.028482651337981224
0.028482651337981224
0.0
0.05696530267596245
0.05696530267596245
0.2278612107038498
1.3671672344207764
3.1900570392608643
4.044536590576172
3.1900570392608643
1.5380631685256958
0.39875712990760803
0.08544795215129852
0.05696530267596245
0.028482651337981224
0.0
0.0
0.0
0.028482651337981224
0.0
0.08544795215129852
0.3417918086051941
0.6551010012626648
0.5126877427101135
0.19937856495380402
0.028482651337981224
0.028482651337981224
0.028482651337981224
0.028482651337981224
0.0
0.0
0.0
0.0
0.0
0.0
0.0
0.0
0.0
0.0
0.0
0.0
0.0
0.0
0.0
0.0
