0.20410795509815216
0.20410795509815216
0.20410795509815216
0.20410795509815216
0.20410795509815216
0.20410795509815216
0.20410795509815216
0.20410795509815216
0.20410795509815216
0.23326623439788818
0.23326623439788818
0.23326623439788818
0.20410795509815216
0.20410795509815216
0.20410795509815216
0.20410795509815216
0.23326623439788818
0.23326623439788818
0.23326623439788818
0.23326623439788818
0.20410795509815216
0.20410795509815216
0.23326623439788818
0.23326623439788818
0.23326623439788818
0.20410795509815216
0.23326623439788818
0.20410795509815216
0.20410795509815216
0.20410795509815216
0.20410795509815216
0.20410795509815216
0.20410795509815216
0.20410795509815216
0.20410795509815216
0.23326623439788818
0.23326623439788818
0.23326623439788818
0.23326623439788818
0.23326623439788818
0.23326623439788818
0.23326623439788818
0.23326623439788818
0.23326623439788818
0.23326623439788818
0.23326623439788818
0.23326623439788818
0.23326623439788818
0.23326623439788818
0.23326623439788818
0.23326623439788818
0.23326623439788818
0.23326623439788818
0.23326623439788818
0.23326623439788818
0.23326623439788818
0.20410795509815216
0.20410795509815216
0.20410795509815216
0.20410795509815216
0.20410795509815216
0.20410795509815216
0.20410795509815216
0.23326623439788818
0.23326623439788818
0.23326623439788818
0.23326623439788818
0.23326623439788818
0.23326623439788818
0.23326623439788818
0.23326623439788818
0.23326623439788818
0.2624245285987854
0.2624245285987854
0.23326623439788818
0.23326623439788818
0.23326623439788818
0.23326623439788818
0.23326623439788818
0.23326623439788818
0.23326623439788818
0.23326623439788818
0.2624245285987854
0.2624245285987854
0.20410795509815216
0.20410795509815216
0.20410795509815216
0.20410795509815216
0.20410795509815216
0.20410795509815216
0.20410795509815216
0.23326623439788818
0.23326623439788818
0.23326623439788818
0.2624245285987854
0.23326623439788818
0.23326623439788818
0.23326623439788818
0.23326623439788818
0.23326623439788818
0.23326623439788818
0.23326623439788818
0.23326623439788818
0.20410795509815216
0.17494967579841614
0.17494967579841614
0.17494967579841614
0.17494967579841614
0.17494967579841614
0.23326623439788818
0.23326623439788818
0.2624245285987854
0.20410795509815216
0.20410795509815216
0.20410795509815216
0.20410795509815216
0.20410795509815216
0.20410795509815216
0.20410795509815216
0.23326623439788818
0.23326623439788818
0.23326623439788818
0.23326623439788818
0.23326623439788818
0.17494967579841614
0.14579139649868011
0.11663311719894409
0.058316558599472046
0.058316558599472046
0.029158279299736023
0.029158279299736023
0.0
0.0
0.0
0.0
0.0
0.029158279299736023
0.14579139649868011
0.20410795509815216
0.23326623439788818
0.20410795509815216
0.20410795509815216
0.20410795509815216
0.20410795509815216
0.20410795509815216
0.20410795509815216
0.23326623439788818
0.23326623439788818
0.23326623439788818
0.20410795509815216
0.14579139649868011
0.029158279299736023
0.0
0.0
0.0
0.0
0.0
0.0
0.0
0.0
0.0
0.0
0.0
0.058316558599472046
0.17494967579841614
0.23326623439788818
0.23326623439788818
0.23326623439788818
0.20410795509815216
0.20410795509815216
0.20410795509815216
0.20410795509815216
0.20410795509815216
0.20410795509815216
0.20410795509815216
0.20410795509815216
0.17494967579841614
0.08747483789920807
0.0
0.0
0.0
0.0
0.14579139649868011
0.4082159101963043
0.5248490571975708
0.5831655859947205
0.5831655859947205
0.5831655859947205
0.6123238801956177
0.7289569973945618
0.96222323179245
1.1371729373931885
1.0205397605895996
0.7289569973945618
0.46653246879577637
0.2624245285987854
0.20410795509815216
0.20410795509815216
0.20410795509815216
0.20410795509815216
0.20410795509815216
0.20410795509815216
0.20410795509815216
0.20410795509815216
0.14579139649868011
0.0
0.0
0.11663311719894409
0.5248490571975708
1.1371729373931885
1.7494966983795166
2.18687105178833
2.361820697784424
2.4492955207824707
2.4492955207824707
2.4784536361694336
2.5367703437805176
2.6825616359710693
2.799194812774658
2.6534035205841064
2.18687105178833
1.4287556409835815
0.6997987031936646
0.32074105739593506
0.20410795509815216
0.20410795509815216
0.20410795509815216
0.20410795509815216
0.20410795509815216
0.20410795509815216
0.20410795509815216
0.20410795509815216
0.14579139649868011
0.14579139649868011
0.4082159101963043
1.1080145835876465
2.099396228790283
2.974144458770752
3.644784927368164
3.9655261039733887
4.0238423347473145
3.9655261039733887
3.9072093963623047
3.9072093963623047
4.0530009269714355
4.257108688354492
4.198792457580566
3.732259750366211
2.915827989578247
1.8661298751831055
0.9039066433906555
0.3498993515968323
0.20410795509815216
0.20410795509815216
0.20410795509815216
0.20410795509815216
0.20410795509815216
0.20410795509815216
0.20410795509815216
0.17494967579841614
0.20410795509815216
0.43737417459487915
1.1080145835876465
2.18687105178833
3.4406769275665283
4.227950572967529
4.577849864959717
4.577849864959717
4.315425395965576
4.0530009269714355
3.9946842193603516
4.0530009269714355
4.169633865356445
4.286267280578613
4.140475749969482
3.528151750564575
2.6534035205841064
1.7203384637832642
0.8747483491897583
0.3790576457977295
0.20410795509815216
0.20410795509815216
0.20410795509815216
0.20410795509815216
0.20410795509815216
0.20410795509815216
0.20410795509815216
0.14579139649868011
0.23326623439788818
0.7289569973945618
1.6620218753814697
2.8283531665802
3.761418104171753
4.111317157745361
3.790576219558716
3.1490941047668457
2.6825616359710693
2.4201371669769287
2.361820697784424
2.4784536361694336
2.6534035205841064
2.7408783435821533
2.6534035205841064
2.274345874786377
1.6911802291870117
1.1080145835876465
0.6123238801956177
0.32074105739593506
0.20410795509815216
0.20410795509815216
0.20410795509815216
0.20410795509815216
0.20410795509815216
0.20410795509815216
0.17494967579841614
0.08747483789920807
0.32074105739593506
1.0205397605895996
2.099396228790283
3.119935989379883
3.586468458175659
3.4115185737609863
2.6242451667785645
1.7203384637832642
1.166331171989441
0.9039066433906555
0.8164318203926086
0.9330649375915527
1.078856348991394
1.166331171989441
1.1371729373931885
1.0496981143951416
0.8455901145935059
0.5540072917938232
0.3498993515968323
0.2624245285987854
0.20410795509815216
0.20410795509815216
0.20410795509815216
0.20410795509815216
0.20410795509815216
0.20410795509815216
0.17494967579841614
0.20410795509815216
0.6997987031936646
1.6911802291870117
2.857511281967163
3.673943281173706
3.819734573364258
3.3240437507629395
2.4201371669769287
1.399597406387329
0.6706404089927673
0.3790576457977295
0.2624245285987854
0.32074105739593506
0.4082159101963043
0.4082159101963043
0.4082159101963043
0.3790576457977295
0.3498993515968323
0.29158279299736023
0.2624245285987854
0.23326623439788818
0.20410795509815216
0.20410795509815216
0.20410795509815216
0.20410795509815216
0.20410795509815216
0.20410795509815216
0.23326623439788818
0.5248490571975708
1.3412808179855347
2.5659284591674805
3.732259750366211
4.402900218963623
4.49037504196167
3.9072093963623047
3.061619281768799
2.157712697982788
1.3412808179855347
0.6997987031936646
0.4082159101963043
0.29158279299736023
0.2624245285987854
0.29158279299736023
0.2624245285987854
0.2624245285987854
0.2624245285987854
0.2624245285987854
0.23326623439788818
0.23326623439788818
0.20410795509815216
0.20410795509815216
0.20410795509815216
0.17494967579841614
0.14579139649868011
0.14579139649868011
0.2624245285987854
0.7872735261917114
1.6620218753814697
2.770036458969116
3.761418104171753
4.344583511352539
4.344583511352539
3.9072093963623047
3.4698352813720703
2.974144458770752
2.274345874786377
1.4579139947891235
0.7872735261917114
0.4082159101963043
0.29158279299736023
0.2624245285987854
0.2624245285987854
0.2624245285987854
0.2624245285987854
0.2624245285987854
0.2624245285987854
0.23326623439788818
0.20410795509815216
0.20410795509815216
0.17494967579841614
0.058316558599472046
0.0
0.029158279299736023
0.14579139649868011
0.7289569973945618
1.4579139947891235
2.128554344177246
2.7408783435821533
3.1782524585723877
3.2657272815704346
3.119935989379883
3.2074108123779297
3.2365689277648926
3.032461166381836
2.30350399017334
1.3121225833892822
0.6123238801956177
0.32074105739593506
0.29158279299736023
0.29158279299736023
0.29158279299736023
0.2624245285987854
0.2624245285987854
0.23326623439788818
0.23326623439788818
0.20410795509815216
0.23326623439788818
0.17494967579841614
0.0
0.0
0.14579139649868011
0.2624245285987854
0.5540072917938232
0.9039066433906555
1.1080145835876465
1.3704391717910767
1.5745470523834229
1.6037054061889648
1.7786550521850586
2.332662343978882
3.003302812576294
3.2657272815704346
2.886669635772705
1.8661298751831055
0.8455901145935059
0.3498993515968323
0.2624245285987854
0.2624245285987854
0.29158279299736023
0.2624245285987854
0.2624245285987854
0.23326623439788818
0.23326623439788818
0.23326623439788818
0.23326623439788818
0.20410795509815216
0.17494967579841614
0.3498993515968323
0.6706404089927673
0.9039066433906555
0.8455901145935059
0.6123238801956177
0.46653246879577637
0.46653246879577637
0.46653246879577637
0.3498993515968323
0.7872735261917114
1.6620218753814697
2.5659284591674805
3.1490941047668457
3.090777635574341
2.128554344177246
1.0205397605895996
0.3790576457977295
0.2624245285987854
0.23326623439788818
0.23326623439788818
0.23326623439788818
0.23326623439788818
0.23326623439788818
0.23326623439788818
0.23326623439788818
0.2624245285987854
0.29158279299736023
0.5540072917938232
0.9913815259933472
1.4287556409835815
1.807813286781311
1.6037054061889648
0.9039066433906555
0.3790576457977295
0.14579139649868011
0.058316558599472046
0.0
0.6123238801956177
1.6620218753814697
2.7117199897766113
3.2948856353759766
3.119935989379883
2.157712697982788
1.0205397605895996
0.3790576457977295
0.23326623439788818
0.23326623439788818
0.23326623439788818
0.23326623439788818
0.20410795509815216
0.20410795509815216
0.20410795509815216
0.23326623439788818
0.23326623439788818
0.3790576457977295
0.9330649375915527
1.6328636407852173
2.245187520980835
2.6825616359710693
2.5950868129730225
1.5745470523834229
0.46653246879577637
0.0
0.0
0.0
0.9039066433906555
2.216029167175293
3.2074108123779297
3.4698352813720703
2.974144458770752
1.9244464635849
0.8747483491897583
0.3498993515968323
0.23326623439788818
0.23326623439788818
0.23326623439788818
0.23326623439788818
0.20410795509815216
0.20410795509815216
0.20410795509815216
0.20410795509815216
0.20410795509815216
0.3498993515968323
0.96222323179245
1.7786550521850586
2.5950868129730225
3.1782524585723877
3.3240437507629395
2.5659284591674805
1.4287556409835815
0.5540072917938232
0.4082159101963043
1.0205397605895996
2.157712697982788
3.2074108123779297
3.615626573562622
3.3532021045684814
2.4784536361694336
1.4287556409835815
0.6706404089927673
0.32074105739593506
0.23326623439788818
0.23326623439788818
0.23326623439788818
0.23326623439788818
0.20410795509815216
0.20410795509815216
0.20410795509815216
0.23326623439788818
0.23326623439788818
0.32074105739593506
0.7872735261917114
1.5453888177871704
2.332662343978882
3.090777635574341
3.586468458175659
3.498993396759033
2.799194812774658
2.245187520980835
2.245187520980835
2.857511281967163
3.528151750564575
3.761418104171753
3.4406769275665283
2.6825616359710693
1.7203384637832642
0.9330649375915527
0.43737417459487915
0.2624245285987854
0.23326623439788818
0.23326623439788818
0.23326623439788818
0.23326623439788818
0.20410795509815216
0.20410795509815216
0.20410795509815216
0.23326623439788818
0.2624245285987854
0.29158279299736023
0.4956907629966736
1.0496981143951416
1.7786550521850586
2.5367703437805176
3.3532021045684814
3.9072093963623047
4.082159042358398
4.0238423347473145
4.0530009269714355
4.198792457580566
4.0530009269714355
3.528151750564575
2.7117199897766113
1.836971640586853
1.078856348991394
0.5540072917938232
0.29158279299736023
0.23326623439788818
0.23326623439788818
0.23326623439788818
0.23326623439788818
0.23326623439788818
0.23326623439788818
0.20410795509815216
0.20410795509815216
0.23326623439788818
0.2624245285987854
0.2624245285987854
0.29158279299736023
0.4956907629966736
0.96222323179245
1.6328636407852173
2.4201371669769287
3.3532021045684814
4.082159042358398
4.461216926574707
4.49037504196167
4.198792457580566
3.528151750564575
2.5950868129730225
1.7203384637832642
1.0496981143951416
0.5248490571975708
0.32074105739593506
0.23326623439788818
0.23326623439788818
0.23326623439788818
0.2624245285987854
0.23326623439788818
0.23326623439788818
0.23326623439788818
0.20410795509815216
0.20410795509815216
0.2624245285987854
0.2624245285987854
0.2624245285987854
0.2624245285987854
0.29158279299736023
0.43737417459487915
0.8164318203926086
1.3704391717910767
1.9827630519866943
2.6242451667785645
3.090777635574341
3.090777635574341
2.6825616359710693
2.099396228790283
1.4579139947891235
0.9039066433906555
0.4956907629966736
0.29158279299736023
0.2624245285987854
0.2624245285987854
0.23326623439788818
0.2624245285987854
0.2624245285987854
0.23326623439788818
0.23326623439788818
0.23326623439788818
0.20410795509815216
0.20410795509815216
0.23326623439788818
0.23326623439788818
0.23326623439788818
0.23326623439788818
0.23326623439788818
0.2624245285987854
0.3790576457977295
0.6123238801956177
0.8747483491897583
1.166331171989441
1.4287556409835815
1.4579139947891235
1.2246477603912354
0.96222323179245
0.6997987031936646
0.4082159101963043
0.2624245285987854
0.23326623439788818
0.23326623439788818
0.23326623439788818
0.23326623439788818
0.23326623439788818
0.23326623439788818
0.23326623439788818
0.23326623439788818
0.20410795509815216
0.20410795509815216
0.20410795509815216
0.20410795509815216
0.20410795509815216
0.20410795509815216
0.20410795509815216
0.20410795509815216
0.20410795509815216
0.23326623439788818
0.2624245285987854
0.32074105739593506
0.3790576457977295
0.43737417459487915
0.43737417459487915
0.4082159101963043
0.3498993515968323
0.29158279299736023
0.23326623439788818
0.20410795509815216
0.23326623439788818
0.23326623439788818
0.23326623439788818
0.23326623439788818
0.20410795509815216
0.23326623439788818
0.23326623439788818
0.20410795509815216
0.20410795509815216
0.20410795509815216
0.20410795509815216
0.20410795509815216
0.20410795509815216
0.20410795509815216
0.20410795509815216
0.20410795509815216
0.20410795509815216
0.20410795509815216
0.20410795509815216
0.20410795509815216
0.20410795509815216
0.23326623439788818
0.23326623439788818
0.20410795509815216
0.20410795509815216
0.20410795509815216
0.20410795509815216
0.20410795509815216
0.20410795509815216
0.20410795509815216
0.20410795509815216
0.20410795509815216
0.20410795509815216
0.20410795509815216
0.20410795509815216
0.20410795509815216
0.20410795509815216
0.20410795509815216
0.20410795509815216
0.058316558599472046
0.058316558599472046
0.058316558599472046
0.058316558599472046
0.058316558599472046
0.058316558599472046
0.058316558599472046
0.058316558599472046
0.058316558599472046
0.058316558599472046
0.058316558599472046
0.058316558599472046
0.058316558599472046
0.058316558599472046
0.058316558599472046
0.058316558599472046
0.08747483789920807
0.08747483789920807
0.058316558599472046
0.058316558599472046
0.058316558599472046
0.058316558599472046
0.058316558599472046
0.058316558599472046
0.058316558599472046
0.058316558599472046
0.08747483789920807
0.058316558599472046
0.058316558599472046
0.058316558599472046
0.058316558599472046
0.058316558599472046
0.058316558599472046
0.058316558599472046
0.058316558599472046
0.058316558599472046
0.058316558599472046
0.08747483789920807
0.08747483789920807
0.058316558599472046
0.058316558599472046
0.058316558599472046
0.08747483789920807
0.08747483789920807
0.08747483789920807
0.08747483789920807
0.08747483789920807
0.058316558599472046
0.058316558599472046
0.058316558599472046
0.058316558599472046
0.058316558599472046
0.058316558599472046
0.08747483789920807
0.08747483789920807
0.08747483789920807
0.058316558599472046
0.058316558599472046
0.058316558599472046
0.058316558599472046
0.058316558599472046
0.058316558599472046
0.058316558599472046
0.058316558599472046
0.08747483789920807
0.08747483789920807
0.08747483789920807
0.08747483789920807
0.08747483789920807
0.08747483789920807
0.08747483789920807
0.08747483789920807
0.08747483789920807
0.08747483789920807
0.08747483789920807
0.058316558599472046
0.058316558599472046
0.058316558599472046
0.058316558599472046
0.058316558599472046
0.08747483789920807
0.11663311719894409
0.08747483789920807
0.08747483789920807
0.058316558599472046
0.058316558599472046
0.058316558599472046
0.058316558599472046
0.058316558599472046
0.058316558599472046
0.058316558599472046
0.058316558599472046
0.08747483789920807
0.08747483789920807
0.08747483789920807
0.08747483789920807
0.08747483789920807
0.08747483789920807
0.08747483789920807
0.11663311719894409
0.11663311719894409
0.08747483789920807
0.08747483789920807
0.058316558599472046
0.058316558599472046
0.058316558599472046
0.08747483789920807
0.058316558599472046
0.058316558599472046
0.08747483789920807
0.08747483789920807
0.08747483789920807
0.058316558599472046
0.058316558599472046
0.058316558599472046
0.058316558599472046
0.058316558599472046
0.058316558599472046
0.058316558599472046
0.058316558599472046
0.08747483789920807
0.08747483789920807
0.08747483789920807
0.08747483789920807
0.08747483789920807
0.11663311719894409
0.14579139649868011
0.14579139649868011
0.11663311719894409
0.11663311719894409
0.08747483789920807
0.08747483789920807
0.08747483789920807
0.14579139649868011
0.17494967579841614
0.17494967579841614
0.058316558599472046
0.0
0.029158279299736023
0.058316558599472046
0.058316558599472046
0.058316558599472046
0.058316558599472046
0.058316558599472046
0.058316558599472046
0.058316558599472046
0.058316558599472046
0.058316558599472046
0.058316558599472046
0.058316558599472046
0.058316558599472046
0.08747483789920807
0.20410795509815216
0.3498993515968323
0.4082159101963043
0.4082159101963043
0.4082159101963043
0.43737417459487915
0.43737417459487915
0.46653246879577637
0.5248490571975708
0.6414821147918701
0.6997987031936646
0.6414821147918701
0.43737417459487915
0.20410795509815216
0.029158279299736023
0.029158279299736023
0.058316558599472046
0.058316558599472046
0.058316558599472046
0.058316558599472046
0.058316558599472046
0.058316558599472046
0.058316558599472046
0.058316558599472046
0.058316558599472046
0.058316558599472046
0.20410795509815216
0.4956907629966736
0.8455901145935059
1.166331171989441
1.4287556409835815
1.6620218753814697
1.7494966983795166
1.7786550521850586
1.7786550521850586
1.8661298751831055
2.0119211673736572
2.18687105178833
2.157712697982788
1.7494966983795166
1.1954894065856934
0.6706404089927673
0.2624245285987854
0.08747483789920807
0.058316558599472046
0.058316558599472046
0.058316558599472046
0.058316558599472046
0.058316558599472046
0.058316558599472046
0.058316558599472046
0.058316558599472046
0.11663311719894409
0.29158279299736023
0.7289569973945618
1.4287556409835815
2.18687105178833
2.770036458969116
3.119935989379883
3.2948856353759766
3.3532021045684814
3.3532021045684814
3.3532021045684814
3.4698352813720703
3.644784927368164
3.8780510425567627
3.644784927368164
2.770036458969116
1.7786550521850586
1.0205397605895996
0.4082159101963043
0.11663311719894409
0.058316558599472046
0.058316558599472046
0.058316558599472046
0.058316558599472046
0.058316558599472046
0.058316558599472046
0.058316558599472046
0.08747483789920807
0.2624245285987854
0.758115291595459
1.6328636407852173
2.6825616359710693
3.615626573562622
4.082159042358398
4.140475749969482
4.0530009269714355
3.9655261039733887
3.819734573364258
3.819734573364258
3.9072093963623047
4.111317157745361
4.257108688354492
3.9946842193603516
3.061619281768799
1.8661298751831055
0.9330649375915527
0.3498993515968323
0.11663311719894409
0.058316558599472046
0.058316558599472046
0.058316558599472046
0.058316558599472046
0.058316558599472046
0.058316558599472046
0.058316558599472046
0.11663311719894409
0.46653246879577637
1.3121225833892822
2.5367703437805176
3.644784927368164
4.257108688354492
4.37374210357666
4.0530009269714355
3.557310104370117
3.2365689277648926
3.061619281768799
3.032461166381836
3.1782524585723877
3.3823604583740234
3.4115185737609863
3.119935989379883
2.361820697784424
1.399597406387329
0.6414821147918701
0.20410795509815216
0.08747483789920807
0.058316558599472046
0.058316558599472046
0.058316558599472046
0.058316558599472046
0.058316558599472046
0.058316558599472046
0.058316558599472046
0.17494967579841614
0.7289569973945618
1.8661298751831055
3.2074108123779297
4.111317157745361
4.198792457580566
3.761418104171753
2.886669635772705
2.0119211673736572
1.5745470523834229
1.487072229385376
1.5453888177871704
1.6911802291870117
1.9244464635849
1.9827630519866943
1.7494966983795166
1.2829642295837402
0.758115291595459
0.3498993515968323
0.11663311719894409
0.08747483789920807
0.058316558599472046
0.058316558599472046
0.058316558599472046
0.058316558599472046
0.058316558599472046
0.058316558599472046
0.058316558599472046
0.32074105739593506
1.166331171989441
2.4201371669769287
3.703101396560669
4.315425395965576
4.0530009269714355
3.2074108123779297
2.157712697982788
1.1954894065856934
0.6123238801956177
0.4082159101963043
0.43737417459487915
0.5540072917938232
0.6997987031936646
0.7872735261917114
0.6997987031936646
0.5248490571975708
0.29158279299736023
0.14579139649868011
0.08747483789920807
0.058316558599472046
0.058316558599472046
0.058316558599472046
0.058316558599472046
0.058316558599472046
0.058316558599472046
0.058316558599472046
0.14579139649868011
0.6414821147918701
1.7203384637832642
3.090777635574341
4.286267280578613
4.665324687957764
4.227950572967529
3.3240437507629395
2.332662343978882
1.4579139947891235
0.8164318203926086
0.32074105739593506
0.08747483789920807
0.11663311719894409
0.17494967579841614
0.23326623439788818
0.23326623439788818
0.17494967579841614
0.11663311719894409
0.08747483789920807
0.08747483789920807
0.058316558599472046
0.058316558599472046
0.058316558599472046
0.058316558599472046
0.058316558599472046
0.058316558599472046
0.058316558599472046
0.23326623439788818
0.9913815259933472
2.216029167175293
3.3823604583740234
4.37374210357666
4.781957626342773
4.49037504196167
3.761418104171753
3.003302812576294
2.274345874786377
1.5745470523834229
0.8164318203926086
0.29158279299736023
0.08747483789920807
0.11663311719894409
0.11663311719894409
0.11663311719894409
0.11663311719894409
0.08747483789920807
0.08747483789920807
0.08747483789920807
0.058316558599472046
0.058316558599472046
0.058316558599472046
0.058316558599472046
0.029158279299736023
0.058316558599472046
0.08747483789920807
0.2624245285987854
1.0205397605895996
2.099396228790283
2.974144458770752
3.557310104370117
3.8488929271698
3.790576219558716
3.673943281173706
3.498993396759033
2.915827989578247
2.18687105178833
1.3412808179855347
0.6123238801956177
0.20410795509815216
0.11663311719894409
0.11663311719894409
0.11663311719894409
0.11663311719894409
0.08747483789920807
0.08747483789920807
0.08747483789920807
0.058316558599472046
0.058316558599472046
0.058316558599472046
0.058316558599472046
0.058316558599472046
0.17494967579841614
0.2624245285987854
0.32074105739593506
0.758115291595459
1.4287556409835815
1.9827630519866943
2.157712697982788
2.216029167175293
2.4201371669769287
3.032461166381836
3.586468458175659
3.3823604583740234
2.6825616359710693
1.7203384637832642
0.8455901145935059
0.29158279299736023
0.14579139649868011
0.11663311719894409
0.11663311719894409
0.11663311719894409
0.08747483789920807
0.08747483789920807
0.08747483789920807
0.058316558599472046
0.058316558599472046
0.08747483789920807
0.11663311719894409
0.29158279299736023
0.6123238801956177
0.6997987031936646
0.7289569973945618
0.6997987031936646
0.7289569973945618
0.8747483491897583
0.9913815259933472
0.8747483491897583
0.9913815259933472
2.070237874984741
3.3823604583740234
3.732259750366211
3.1782524585723877
2.070237874984741
1.0205397605895996
0.3498993515968323
0.11663311719894409
0.11663311719894409
0.11663311719894409
0.08747483789920807
0.08747483789920807
0.08747483789920807
0.08747483789920807
0.058316558599472046
0.08747483789920807
0.08747483789920807
0.20410795509815216
0.758115291595459
1.3704391717910767
1.516230583190918
1.516230583190918
1.1371729373931885
0.6123238801956177
0.29158279299736023
0.23326623439788818
0.20410795509815216
0.3498993515968323
1.5453888177871704
3.032461166381836
3.761418104171753
3.3240437507629395
2.18687105178833
1.1080145835876465
0.3790576457977295
0.11663311719894409
0.08747483789920807
0.08747483789920807
0.058316558599472046
0.058316558599472046
0.058316558599472046
0.058316558599472046
0.058316558599472046
0.08747483789920807
0.08747483789920807
0.29158279299736023
1.166331171989441
2.18687105178833
2.5367703437805176
2.332662343978882
1.807813286781311
1.0205397605895996
0.3498993515968323
0.058316558599472046
0.08747483789920807
0.5540072917938232
1.807813286781311
3.1490941047668457
3.761418104171753
3.2657272815704346
2.099396228790283
1.0205397605895996
0.3498993515968323
0.11663311719894409
0.08747483789920807
0.08747483789920807
0.058316558599472046
0.058316558599472046
0.058316558599472046
0.058316558599472046
0.058316558599472046
0.08747483789920807
0.08747483789920807
0.29158279299736023
1.3121225833892822
2.6534035205841064
3.3532021045684814
3.2365689277648926
2.5950868129730225
1.6911802291870117
0.8747483491897583
0.46653246879577637
0.46653246879577637
1.1371729373931885
2.3909788131713867
3.4115185737609863
3.673943281173706
3.003302812576294
1.836971640586853
0.8164318203926086
0.23326623439788818
0.08747483789920807
0.08747483789920807
0.058316558599472046
0.058316558599472046
0.058316558599472046
0.058316558599472046
0.058316558599472046
0.058316558599472046
0.058316558599472046
0.08747483789920807
0.23326623439788818
1.0496981143951416
2.4201371669769287
3.528151750564575
3.732259750366211
3.2948856353759766
2.6534035205841064
2.041079521179199
1.7203384637832642
1.807813286781311
2.5076119899749756
3.3823604583740234
3.732259750366211
3.4406769275665283
2.4784536361694336
1.3121225833892822
0.46653246879577637
0.11663311719894409
0.08747483789920807
0.08747483789920807
0.058316558599472046
0.058316558599472046
0.058316558599472046
0.058316558599472046
0.058316558599472046
0.058316558599472046
0.08747483789920807
0.08747483789920807
0.17494967579841614
0.6414821147918701
1.6911802291870117
2.915827989578247
3.615626573562622
3.703101396560669
3.4406769275665283
3.2365689277648926
3.2657272815704346
3.4406769275665283
3.819734573364258
3.9363677501678467
3.498993396759033
2.6825616359710693
1.5745470523834229
0.6706404089927673
0.20410795509815216
0.058316558599472046
0.058316558599472046
0.058316558599472046
0.058316558599472046
0.058316558599472046
0.058316558599472046
0.058316558599472046
0.058316558599472046
0.058316558599472046
0.08747483789920807
0.08747483789920807
0.11663311719894409
0.29158279299736023
0.8455901145935059
1.8661298751831055
2.886669635772705
3.528151750564575
3.761418104171753
3.8780510425567627
4.0238423347473145
4.082159042358398
3.9363677501678467
3.4698352813720703
2.5950868129730225
1.6037054061889648
0.758115291595459
0.29158279299736023
0.08747483789920807
0.08747483789920807
0.08747483789920807
0.08747483789920807
0.08747483789920807
0.058316558599472046
0.058316558599472046
0.058316558599472046
0.058316558599472046
0.058316558599472046
0.11663311719894409
0.08747483789920807
0.08747483789920807
0.11663311719894409
0.29158279299736023
0.758115291595459
1.6328636407852173
2.5659284591674805
3.1490941047668457
3.4698352813720703
3.673943281173706
3.557310104370117
3.032461166381836
2.274345874786377
1.4287556409835815
0.6997987031936646
0.2624245285987854
0.08747483789920807
0.058316558599472046
0.08747483789920807
0.08747483789920807
0.08747483789920807
0.08747483789920807
0.058316558599472046
0.058316558599472046
0.058316558599472046
0.058316558599472046
0.058316558599472046
0.08747483789920807
0.08747483789920807
0.08747483789920807
0.08747483789920807
0.08747483789920807
0.20410795509815216
0.6123238801956177
1.2246477603912354
1.807813286781311
2.157712697982788
2.245187520980835
2.070237874984741
1.5745470523834229
1.0205397605895996
0.5540072917938232
0.23326623439788818
0.08747483789920807
0.08747483789920807
0.058316558599472046
0.08747483789920807
0.08747483789920807
0.08747483789920807
0.08747483789920807
0.058316558599472046
0.058316558599472046
0.058316558599472046
0.058316558599472046
0.058316558599472046
0.058316558599472046
0.058316558599472046
0.058316558599472046
0.058316558599472046
0.058316558599472046
0.058316558599472046
0.17494967579841614
0.3790576457977295
0.6706404089927673
0.8747483491897583
0.96222323179245
0.8747483491897583
0.6123238801956177
0.3498993515968323
0.14579139649868011
0.058316558599472046
0.058316558599472046
0.058316558599472046
0.058316558599472046
0.058316558599472046
0.08747483789920807
0.058316558599472046
0.058316558599472046
0.058316558599472046
0.058316558599472046
0.058316558599472046
0.058316558599472046
0.058316558599472046
0.058316558599472046
0.058316558599472046
0.058316558599472046
0.058316558599472046
0.058316558599472046
0.058316558599472046
0.058316558599472046
0.08747483789920807
0.14579139649868011
0.20410795509815216
0.23326623439788818
0.20410795509815216
0.14579139649868011
0.11663311719894409
0.058316558599472046
0.058316558599472046
0.058316558599472046
0.058316558599472046
0.058316558599472046
0.058316558599472046
0.058316558599472046
0.058316558599472046
0.058316558599472046
0.058316558599472046
0.058316558599472046
0.058316558599472046
0.058316558599472046
0.058316558599472046
0.058316558599472046
0.058316558599472046
0.058316558599472046
0.058316558599472046
0.058316558599472046
0.058316558599472046
0.058316558599472046
0.058316558599472046
0.058316558599472046
0.058316558599472046
0.058316558599472046
0.058316558599472046
0.058316558599472046
0.058316558599472046
0.058316558599472046
0.058316558599472046
0.058316558599472046
0.058316558599472046
0.058316558599472046
0.058316558599472046
0.058316558599472046
0.058316558599472046
0.058316558599472046
0.058316558599472046
0.058316558599472046
0.058316558599472046
0.058316558599472046
0.058316558599472046
0.17494967579841614
0.17494967579841614
0.17494967579841614
0.17494967579841614
0.17494967579841614
0.17494967579841614
0.17494967579841614
0.14579139649868011
0.14579139649868011
0.14579139649868011
0.17494967579841614
0.17494967579841614
0.17494967579841614
0.17494967579841614
0.17494967579841614
0.14579139649868011
0.14579139649868011
0.17494967579841614
0.17494967579841614
0.17494967579841614
0.17494967579841614
0.14579139649868011
0.14579139649868011
0.14579139649868011
0.17494967579841614
0.17494967579841614
0.14579139649868011
0.17494967579841614
0.17494967579841614
0.17494967579841614
0.17494967579841614
0.17494967579841614
0.17494967579841614
0.17494967579841614
0.17494967579841614
0.17494967579841614
0.14579139649868011
0.14579139649868011
0.14579139649868011
0.17494967579841614
0.17494967579841614
0.17494967579841614
0.14579139649868011
0.14579139649868011
0.14579139649868011
0.17494967579841614
0.17494967579841614
0.17494967579841614
0.17494967579841614
0.17494967579841614
0.14579139649868011
0.14579139649868011
0.17494967579841614
0.14579139649868011
0.14579139649868011
0.17494967579841614
0.17494967579841614
0.17494967579841614
0.17494967579841614
0.17494967579841614
0.17494967579841614
0.17494967579841614
0.17494967579841614
0.14579139649868011
0.14579139649868011
0.14579139649868011
0.17494967579841614
0.17494967579841614
0.17494967579841614
0.17494967579841614
0.17494967579841614
0.14579139649868011
0.14579139649868011
0.17494967579841614
0.17494967579841614
0.17494967579841614
0.17494967579841614
0.17494967579841614
0.14579139649868011
0.14579139649868011
0.14579139649868011
0.14579139649868011
0.17494967579841614
0.14579139649868011
0.17494967579841614
0.17494967579841614
0.17494967579841614
0.17494967579841614
0.17494967579841614
0.17494967579841614
0.14579139649868011
0.14579139649868011
0.14579139649868011
0.14579139649868011
0.14579139649868011
0.14579139649868011
0.17494967579841614
0.17494967579841614
0.17494967579841614
0.17494967579841614
0.17494967579841614
0.17494967579841614
0.17494967579841614
0.17494967579841614
0.17494967579841614
0.17494967579841614
0.17494967579841614
0.17494967579841614
0.17494967579841614
0.17494967579841614
0.17494967579841614
0.14579139649868011
0.17494967579841614
0.17494967579841614
0.17494967579841614
0.17494967579841614
0.17494967579841614
0.17494967579841614
0.17494967579841614
0.14579139649868011
0.14579139649868011
0.14579139649868011
0.14579139649868011
0.17494967579841614
0.17494967579841614
0.17494967579841614
0.17494967579841614
0.20410795509815216
0.23326623439788818
0.2624245285987854
0.2624245285987854
0.2624245285987854
0.2624245285987854
0.2624245285987854
0.23326623439788818
0.2624245285987854
0.32074105739593506
0.32074105739593506
0.2624245285987854
0.17494967579841614
0.17494967579841614
0.17494967579841614
0.17494967579841614
0.17494967579841614
0.17494967579841614
0.17494967579841614
0.17494967579841614
0.14579139649868011
0.14579139649868011
0.17494967579841614
0.20410795509815216
0.20410795509815216
0.17494967579841614
0.17494967579841614
0.2624245285987854
0.3790576457977295
0.46653246879577637
0.46653246879577637
0.4956907629966736
0.46653246879577637
0.43737417459487915
0.4082159101963043
0.4082159101963043
0.46653246879577637
0.5831655859947205
0.5831655859947205
0.4082159101963043
0.23326623439788818
0.17494967579841614
0.17494967579841614
0.17494967579841614
0.17494967579841614
0.17494967579841614
0.17494967579841614
0.17494967579841614
0.17494967579841614
0.17494967579841614
0.20410795509815216
0.17494967579841614
0.08747483789920807
0.08747483789920807
0.14579139649868011
0.29158279299736023
0.43737417459487915
0.5248490571975708
0.4956907629966736
0.4956907629966736
0.46653246879577637
0.43737417459487915
0.3790576457977295
0.43737417459487915
0.6123238801956177
0.758115291595459
0.7289569973945618
0.4956907629966736
0.23326623439788818
0.17494967579841614
0.17494967579841614
0.17494967579841614
0.17494967579841614
0.17494967579841614
0.17494967579841614
0.17494967579841614
0.17494967579841614
0.17494967579841614
0.11663311719894409
0.029158279299736023
0.0
0.0
0.11663311719894409
0.29158279299736023
0.3498993515968323
0.3498993515968323
0.2624245285987854
0.20410795509815216
0.20410795509815216
0.14579139649868011
0.08747483789920807
0.20410795509815216
0.4956907629966736
0.7289569973945618
0.7289569973945618
0.43737417459487915
0.23326623439788818
0.17494967579841614
0.17494967579841614
0.17494967579841614
0.17494967579841614
0.17494967579841614
0.17494967579841614
0.17494967579841614
0.14579139649868011
0.11663311719894409
0.0
0.0
0.0
0.0
0.058316558599472046
0.23326623439788818
0.2624245285987854
0.14579139649868011
0.058316558599472046
0.0
0.0
0.0
0.0
0.0
0.29158279299736023
0.6123238801956177
0.6123238801956177
0.3790576457977295
0.20410795509815216
0.17494967579841614
0.17494967579841614
0.17494967579841614
0.17494967579841614
0.17494967579841614
0.17494967579841614
0.17494967579841614
0.14579139649868011
0.08747483789920807
0.0
0.0
0.0
0.0
0.14579139649868011
0.32074105739593506
0.2624245285987854
0.058316558599472046
0.0
0.0
0.0
0.0
0.0
0.0
0.23326623439788818
0.43737417459487915
0.4956907629966736
0.3498993515968323
0.20410795509815216
0.17494967579841614
0.17494967579841614
0.17494967579841614
0.17494967579841614
0.17494967579841614
0.17494967579841614
0.17494967579841614
0.17494967579841614
0.0
0.0
0.0
0.0
0.08747483789920807
0.46653246879577637
0.6414821147918701
0.46653246879577637
0.29158279299736023
0.11663311719894409
0.0
0.0
0.0
0.0
0.0
0.20410795509815216
0.3498993515968323
0.3498993515968323
0.2624245285987854
0.17494967579841614
0.17494967579841614
0.17494967579841614
0.17494967579841614
0.17494967579841614
0.17494967579841614
0.17494967579841614
0.17494967579841614
0.11663311719894409
0.0
0.0
0.0
0.0
0.29158279299736023
0.6997987031936646
0.8455901145935059
0.758115291595459
0.6123238801956177
0.3790576457977295
0.20410795509815216
0.08747483789920807
0.058316558599472046
0.029158279299736023
0.08747483789920807
0.20410795509815216
0.2624245285987854
0.23326623439788818
0.17494967579841614
0.17494967579841614
0.17494967579841614
0.17494967579841614
0.17494967579841614
0.17494967579841614
0.17494967579841614
0.17494967579841614
0.14579139649868011
0.029158279299736023
0.0
0.0
0.0
0.0
0.29158279299736023
0.6706404089927673
0.7872735261917114
0.7872735261917114
0.7289569973945618
0.6123238801956177
0.4082159101963043
0.23326623439788818
0.14579139649868011
0.14579139649868011
0.14579139649868011
0.17494967579841614
0.20410795509815216
0.17494967579841614
0.17494967579841614
0.17494967579841614
0.17494967579841614
0.17494967579841614
0.17494967579841614
0.17494967579841614
0.17494967579841614
0.17494967579841614
0.11663311719894409
0.0
0.0
0.0
0.0
0.0
0.11663311719894409
0.29158279299736023
0.3790576457977295
0.5540072917938232
0.6414821147918701
0.758115291595459
0.5831655859947205
0.3790576457977295
0.20410795509815216
0.17494967579841614
0.14579139649868011
0.17494967579841614
0.17494967579841614
0.17494967579841614
0.17494967579841614
0.17494967579841614
0.17494967579841614
0.17494967579841614
0.17494967579841614
0.17494967579841614
0.17494967579841614
0.14579139649868011
0.14579139649868011
0.0
0.0
0.0
0.0
0.0
0.0
0.0
0.0
0.20410795509815216
0.4956907629966736
0.8455901145935059
0.7289569973945618
0.46653246879577637
0.20410795509815216
0.17494967579841614
0.14579139649868011
0.17494967579841614
0.17494967579841614
0.17494967579841614
0.17494967579841614
0.17494967579841614
0.17494967579841614
0.17494967579841614
0.17494967579841614
0.20410795509815216
0.14579139649868011
0.14579139649868011
0.23326623439788818
0.17494967579841614
0.0
0.0
0.0
0.0
0.0
0.0
0.0
0.0
0.3790576457977295
0.9039066433906555
0.8747483491897583
0.5248490571975708
0.23326623439788818
0.14579139649868011
0.17494967579841614
0.17494967579841614
0.17494967579841614
0.14579139649868011
0.17494967579841614
0.17494967579841614
0.14579139649868011
0.17494967579841614
0.17494967579841614
0.14579139649868011
0.058316558599472046
0.08747483789920807
0.2624245285987854
0.4956907629966736
0.32074105739593506
0.058316558599472046
0.058316558599472046
0.11663311719894409
0.08747483789920807
0.0
0.0
0.0
0.23326623439788818
0.9039066433906555
0.9913815259933472
0.5831655859947205
0.23326623439788818
0.14579139649868011
0.14579139649868011
0.17494967579841614
0.17494967579841614
0.14579139649868011
0.17494967579841614
0.17494967579841614
0.14579139649868011
0.17494967579841614
0.14579139649868011
0.0
0.0
0.0
0.2624245285987854
0.7289569973945618
0.6414821147918701
0.43737417459487915
0.23326623439788818
0.20410795509815216
0.17494967579841614
0.0
0.0
0.0
0.20410795509815216
0.8747483491897583
0.96222323179245
0.5831655859947205
0.23326623439788818
0.17494967579841614
0.17494967579841614
0.17494967579841614
0.17494967579841614
0.14579139649868011
0.14579139649868011
0.14579139649868011
0.14579139649868011
0.14579139649868011
0.11663311719894409
0.0
0.0
0.0
0.20410795509815216
0.7289569973945618
0.8747483491897583
0.6414821147918701
0.43737417459487915
0.29158279299736023
0.11663311719894409
0.0
0.0
0.0
0.3498993515968323
0.8747483491897583
0.8747483491897583
0.46653246879577637
0.20410795509815216
0.17494967579841614
0.17494967579841614
0.17494967579841614
0.17494967579841614
0.17494967579841614
0.17494967579841614
0.17494967579841614
0.14579139649868011
0.14579139649868011
0.08747483789920807
0.0
0.0
0.0
0.0
0.5831655859947205
0.9330649375915527
0.8455901145935059
0.6414821147918701
0.43737417459487915
0.14579139649868011
0.0
0.0
0.029158279299736023
0.5248490571975708
0.7872735261917114
0.6706404089927673
0.3498993515968323
0.20410795509815216
0.17494967579841614
0.17494967579841614
0.17494967579841614
0.17494967579841614
0.17494967579841614
0.17494967579841614
0.17494967579841614
0.14579139649868011
0.14579139649868011
0.11663311719894409
0.0
0.0
0.0
0.0
0.20410795509815216
0.6123238801956177
0.6706404089927673
0.5540072917938232
0.4082159101963043
0.17494967579841614
0.08747483789920807
0.058316558599472046
0.29158279299736023
0.5540072917938232
0.6123238801956177
0.46653246879577637
0.29158279299736023
0.17494967579841614
0.14579139649868011
0.17494967579841614
0.17494967579841614
0.17494967579841614
0.17494967579841614
0.17494967579841614
0.17494967579841614
0.14579139649868011
0.14579139649868011
0.14579139649868011
0.0
0.0
0.0
0.0
0.0
0.14579139649868011
0.32074105739593506
0.3498993515968323
0.2624245285987854
0.14579139649868011
0.14579139649868011
0.17494967579841614
0.3790576457977295
0.4956907629966736
0.46653246879577637
0.3498993515968323
0.23326623439788818
0.17494967579841614
0.17494967579841614
0.17494967579841614
0.17494967579841614
0.17494967579841614
0.17494967579841614
0.17494967579841614
0.17494967579841614
0.14579139649868011
0.14579139649868011
0.14579139649868011
0.08747483789920807
0.0
0.0
0.0
0.0
0.0
0.0
0.029158279299736023
0.029158279299736023
0.029158279299736023
0.11663311719894409
0.2624245285987854
0.4082159101963043
0.43737417459487915
0.3498993515968323
0.2624245285987854
0.17494967579841614
0.14579139649868011
0.14579139649868011
0.17494967579841614
0.17494967579841614
0.17494967579841614
0.17494967579841614
0.17494967579841614
0.17494967579841614
0.14579139649868011
0.14579139649868011
0.17494967579841614
0.14579139649868011
0.08747483789920807
0.0
0.0
0.0
0.0
0.0
0.0
0.0
0.029158279299736023
0.23326623439788818
0.3790576457977295
0.4082159101963043
0.32074105739593506
0.23326623439788818
0.17494967579841614
0.14579139649868011
0.17494967579841614
0.14579139649868011
0.17494967579841614
0.17494967579841614
0.17494967579841614
0.17494967579841614
0.17494967579841614
0.17494967579841614
0.14579139649868011
0.14579139649868011
0.14579139649868011
0.17494967579841614
0.14579139649868011
0.08747483789920807
0.0
0.0
0.0
0.0
0.0
0.0
0.11663311719894409
0.29158279299736023
0.3498993515968323
0.29158279299736023
0.20410795509815216
0.17494967579841614
0.17494967579841614
0.14579139649868011
0.14579139649868011
0.14579139649868011
0.17494967579841614
0.17494967579841614
0.17494967579841614
0.17494967579841614
0.17494967579841614
0.17494967579841614
0.14579139649868011
0.14579139649868011
0.14579139649868011
0.17494967579841614
0.17494967579841614
0.14579139649868011
0.11663311719894409
0.029158279299736023
0.0
0.0
0.0
0.08747483789920807
0.17494967579841614
0.2624245285987854
0.2624245285987854
0.20410795509815216
0.17494967579841614
0.17494967579841614
0.17494967579841614
0.14579139649868011
0.14579139649868011
0.14579139649868011
0.17494967579841614
0.17494967579841614
0.17494967579841614
0.17494967579841614
0.17494967579841614
0.17494967579841614
0.17494967579841614
0.17494967579841614
0.17494967579841614
0.17494967579841614
0.17494967579841614
0.17494967579841614
0.14579139649868011
0.14579139649868011
0.11663311719894409
0.11663311719894409
0.11663311719894409
0.14579139649868011
0.17494967579841614
0.17494967579841614
0.17494967579841614
0.17494967579841614
0.17494967579841614
0.17494967579841614
0.17494967579841614
0.14579139649868011
0.14579139649868011
0.17494967579841614
0.17494967579841614
0.17494967579841614
0.17494967579841614
0.17494967579841614
0.17494967579841614
0.17494967579841614
0.17494967579841614
0.17494967579841614
0.17494967579841614
0.17494967579841614
0.17494967579841614
0.17494967579841614
0.17494967579841614
0.17494967579841614
0.17494967579841614
0.17494967579841614
0.17494967579841614
0.17494967579841614
0.17494967579841614
0.17494967579841614
0.17494967579841614
0.17494967579841614
0.17494967579841614
0.17494967579841614
0.17494967579841614
0.17494967579841614
0.17494967579841614
0.17494967579841614
0.17494967579841614
0.17494967579841614
0.17494967579841614
0.17494967579841614
0.17494967579841614
0.17494967579841614
0.0
0.0
0.0
0.0
0.0
0.0
0.0
0.0
0.0
0.0
0.0
0.0
0.0
0.0
0.0
0.0
0.0
0.0
0.0
0.0
0.0
0.0
0.0
0.0
0.0
0.0
0.0
0.0
0.0
0.0
0.0
0.0
0.0
0.0
0.0
0.0
0.0
0.0
0.0
0.0
0.0
0.0
0.0
0.0
0.0
0.0
0.0
0.0
0.0
0.0
0.0
0.0
0.0
0.0
0.0
0.0
0.0
0.0
0.0
0.0
0.0
0.0
0.0
0.0
0.0
0.0
0.0
0.0
0.0
0.0
0.0
0.0
0.0
0.0
0.0
0.0
0.0
0.0
0.0
0.0
0.0
0.0
0.0
0.0
0.0
0.0
0.0
0.0
0.0
0.0
0.0
0.0
0.0
0.0
0.0
0.0
0.0
0.0
0.0
0.0
0.0
0.0
0.0
0.0
0.0
0.0
0.0
0.0
0.0
0.029158279299736023
0.0
0.0
0.0
0.0
0.0
0.0
0.0
0.0
0.0
0.0
0.0
0.0
0.0
0.0
0.0
0.0
0.0
0.0
0.0
0.0
0.0
0.0
0.0
0.0
0.0
0.029158279299736023
0.058316558599472046
0.029158279299736023
0.0
0.0
0.0
0.0
0.0
0.0
0.0
0.0
0.0
0.0
0.0
0.0
0.0
0.0
0.0
0.0
0.029158279299736023
0.08747483789920807
0.058316558599472046
0.029158279299736023
0.029158279299736023
0.029158279299736023
0.029158279299736023
0.058316558599472046
0.11663311719894409
0.14579139649868011
0.11663311719894409
0.029158279299736023
0.0
0.0
0.0
0.0
0.0
0.0
0.0
0.0
0.0
0.0
0.0
0.0
0.0
0.0
0.058316558599472046
0.20410795509815216
0.2624245285987854
0.2624245285987854
0.20410795509815216
0.17494967579841614
0.17494967579841614
0.20410795509815216
0.23326623439788818
0.29158279299736023
0.29158279299736023
0.2624245285987854
0.14579139649868011
0.0
0.0
0.0
0.0
0.0
0.0
0.0
0.0
0.0
0.0
0.0
0.0
0.0
0.029158279299736023
0.23326623439788818
0.46653246879577637
0.6123238801956177
0.6414821147918701
0.5540072917938232
0.43737417459487915
0.43737417459487915
0.43737417459487915
0.43737417459487915
0.46653246879577637
0.5248490571975708
0.4956907629966736
0.32074105739593506
0.058316558599472046
0.0
0.0
0.0
0.0
0.0
0.0
0.0
0.0
0.0
0.0
0.0
0.029158279299736023
0.11663311719894409
0.2624245285987854
0.5248490571975708
0.8164318203926086
0.8747483491897583
0.7289569973945618
0.5540072917938232
0.4956907629966736
0.4956907629966736
0.5248490571975708
0.5831655859947205
0.6414821147918701
0.7289569973945618
0.6123238801956177
0.2624245285987854
0.0
0.0
0.0
0.0
0.0
0.0
0.0
0.0
0.0
0.0
0.0
0.0
0.058316558599472046
0.20410795509815216
0.4956907629966736
0.9330649375915527
1.166331171989441
1.0205397605895996
0.6414821147918701
0.4082159101963043
0.4082159101963043
0.43737417459487915
0.4956907629966736
0.5540072917938232
0.6123238801956177
0.6123238801956177
0.46653246879577637
0.14579139649868011
0.0
0.0
0.0
0.0
0.0
0.0
0.0
0.0
0.0
0.0
0.0
0.0
0.11663311719894409
0.4082159101963043
0.8455901145935059
1.1371729373931885
0.9913815259933472
0.6123238801956177
0.23326623439788818
0.14579139649868011
0.20410795509815216
0.23326623439788818
0.29158279299736023
0.3498993515968323
0.4082159101963043
0.3790576457977295
0.2624245285987854
0.0
0.0
0.0
0.0
0.0
0.0
0.0
0.0
0.0
0.0
0.0
0.0
0.029158279299736023
0.20410795509815216
0.5831655859947205
1.0496981143951416
1.1080145835876465
0.7289569973945618
0.2624245285987854
0.0
0.0
0.0
0.029158279299736023
0.08747483789920807
0.17494967579841614
0.23326623439788818
0.20410795509815216
0.08747483789920807
0.0
0.0
0.0
0.0
0.0
0.0
0.0
0.0
0.0
0.0
0.0
0.0
0.11663311719894409
0.3498993515968323
0.7872735261917114
1.1954894065856934
1.0496981143951416
0.5248490571975708
0.058316558599472046
0.0
0.0
0.0
0.0
0.0
0.029158279299736023
0.058316558599472046
0.058316558599472046
0.029158279299736023
0.0
0.0
0.0
0.0
0.0
0.0
0.0
0.0
0.0
0.0
0.0
0.058316558599472046
0.23326623439788818
0.5540072917938232
1.0205397605895996
1.2246477603912354
0.8747483491897583
0.4082159101963043
0.17494967579841614
0.058316558599472046
0.0
0.058316558599472046
0.0
0.0
0.0
0.0
0.0
0.0
0.0
0.0
0.0
0.0
0.0
0.0
0.0
0.0
0.0
0.0
0.0
0.08747483789920807
0.3498993515968323
0.6706404089927673
0.9330649375915527
0.9330649375915527
0.6706404089927673
0.46653246879577637
0.3498993515968323
0.2624245285987854
0.14579139649868011
0.17494967579841614
0.029158279299736023
0.0
0.0
0.0
0.0
0.029158279299736023
0.0
0.0
0.0
0.0
0.0
0.0
0.0
0.0
0.0
0.0
0.0
0.14579139649868011
0.3790576457977295
0.5248490571975708
0.6706404089927673
0.5540072917938232
0.4082159101963043
0.3790576457977295
0.4956907629966736
0.4082159101963043
0.3498993515968323
0.32074105739593506
0.029158279299736023
0.0
0.0
0.0
0.0
0.0
0.0
0.0
0.0
0.0
0.0
0.0
0.0
0.0
0.0
0.0
0.08747483789920807
0.2624245285987854
0.29158279299736023
0.32074105739593506
0.3498993515968323
0.20410795509815216
0.14579139649868011
0.23326623439788818
0.5248490571975708
0.6414821147918701
0.6706404089927673
0.4956907629966736
0.029158279299736023
0.0
0.0
0.0
0.0
0.0
0.0
0.0
0.0
0.0
0.0
0.0
0.0
0.029158279299736023
0.11663311719894409
0.17494967579841614
0.2624245285987854
0.3498993515968323
0.14579139649868011
0.0
0.0
0.029158279299736023
0.0
0.058316558599472046
0.3790576457977295
0.758115291595459
0.9913815259933472
0.6706404089927673
0.029158279299736023
0.0
0.0
0.0
0.0
0.0
0.0
0.0
0.0
0.0
0.0
0.0
0.0
0.058316558599472046
0.23326623439788818
0.4082159101963043
0.46653246879577637
0.4082159101963043
0.11663311719894409
0.0
0.0
0.0
0.0
0.029158279299736023
0.4082159101963043
0.9039066433906555
1.1371729373931885
0.6414821147918701
0.0
0.0
0.0
0.0
0.0
0.0
0.0
0.0
0.0
0.0
0.0
0.0
0.0
0.08747483789920807
0.3790576457977295
0.6706404089927673
0.7289569973945618
0.43737417459487915
0.11663311719894409
0.0
0.0
0.0
0.0
0.20410795509815216
0.6706404089927673
1.078856348991394
1.078856348991394
0.3790576457977295
0.0
0.0
0.0
0.0
0.0
0.0
0.0
0.0
0.0
0.0
0.0
0.0
0.0
0.08747483789920807
0.4082159101963043
0.7872735261917114
0.8455901145935059
0.6414821147918701
0.23326623439788818
0.0
0.0
0.0
0.20410795509815216
0.5248490571975708
0.9330649375915527
1.0496981143951416
0.6706404089927673
0.0
0.0
0.0
0.0
0.0
0.0
0.0
0.0
0.0
0.0
0.0
0.0
0.0
0.0
0.058316558599472046
0.29158279299736023
0.6414821147918701
0.8747483491897583
0.6997987031936646
0.46653246879577637
0.29158279299736023
0.29158279299736023
0.3498993515968323
0.46653246879577637
0.758115291595459
0.8747483491897583
0.6706404089927673
0.20410795509815216
0.0
0.0
0.0
0.0
0.0
0.0
0.0
0.0
0.0
0.0
0.0
0.0
0.0
0.029158279299736023
0.029158279299736023
0.17494967579841614
0.4082159101963043
0.6706404089927673
0.758115291595459
0.6123238801956177
0.4956907629966736
0.46653246879577637
0.5248490571975708
0.6706404089927673
0.7872735261917114
0.6414821147918701
0.23326623439788818
0.0
0.0
0.0
0.0
0.0
0.0
0.0
0.0
0.0
0.0
0.0
0.0
0.0
0.0
0.0
0.0
0.029158279299736023
0.17494967579841614
0.4082159101963043
0.6123238801956177
0.7289569973945618
0.6997987031936646
0.6997987031936646
0.6706404089927673
0.5831655859947205
0.46653246879577637
0.17494967579841614
0.0
0.0
0.0
0.0
0.0
0.0
0.0
0.0
0.0
0.0
0.0
0.0
0.0
0.0
0.029158279299736023
0.0
0.0
0.0
0.029158279299736023
0.11663311719894409
0.32074105739593506
0.4956907629966736
0.5831655859947205
0.5248490571975708
0.46653246879577637
0.32074105739593506
0.14579139649868011
0.0
0.0
0.0
0.0
0.0
0.0
0.0
0.0
0.0
0.0
0.0
0.0
0.0
0.0
0.0
0.0
0.0
0.0
0.0
0.0
0.029158279299736023
0.11663311719894409
0.23326623439788818
0.32074105739593506
0.32074105739593506
0.23326623439788818
0.11663311719894409
0.0
0.0
0.0
0.0
0.0
0.0
0.0
0.0
0.0
0.0
0.0
0.0
0.0
0.0
0.0
0.0
0.0
0.0
0.0
0.0
0.0
0.0
0.0
0.058316558599472046
0.058316558599472046
0.08747483789920807
0.058316558599472046
0.029158279299736023
0.0
0.0
0.0
0.0
0.0
0.0
0.0
0.0
0.0
0.0
0.0
0.0
0.0
0.0
0.0
0.0
0.0
0.0
0.0
0.0
0.0
0.0
0.0
0.0
0.0
0.0
0.0
0.0
0.0
0.0
0.0
0.0
0.0
0.0
0.0
0.0
0.0
0.0
0.0
0.0
0.0
0.0
0.0
0.0
0.11663311719894409
0.11663311719894409
0.11663311719894409
0.11663311719894409
0.11663311719894409
0.11663311719894409
0.11663311719894409
0.11663311719894409
0.11663311719894409
0.11663311719894409
0.11663311719894409
0.11663311719894409
0.11663311719894409
0.11663311719894409
0.11663311719894409
0.08747483789920807
0.08747483789920807
0.11663311719894409
0.11663311719894409
0.11663311719894409
0.11663311719894409
0.11663311719894409
0.11663311719894409
0.11663311719894409
0.11663311719894409
0.11663311719894409
0.11663311719894409
0.11663311719894409
0.11663311719894409
0.11663311719894409
0.11663311719894409
0.11663311719894409
0.11663311719894409
0.11663311719894409
0.11663311719894409
0.11663311719894409
0.11663311719894409
0.08747483789920807
0.08747483789920807
0.11663311719894409
0.11663311719894409
0.11663311719894409
0.11663311719894409
0.11663311719894409
0.11663311719894409
0.11663311719894409
0.11663311719894409
0.11663311719894409
0.11663311719894409
0.11663311719894409
0.11663311719894409
0.08747483789920807
0.11663311719894409
0.08747483789920807
0.11663311719894409
0.11663311719894409
0.11663311719894409
0.11663311719894409
0.11663311719894409
0.11663311719894409
0.11663311719894409
0.11663311719894409
0.11663311719894409
0.08747483789920807
0.08747483789920807
0.08747483789920807
0.11663311719894409
0.11663311719894409
0.11663311719894409
0.11663311719894409
0.11663311719894409
0.08747483789920807
0.08747483789920807
0.08747483789920807
0.11663311719894409
0.11663311719894409
0.11663311719894409
0.08747483789920807
0.11663311719894409
0.11663311719894409
0.11663311719894409
0.11663311719894409
0.11663311719894409
0.11663311719894409
0.11663311719894409
0.11663311719894409
0.11663311719894409
0.11663311719894409
0.11663311719894409
0.11663311719894409
0.11663311719894409
0.11663311719894409
0.11663311719894409
0.11663311719894409
0.08747483789920807
0.11663311719894409
0.08747483789920807
0.08747483789920807
0.08747483789920807
0.08747483789920807
0.11663311719894409
0.11663311719894409
0.11663311719894409
0.11663311719894409
0.11663311719894409
0.08747483789920807
0.11663311719894409
0.11663311719894409
0.11663311719894409
0.11663311719894409
0.11663311719894409
0.11663311719894409
0.11663311719894409
0.11663311719894409
0.11663311719894409
0.11663311719894409
0.11663311719894409
0.11663311719894409
0.11663311719894409
0.11663311719894409
0.11663311719894409
0.08747483789920807
0.08747483789920807
0.08747483789920807
0.08747483789920807
0.08747483789920807
0.08747483789920807
0.058316558599472046
0.08747483789920807
0.11663311719894409
0.11663311719894409
0.08747483789920807
0.08747483789920807
0.08747483789920807
0.08747483789920807
0.11663311719894409
0.11663311719894409
0.14579139649868011
0.17494967579841614
0.11663311719894409
0.11663311719894409
0.11663311719894409
0.11663311719894409
0.11663311719894409
0.11663311719894409
0.11663311719894409
0.11663311719894409
0.08747483789920807
0.08747483789920807
0.08747483789920807
0.08747483789920807
0.058316558599472046
0.029158279299736023
0.0
0.0
0.0
0.058316558599472046
0.08747483789920807
0.08747483789920807
0.08747483789920807
0.058316558599472046
0.029158279299736023
0.029158279299736023
0.08747483789920807
0.17494967579841614
0.23326623439788818
0.2624245285987854
0.17494967579841614
0.11663311719894409
0.11663311719894409
0.11663311719894409
0.11663311719894409
0.11663311719894409
0.11663311719894409
0.11663311719894409
0.08747483789920807
0.08747483789920807
0.058316558599472046
0.029158279299736023
0.0
0.0
0.0
0.0
0.0
0.0
0.0
0.0
0.0
0.0
0.0
0.0
0.08747483789920807
0.17494967579841614
0.29158279299736023
0.29158279299736023
0.17494967579841614
0.11663311719894409
0.11663311719894409
0.11663311719894409
0.11663311719894409
0.11663311719894409
0.11663311719894409
0.11663311719894409
0.08747483789920807
0.058316558599472046
0.0
0.0
0.0
0.0
0.0
0.0
0.0
0.0
0.0
0.0
0.0
0.0
0.0
0.0
0.029158279299736023
0.20410795509815216
0.29158279299736023
0.2624245285987854
0.14579139649868011
0.11663311719894409
0.11663311719894409
0.11663311719894409
0.11663311719894409
0.11663311719894409
0.11663311719894409
0.11663311719894409
0.08747483789920807
0.029158279299736023
0.0
0.0
0.0
0.0
0.0
0.0
0.0
0.0
0.0
0.0
0.0
0.0
0.0
0.0
0.11663311719894409
0.32074105739593506
0.32074105739593506
0.23326623439788818
0.11663311719894409
0.11663311719894409
0.11663311719894409
0.11663311719894409
0.11663311719894409
0.11663311719894409
0.11663311719894409
0.08747483789920807
0.058316558599472046
0.0
0.0
0.0
0.0
0.0
0.0
0.14579139649868011
0.2624245285987854
0.14579139649868011
0.11663311719894409
0.08747483789920807
0.058316558599472046
0.029158279299736023
0.029158279299736023
0.11663311719894409
0.29158279299736023
0.4082159101963043
0.3790576457977295
0.23326623439788818
0.11663311719894409
0.11663311719894409
0.11663311719894409
0.11663311719894409
0.11663311719894409
0.11663311719894409
0.11663311719894409
0.08747483789920807
0.029158279299736023
0.0
0.0
0.0
0.0
0.0
0.11663311719894409
0.3498993515968323
0.3790576457977295
0.32074105739593506
0.2624245285987854
0.20410795509815216
0.17494967579841614
0.14579139649868011
0.14579139649868011
0.20410795509815216
0.3498993515968323
0.4082159101963043
0.32074105739593506
0.20410795509815216
0.11663311719894409
0.11663311719894409
0.11663311719894409
0.11663311719894409
0.11663311719894409
0.11663311719894409
0.11663311719894409
0.08747483789920807
0.0
0.0
0.0
0.0
0.0
0.0
0.23326623439788818
0.43737417459487915
0.46653246879577637
0.3790576457977295
0.29158279299736023
0.20410795509815216
0.11663311719894409
0.08747483789920807
0.11663311719894409
0.23326623439788818
0.29158279299736023
0.2624245285987854
0.17494967579841614
0.11663311719894409
0.11663311719894409
0.11663311719894409
0.11663311719894409
0.11663311719894409
0.11663311719894409
0.11663311719894409
0.11663311719894409
0.08747483789920807
0.0
0.0
0.0
0.0
0.0
0.029158279299736023
0.2624245285987854
0.2624245285987854
0.29158279299736023
0.29158279299736023
0.2624245285987854
0.23326623439788818
0.14579139649868011
0.08747483789920807
0.11663311719894409
0.14579139649868011
0.14579139649868011
0.14579139649868011
0.11663311719894409
0.11663311719894409
0.11663311719894409
0.11663311719894409
0.11663311719894409
0.11663311719894409
0.11663311719894409
0.11663311719894409
0.11663311719894409
0.08747483789920807
0.0
0.0
0.0
0.0
0.0
0.14579139649868011
0.11663311719894409
0.058316558599472046
0.058316558599472046
0.08747483789920807
0.20410795509815216
0.29158279299736023
0.2624245285987854
0.14579139649868011
0.08747483789920807
0.08747483789920807
0.08747483789920807
0.11663311719894409
0.11663311719894409
0.11663311719894409
0.11663311719894409
0.11663311719894409
0.11663311719894409
0.11663311719894409
0.08747483789920807
0.08747483789920807
0.11663311719894409
0.058316558599472046
0.0
0.0
0.0
0.0
0.0
0.08747483789920807
0.058316558599472046
0.0
0.058316558599472046
0.029158279299736023
0.20410795509815216
0.29158279299736023
0.29158279299736023
0.14579139649868011
0.11663311719894409
0.11663311719894409
0.11663311719894409
0.11663311719894409
0.11663311719894409
0.11663311719894409
0.11663311719894409
0.11663311719894409
0.08747483789920807
0.08747483789920807
0.029158279299736023
0.058316558599472046
0.08747483789920807
0.0
0.0
0.0
0.0
0.0
0.14579139649868011
0.14579139649868011
0.0
0.0
0.0
0.0
0.23326623439788818
0.32074105739593506
0.3498993515968323
0.17494967579841614
0.11663311719894409
0.11663311719894409
0.11663311719894409
0.11663311719894409
0.08747483789920807
0.11663311719894409
0.11663311719894409
0.11663311719894409
0.08747483789920807
0.08747483789920807
0.0
0.0
0.0
0.0
0.029158279299736023
0.11663311719894409
0.11663311719894409
0.20410795509815216
0.23326623439788818
0.08747483789920807
0.0
0.0
0.0
0.058316558599472046
0.3498993515968323
0.43737417459487915
0.3498993515968323
0.14579139649868011
0.08747483789920807
0.11663311719894409
0.11663311719894409
0.11663311719894409
0.11663311719894409
0.11663311719894409
0.11663311719894409
0.08747483789920807
0.11663311719894409
0.058316558599472046
0.0
0.0
0.0
0.0
0.08747483789920807
0.23326623439788818
0.29158279299736023
0.20410795509815216
0.14579139649868011
0.029158279299736023
0.0
0.0
0.0
0.029158279299736023
0.4082159101963043
0.5248490571975708
0.3498993515968323
0.14579139649868011
0.11663311719894409
0.11663311719894409
0.11663311719894409
0.11663311719894409
0.11663311719894409
0.11663311719894409
0.11663311719894409
0.08747483789920807
0.11663311719894409
0.058316558599472046
0.0
0.0
0.0
0.0
0.08747483789920807
0.2624245285987854
0.29158279299736023
0.20410795509815216
0.11663311719894409
0.0
0.0
0.0
0.0
0.14579139649868011
0.4956907629966736
0.5248490571975708
0.29158279299736023
0.14579139649868011
0.11663311719894409
0.11663311719894409
0.11663311719894409
0.11663311719894409
0.11663311719894409
0.11663311719894409
0.11663311719894409
0.08747483789920807
0.11663311719894409
0.058316558599472046
0.0
0.0
0.0
0.0
0.0
0.14579139649868011
0.20410795509815216
0.20410795509815216
0.11663311719894409
0.0
0.0
0.0
0.0
0.29158279299736023
0.5540072917938232
0.46653246879577637
0.23326623439788818
0.11663311719894409
0.11663311719894409
0.11663311719894409
0.11663311719894409
0.11663311719894409
0.11663311719894409
0.11663311719894409
0.11663311719894409
0.11663311719894409
0.11663311719894409
0.058316558599472046
0.0
0.0
0.0
0.0
0.029158279299736023
0.058316558599472046
0.029158279299736023
0.0
0.0
0.0
0.0
0.0
0.058316558599472046
0.43737417459487915
0.4956907629966736
0.3498993515968323
0.20410795509815216
0.11663311719894409
0.11663311719894409
0.11663311719894409
0.11663311719894409
0.11663311719894409
0.11663311719894409
0.11663311719894409
0.11663311719894409
0.08747483789920807
0.08747483789920807
0.058316558599472046
0.0
0.0
0.0
0.0
0.0
0.0
0.0
0.0
0.0
0.0
0.0
0.0
0.23326623439788818
0.43737417459487915
0.4082159101963043
0.2624245285987854
0.14579139649868011
0.11663311719894409
0.11663311719894409
0.08747483789920807
0.11663311719894409
0.11663311719894409
0.11663311719894409
0.11663311719894409
0.11663311719894409
0.11663311719894409
0.08747483789920807
0.08747483789920807
0.0
0.0
0.0
0.0
0.0
0.058316558599472046
0.0
0.0
0.0
0.0
0.0
0.17494967579841614
0.43737417459487915
0.43737417459487915
0.32074105739593506
0.17494967579841614
0.11663311719894409
0.11663311719894409
0.11663311719894409
0.08747483789920807
0.11663311719894409
0.11663311719894409
0.11663311719894409
0.11663311719894409
0.11663311719894409
0.08747483789920807
0.08747483789920807
0.08747483789920807
0.08747483789920807
0.0
0.0
0.0
0.0
0.0
0.0
0.0
0.029158279299736023
0.11663311719894409
0.2624245285987854
0.43737417459487915
0.43737417459487915
0.29158279299736023
0.17494967579841614
0.11663311719894409
0.11663311719894409
0.11663311719894409
0.11663311719894409
0.11663311719894409
0.11663311719894409
0.11663311719894409
0.11663311719894409
0.11663311719894409
0.11663311719894409
0.08747483789920807
0.11663311719894409
0.11663311719894409
0.11663311719894409
0.08747483789920807
0.029158279299736023
0.0
0.0
0.0
0.058316558599472046
0.11663311719894409
0.17494967579841614
0.2624245285987854
0.3790576457977295
0.3790576457977295
0.2624245285987854
0.17494967579841614
0.11663311719894409
0.11663311719894409
0.11663311719894409
0.08747483789920807
0.08747483789920807
0.11663311719894409
0.11663311719894409
0.11663311719894409
0.11663311719894409
0.11663311719894409
0.11663311719894409
0.08747483789920807
0.11663311719894409
0.11663311719894409
0.11663311719894409
0.11663311719894409
0.08747483789920807
0.058316558599472046
0.0
0.0
0.058316558599472046
0.14579139649868011
0.23326623439788818
0.29158279299736023
0.32074105739593506
0.23326623439788818
0.14579139649868011
0.11663311719894409
0.11663311719894409
0.11663311719894409
0.08747483789920807
0.08747483789920807
0.11663311719894409
0.11663311719894409
0.11663311719894409
0.11663311719894409
0.11663311719894409
0.11663311719894409
0.11663311719894409
0.11663311719894409
0.11663311719894409
0.11663311719894409
0.11663311719894409
0.11663311719894409
0.11663311719894409
0.08747483789920807
0.08747483789920807
0.08747483789920807
0.08747483789920807
0.11663311719894409
0.14579139649868011
0.17494967579841614
0.14579139649868011
0.11663311719894409
0.11663311719894409
0.11663311719894409
0.11663311719894409
0.11663311719894409
0.11663311719894409
0.11663311719894409
0.11663311719894409
0.11663311719894409
0.11663311719894409
0.11663311719894409
0.11663311719894409
0.11663311719894409
0.11663311719894409
0.11663311719894409
0.11663311719894409
0.11663311719894409
0.11663311719894409
0.11663311719894409
0.11663311719894409
0.11663311719894409
0.11663311719894409
0.11663311719894409
0.11663311719894409
0.11663311719894409
0.11663311719894409
0.11663311719894409
0.11663311719894409
0.11663311719894409
0.11663311719894409
0.11663311719894409
0.11663311719894409
0.11663311719894409
0.11663311719894409
0.11663311719894409
0.11663311719894409
0.11663311719894409
0.11663311719894409
0.11663311719894409
0.11663311719894409
0.11663311719894409
0.11663311719894409
0.0
0.0
0.0
0.0
0.0
0.0
0.0
0.0
0.029158279299736023
0.029158279299736023
0.029158279299736023
0.029158279299736023
0.029158279299736023
0.029158279299736023
0.029158279299736023
0.029158279299736023
0.058316558599472046
0.058316558599472046
0.029158279299736023
0.029158279299736023
0.0
0.029158279299736023
0.029158279299736023
0.029158279299736023
0.029158279299736023
0.029158279299736023
0.029158279299736023
0.058316558599472046
0.0
0.0
0.0
0.0
0.0
0.0
0.0
0.0
0.029158279299736023
0.029158279299736023
0.058316558599472046
0.058316558599472046
0.029158279299736023
0.029158279299736023
0.029158279299736023
0.058316558599472046
0.058316558599472046
0.058316558599472046
0.058316558599472046
0.029158279299736023
0.029158279299736023
0.0
0.029158279299736023
0.029158279299736023
0.029158279299736023
0.058316558599472046
0.058316558599472046
0.058316558599472046
0.0
0.0
0.0
0.0
0.0
0.0
0.0
0.029158279299736023
0.029158279299736023
0.029158279299736023
0.058316558599472046
0.058316558599472046
0.058316558599472046
0.058316558599472046
0.058316558599472046
0.058316558599472046
0.058316558599472046
0.058316558599472046
0.058316558599472046
0.029158279299736023
0.029158279299736023
0.029158279299736023
0.029158279299736023
0.029158279299736023
0.029158279299736023
0.058316558599472046
0.058316558599472046
0.058316558599472046
0.0
0.0
0.0
0.0
0.0
0.0
0.0
0.029158279299736023
0.029158279299736023
0.029158279299736023
0.058316558599472046
0.058316558599472046
0.058316558599472046
0.058316558599472046
0.058316558599472046
0.08747483789920807
0.08747483789920807
0.08747483789920807
0.08747483789920807
0.08747483789920807
0.058316558599472046
0.08747483789920807
0.08747483789920807
0.11663311719894409
0.11663311719894409
0.08747483789920807
0.058316558599472046
0.029158279299736023
0.0
0.0
0.0
0.0
0.0
0.0
0.0
0.0
0.029158279299736023
0.029158279299736023
0.029158279299736023
0.058316558599472046
0.058316558599472046
0.14579139649868011
0.2624245285987854
0.3498993515968323
0.43737417459487915
0.43737417459487915
0.43737417459487915
0.43737417459487915
0.46653246879577637
0.5248490571975708
0.6706404089927673
0.758115291595459
0.6706404089927673
0.43737417459487915
0.17494967579841614
0.029158279299736023
0.0
0.0
0.0
0.0
0.0
0.0
0.0
0.0
0.0
0.029158279299736023
0.058316558599472046
0.14579139649868011
0.4082159101963043
0.8455901145935059
1.3121225833892822
1.6328636407852173
1.7786550521850586
1.807813286781311
1.807813286781311
1.8661298751831055
1.9827630519866943
2.18687105178833
2.30350399017334
2.18687105178833
1.807813286781311
1.1080145835876465
0.43737417459487915
0.08747483789920807
0.0
0.0
0.0
0.0
0.0
0.0
0.0
0.029158279299736023
0.029158279299736023
0.08747483789920807
0.3498993515968323
0.9330649375915527
1.807813286781311
2.6825616359710693
3.3823604583740234
3.790576219558716
3.9072093963623047
3.8780510425567627
3.8780510425567627
3.9363677501678467
4.082159042358398
4.286267280578613
4.315425395965576
3.8780510425567627
3.003302812576294
1.807813286781311
0.7289569973945618
0.17494967579841614
0.0
0.0
0.0
0.0
0.0
0.0
0.0
0.029158279299736023
0.14579139649868011
0.46653246879577637
1.166331171989441
2.274345874786377
3.615626573562622
4.665324687957764
5.248490333557129
5.39428186416626
5.277648448944092
5.073540687561035
5.015223979949951
5.073540687561035
5.248490333557129
5.423439979553223
5.365123271942139
4.665324687957764
3.498993396759033
2.041079521179199
0.8455901145935059
0.20410795509815216
0.0
0.0
0.0
0.0
0.0
0.0
0.0
0.058316558599472046
0.29158279299736023
0.9330649375915527
2.070237874984741
3.557310104370117
4.956907272338867
5.715022563934326
5.715022563934326
5.248490333557129
4.7527995109558105
4.402900218963623
4.315425395965576
4.402900218963623
4.60700798034668
4.694482803344727
4.548691749572754
3.8780510425567627
2.886669635772705
1.6911802291870117
0.7289569973945618
0.20410795509815216
0.0
0.0
0.0
0.0
0.0
0.0
0.029158279299736023
0.08747483789920807
0.46653246879577637
1.3704391717910767
2.799194812774658
4.286267280578613
5.248490333557129
5.335965156555176
4.49037504196167
3.4406769275665283
2.6534035205841064
2.245187520980835
2.128554344177246
2.245187520980835
2.4784536361694336
2.5950868129730225
2.5367703437805176
2.18687105178833
1.6328636407852173
0.96222323179245
0.4082159101963043
0.11663311719894409
0.0
0.0
0.0
0.0
0.0
0.0
0.029158279299736023
0.17494967579841614
0.7289569973945618
1.836971640586853
3.3823604583740234
4.694482803344727
5.161015510559082
4.7527995109558105
3.528151750564575
2.216029167175293
1.2246477603912354
0.758115291595459
0.5540072917938232
0.6123238801956177
0.758115291595459
0.8455901145935059
0.9039066433906555
0.8455901145935059
0.6414821147918701
0.3790576457977295
0.17494967579841614
0.058316558599472046
0.0
0.0
0.0
0.0
0.0
0.0
0.058316558599472046
0.3790576457977295
1.1954894065856934
2.5950868129730225
4.198792457580566
5.248490333557129
5.4525980949401855
4.8111162185668945
3.615626573562622
2.332662343978882
1.2538059949874878
0.5831655859947205
0.23326623439788818
0.11663311719894409
0.14579139649868011
0.14579139649868011
0.17494967579841614
0.20410795509815216
0.17494967579841614
0.11663311719894409
0.058316558599472046
0.029158279299736023
0.0
0.0
0.0
0.0
0.0
0.0
0.14579139649868011
0.6997987031936646
1.7203384637832642
3.2365689277648926
4.781957626342773
5.685864448547363
5.802497386932373
5.248490333557129
4.37374210357666
3.2948856353759766
2.274345874786377
1.2829642295837402
0.5831655859947205
0.20410795509815216
0.08747483789920807
0.058316558599472046
0.058316558599472046
0.058316558599472046
0.058316558599472046
0.058316558599472046
0.029158279299736023
0.029158279299736023
0.0
0.0
0.0
0.0
0.0
0.0
0.17494967579841614
0.8747483491897583
1.8661298751831055
3.090777635574341
4.198792457580566
4.986065864562988
5.161015510559082
5.044382095336914
4.723641395568848
4.198792457580566
3.4115185737609863
2.30350399017334
1.166331171989441
0.4082159101963043
0.14579139649868011
0.08747483789920807
0.08747483789920807
0.08747483789920807
0.058316558599472046
0.058316558599472046
0.029158279299736023
0.029158279299736023
0.0
0.0
0.0
0.0
0.029158279299736023
0.08747483789920807
0.29158279299736023
0.758115291595459
1.3412808179855347
2.041079521179199
2.6825616359710693
3.1490941047668457
3.2948856353759766
3.703101396560669
4.140475749969482
4.461216926574707
4.257108688354492
3.2657272815704346
1.807813286781311
0.6706404089927673
0.17494967579841614
0.08747483789920807
0.08747483789920807
0.08747483789920807
0.058316558599472046
0.058316558599472046
0.029158279299736023
0.029158279299736023
0.029158279299736023
0.029158279299736023
0.058316558599472046
0.11663311719894409
0.2624245285987854
0.5248490571975708
0.7872735261917114
0.8455901145935059
0.8164318203926086
0.8747483491897583
1.1080145835876465
1.2538059949874878
1.3412808179855347
2.041079521179199
3.032461166381836
4.140475749969482
4.548691749572754
3.9363677501678467
2.332662343978882
0.9039066433906555
0.20410795509815216
0.08747483789920807
0.08747483789920807
0.058316558599472046
0.058316558599472046
0.058316558599472046
0.029158279299736023
0.029158279299736023
0.058316558599472046
0.029158279299736023
0.11663311719894409
0.46653246879577637
0.9039066433906555
1.399597406387329
1.807813286781311
1.5453888177871704
0.8747483491897583
0.3498993515968323
0.2624245285987854
0.2624245285987854
0.29158279299736023
1.1080145835876465
2.30350399017334
3.761418104171753
4.461216926574707
4.140475749969482
2.5659284591674805
1.0496981143951416
0.20410795509815216
0.058316558599472046
0.029158279299736023
0.029158279299736023
0.029158279299736023
0.029158279299736023
0.029158279299736023
0.029158279299736023
0.058316558599472046
0.058316558599472046
0.20410795509815216
0.8455901145935059
1.6911802291870117
2.5076119899749756
3.061619281768799
2.7408783435821533
1.6911802291870117
0.6706404089927673
0.23326623439788818
0.11663311719894409
0.32074105739593506
1.2246477603912354
2.5367703437805176
3.9363677501678467
4.519533157348633
3.9946842193603516
2.4201371669769287
0.96222323179245
0.20410795509815216
0.029158279299736023
0.029158279299736023
0.029158279299736023
0.0
0.0
0.0
0.0
0.029158279299736023
0.029158279299736023
0.23326623439788818
1.0496981143951416
2.128554344177246
3.2948856353759766
4.0238423347473145
3.9655261039733887
2.799194812774658
1.4579139947891235
0.6123238801956177
0.3498993515968323
0.8164318203926086
1.9244464635849
3.3240437507629395
4.344583511352539
4.461216926574707
3.528151750564575
2.0119211673736572
0.758115291595459
0.17494967579841614
0.029158279299736023
0.029158279299736023
0.029158279299736023
0.0
0.0
0.0
0.0
0.0
0.029158279299736023
0.17494967579841614
0.9039066433906555
2.0119211673736572
3.2948856353759766
4.315425395965576
4.694482803344727
3.9363677501678467
2.7117199897766113
1.836971640586853
1.6911802291870117
2.3909788131713867
3.4115185737609863
4.315425395965576
4.49037504196167
3.9072093963623047
2.6825616359710693
1.399597406387329
0.4956907629966736
0.08747483789920807
0.029158279299736023
0.029158279299736023
0.029158279299736023
0.0
0.0
0.0
0.0
0.0
0.029158279299736023
0.11663311719894409
0.5248490571975708
1.399597406387329
2.6242451667785645
3.9072093963623047
4.7527995109558105
4.840274333953857
4.344583511352539
3.8780510425567627
3.819734573364258
4.286267280578613
4.636166572570801
4.60700798034668
3.9072093963623047
2.886669635772705
1.7203384637832642
0.7872735261917114
0.23326623439788818
0.058316558599472046
0.029158279299736023
0.029158279299736023
0.029158279299736023
0.029158279299736023
0.0
0.0
0.0
0.029158279299736023
0.058316558599472046
0.08747483789920807
0.20410795509815216
0.6997987031936646
1.5745470523834229
2.8283531665802
4.0238423347473145
4.898591041564941
5.277648448944092
5.335965156555176
5.277648448944092
5.219332218170166
4.7527995109558105
3.9363677501678467
2.8283531665802
1.7786550521850586
0.9039066433906555
0.3498993515968323
0.08747483789920807
0.029158279299736023
0.029158279299736023
0.029158279299736023
0.029158279299736023
0.029158279299736023
0.0
0.0
0.0
0.058316558599472046
0.058316558599472046
0.058316558599472046
0.058316558599472046
0.17494967579841614
0.5831655859947205
1.4287556409835815
2.5367703437805176
3.732259750366211
4.636166572570801
5.102698802947998
5.015223979949951
4.519533157348633
3.644784927368164
2.5950868129730225
1.6037054061889648
0.8455901145935059
0.3498993515968323
0.11663311719894409
0.058316558599472046
0.029158279299736023
0.058316558599472046
0.058316558599472046
0.029158279299736023
0.029158279299736023
0.0
0.0
0.0
0.029158279299736023
0.058316558599472046
0.058316558599472046
0.058316558599472046
0.029158279299736023
0.08747483789920807
0.43737417459487915
1.0205397605895996
1.807813286781311
2.5659284591674805
3.032461166381836
3.003302812576294
2.5659284591674805
1.9827630519866943
1.2829642295837402
0.6997987031936646
0.29158279299736023
0.11663311719894409
0.058316558599472046
0.058316558599472046
0.029158279299736023
0.058316558599472046
0.029158279299736023
0.029158279299736023
0.0
0.0
0.0
0.0
0.0
0.0
0.029158279299736023
0.029158279299736023
0.0
0.0
0.058316558599472046
0.23326623439788818
0.4956907629966736
0.8455901145935059
1.1080145835876465
1.1371729373931885
0.9913815259933472
0.758115291595459
0.46653246879577637
0.20410795509815216
0.058316558599472046
0.029158279299736023
0.029158279299736023
0.029158279299736023
0.029158279299736023
0.029158279299736023
0.029158279299736023
0.029158279299736023
0.0
0.0
0.0
0.0
0.0
0.0
0.0
0.0
0.0
0.0
0.0
0.0
0.0
0.058316558599472046
0.14579139649868011
0.17494967579841614
0.17494967579841614
0.17494967579841614
0.11663311719894409
0.029158279299736023
0.0
0.0
0.0
0.0
0.0
0.0
0.0
0.0
0.0
0.0
0.0
0.0
0.0
0.0
0.0
0.0
0.0
0.0
0.0
0.0
0.0
0.0
0.0
0.0
0.0
0.029158279299736023
0.0
0.0
0.0
0.0
0.0
0.0
0.0
0.0
0.0
0.0
0.0
0.0
0.0
0.0
0.0
0.0
0.0
0.0
0.0
0.0
0.0
0.0
0.0
0.0
0.0
0.0
0.0
0.0
0.0
0.0
0.0
0.0
0.0
0.0
0.0
0.0
0.0
0.0
0.0
0.0
0.0
0.0
