0.2158638834953308
0.2158638834953308
0.2158638834953308
0.2158638834953308
0.2158638834953308
0.2158638834953308
0.21525314450263977
0.21678043901920319
0.21838901937007904
0.21946607530117035
0.22413043677806854
0.22330395877361298
0.2175130695104599
0.21375593543052673
0.2117071896791458
0.21719321608543396
0.22271768748760223
0.223692387342453
0.22781947255134583
0.22393253445625305
0.21840687096118927
0.21830733120441437
0.22244204580783844
0.22703509032726288
0.23039516806602478
0.21496084332466125
0.221981018781662
0.21647779643535614
0.2158638834953308
0.2158638834953308
0.2158638834953308
0.2158638834953308
0.2158638834953308
0.2158638834953308
0.21539217233657837
0.21906211972236633
0.22137004137039185
0.22485743463039398
0.2275284230709076
0.23027662932872772
0.2269372045993805
0.2212713062763214
0.22118690609931946
0.22722351551055908
0.23953688144683838
0.24357742071151733
0.23460577428340912
0.22369392216205597
0.22045253217220306
0.2243858426809311
0.22341926395893097
0.22860974073410034
0.22880136966705322
0.2197525054216385
0.23614001274108887
0.2345493733882904
0.2158638834953308
0.2158638834953308
0.2158638834953308
0.2158638834953308
0.2158638834953308
0.2158638834953308
0.21637046337127686
0.21877767145633698
0.2283848077058792
0.2376275360584259
0.24206149578094482
0.24499642848968506
0.2387326955795288
0.22789737582206726
0.23300109803676605
0.23999881744384766
0.2516908645629883
0.25723183155059814
0.24532461166381836
0.23148633539676666
0.225088432431221
0.22066007554531097
0.22242800891399384
0.22827357053756714
0.2338392287492752
0.24765297770500183
0.2511611580848694
0.25996828079223633
0.2158638834953308
0.2158638834953308
0.2158638834953308
0.2158638834953308
0.2158638834953308
0.2158638834953308
0.21686844527721405
0.22159872949123383
0.22884362936019897
0.24128106236457825
0.2480498105287552
0.24219009280204773
0.23701708018779755
0.23043420910835266
0.22706741094589233
0.22800204157829285
0.22280661761760712
0.2284986823797226
0.22403760254383087
0.20210975408554077
0.18256059288978577
0.16527259349822998
0.1654069721698761
0.1765143722295761
0.18945637345314026
0.23167432844638824
0.24124915897846222
0.2526147663593292
0.2158638834953308
0.2158638834953308
0.2158638834953308
0.2158638834953308
0.2158638834953308
0.2158638834953308
0.21806831657886505
0.22377140820026398
0.23134222626686096
0.23680146038532257
0.24075549840927124
0.22146368026733398
0.18432402610778809
0.1419370025396347
0.10304053872823715
0.0629081130027771
0.04457816481590271
0.043326109647750854
0.033484309911727905
-0.00015649199485778809
-0.05565199255943298
-0.10343167185783386
-0.1014019250869751
-0.04190492630004883
0.029907315969467163
0.13416841626167297
0.19894522428512573
0.22862166166305542
0.2158638834953308
0.2158638834953308
0.2158638834953308
0.2158638834953308
0.2158638834953308
0.2158638834953308
0.21906821429729462
0.22016219794750214
0.2222040444612503
0.20619943737983704
0.15025979280471802
0.027197599411010742
-0.13097918033599854
-0.2386687695980072
-0.3009439706802368
-0.3288939595222473
-0.31027138233184814
-0.2935769557952881
-0.30161410570144653
-0.32006824016571045
-0.32867342233657837
-0.2743629515171051
-0.12813839316368103
0.06802041828632355
0.1746857613325119
0.2311364859342575
0.24218374490737915
0.22436591982841492
0.2158638834953308
0.2158638834953308
0.2158638834953308
0.2158638834953308
0.2158638834953308
0.2158638834953308
0.21717149019241333
0.21237240731716156
0.17882494628429413
0.07755278050899506
-0.07897055149078369
-0.2079760730266571
-0.22670012712478638
-0.07522773742675781
0.15517990291118622
0.40127864480018616
0.5355150699615479
0.5753506422042847
0.5744744539260864
0.5826330184936523
0.6126111745834351
0.7397248148918152
0.9693390130996704
1.147979736328125
1.0327210426330566
0.7367210984230042
0.45982834696769714
0.2695026397705078
0.2158638834953308
0.2158638834953308
0.2158638834953308
0.2158638834953308
0.2158638834953308
0.2158638834953308
0.21352563798427582
0.2029803842306137
0.13173910975456238
0.013768985867500305
-0.037597835063934326
0.11057759821414948
0.5156521797180176
1.1395702362060547
1.7568812370300293
2.1762561798095703
2.3704519271850586
2.437704563140869
2.436542272567749
2.46649432182312
2.5463616847991943
2.694179058074951
2.8041036128997803
2.6594033241271973
2.1726489067077637
1.4303112030029297
0.7113621830940247
0.3163589835166931
0.2158638834953308
0.2158638834953308
0.2158638834953308
0.2158638834953308
0.2158638834953308
0.2158638834953308
0.2124728411436081
0.20057125389575958
0.13872385025024414
0.1367422342300415
0.4138003885746002
1.1103465557098389
2.086841583251953
2.981441020965576
3.635573625564575
3.961590528488159
4.020354270935059
3.9515345096588135
3.8971550464630127
3.917153835296631
4.043741703033447
4.247001647949219
4.212946891784668
3.7184698581695557
2.9232895374298096
1.8781311511993408
0.892768383026123
0.3545898497104645
0.2158638834953308
0.2158638834953308
0.2158638834953308
0.2158638834953308
0.2158638834953308
0.2158638834953308
0.212447851896286
0.18609531223773956
0.19230115413665771
0.4302856922149658
1.093801736831665
2.20055890083313
3.427961587905884
4.21684455871582
4.580909729003906
4.570431232452393
4.305772304534912
4.066527366638184
4.003405570983887
4.039283752441406
4.160996437072754
4.292046546936035
4.153578758239746
3.5354702472686768
2.6407854557037354
1.7162432670593262
0.8805897235870361
0.3767778277397156
0.2158638834953308
0.2158638834953308
0.2158638834953308
0.2158638834953308
0.2158638834953308
0.2158638834953308
0.20413821935653687
0.13953937590122223
0.22157756984233856
0.7260177731513977
1.6694543361663818
2.832258939743042
3.7745018005371094
4.1088080406188965
3.7797343730926514
3.1449618339538574
2.67594313621521
2.419923782348633
2.369229555130005
2.477614402770996
2.6543848514556885
2.7474894523620605
2.655550956726074
2.261596441268921
1.7054097652435303
1.1161296367645264
0.6168737411499023
0.32815462350845337
0.2158638834953308
0.2158638834953308
0.2158638834953308
0.2158638834953308
0.2158638834953308
0.21508446335792542
0.17615219950675964
0.09525229781866074
0.3124842047691345
1.0286552906036377
2.089088201522827
3.1092193126678467
3.585411310195923
3.417715072631836
2.632110118865967
1.7307839393615723
1.1669169664382935
0.90506511926651
0.8281930685043335
0.9208645224571228
1.0903842449188232
1.1556518077850342
1.130058765411377
1.0361924171447754
0.8391516804695129
0.5651316046714783
0.36435723304748535
0.2679644823074341
0.2158638834953308
0.2158638834953308
0.2158638834953308
0.2158638834953308
0.2158638834953308
0.21525314450263977
0.17995764315128326
0.20374539494514465
0.6991796493530273
1.6776747703552246
2.8699498176574707
3.682622194290161
3.8170976638793945
3.3318893909454346
2.42065167427063
1.3940186500549316
0.663367509841919
0.3802495300769806
0.27524352073669434
0.33213746547698975
0.40033698081970215
0.41467028856277466
0.4065147042274475
0.3845565617084503
0.355366051197052
0.2987290620803833
0.24986103177070618
0.23884817957878113
0.2158638834953308
0.2158638834953308
0.2158638834953308
0.21508446335792542
0.21449357271194458
0.21484629809856415
0.24637585878372192
0.5221824645996094
1.3467063903808594
2.5632572174072266
3.740860939025879
4.412280559539795
4.478634834289551
3.9156768321990967
3.07477068901062
2.1642141342163086
1.3291206359863281
0.6894813776016235
0.4017922282218933
0.29419615864753723
0.27257704734802246
0.28513437509536743
0.25689172744750977
0.24788744747638702
0.26271381974220276
0.2531788945198059
0.23980897665023804
0.23120231926441193
0.21210189163684845
0.21299484372138977
0.2051554024219513
0.17470449209213257
0.14801564812660217
0.15360110998153687
0.27022337913513184
0.7801907658576965
1.6724369525909424
2.767880916595459
3.7503364086151123
4.342099666595459
4.35049295425415
3.919858694076538
3.4764256477355957
2.979459047317505
2.28288197517395
1.4538989067077637
0.7865408062934875
0.4083217978477478
0.29104000329971313
0.2711954712867737
0.2702694237232208
0.2682819962501526
0.2575574517250061
0.255781888961792
0.25242820382118225
0.23165689408779144
0.20826146006584167
0.21026155352592468
0.17934848368167877
0.05983453989028931
-0.006962373852729797
0.030520781874656677
0.15074166655540466
0.7176066637039185
1.450646162033081
2.119229793548584
2.743774652481079
3.1923112869262695
3.2574398517608643
3.123805284500122
3.208918571472168
3.2303874492645264
3.021599292755127
2.291731595993042
1.2995285987854004
0.6104463338851929
0.3310978412628174
0.28302571177482605
0.29229068756103516
0.2790263891220093
0.26652997732162476
0.2530565857887268
0.24735984206199646
0.23786601424217224
0.21693500876426697
0.22478488087654114
0.1737096607685089
0.008103698492050171
0.008530870079994202
0.15223801136016846
0.25255152583122253
0.5608188509941101
0.9048374891281128
1.1016528606414795
1.357088327407837
1.5860562324523926
1.6174042224884033
1.783249855041504
2.322186231613159
2.9930689334869385
3.276538848876953
2.8959176540374756
1.8520798683166504
0.8529970049858093
0.3580961227416992
0.2702651917934418
0.2649269104003906
0.2786146402359009
0.2651013135910034
0.2536320388317108
0.2466372698545456
0.2423805445432663
0.23516537249088287
0.24199795722961426
0.21558868885040283
0.17188780009746552
0.35639676451683044
0.6562937498092651
0.9075607657432556
0.8421045541763306
0.6118175983428955
0.4638587236404419
0.45405304431915283
0.4574240744113922
0.3555452227592468
0.7940725088119507
1.6498374938964844
2.5549333095550537
3.162506580352783
3.089771032333374
2.1301281452178955
1.026976466178894
0.38817134499549866
0.2553347945213318
0.24766752123832703
0.24089273810386658
0.2337033450603485
0.2332131713628769
0.2307521253824234
0.22464534640312195
0.24586221575737
0.2520228326320648
0.29929107427597046
0.5525801181793213
0.9960024952888489
1.4231138229370117
1.805846929550171
1.5892572402954102
0.910356342792511
0.3793247938156128
0.1487313210964203
0.058315932750701904
-0.02741505205631256
0.6036549806594849
1.6744723320007324
2.704502820968628
3.295391798019409
3.12712025642395
2.153419017791748
1.0184166431427002
0.3800874650478363
0.24365466833114624
0.2405834048986435
0.2361769676208496
0.22214795649051666
0.21717149019241333
0.21756884455680847
0.2167184203863144
0.2388434112071991
0.246994748711586
0.37179064750671387
0.9224278330802917
1.6437890529632568
2.255204916000366
2.6797831058502197
2.585266590118408
1.5883636474609375
0.45961639285087585
-0.1098196804523468
-0.3199331760406494
-0.10580059885978699
0.8897526860237122
2.204092502593994
3.21718168258667
3.4827640056610107
2.9773976802825928
1.92305326461792
0.8887291550636292
0.3519679605960846
0.24427804350852966
0.23825985193252563
0.23060846328735352
0.22122682631015778
0.2149001806974411
0.2158638834953308
0.2158638834953308
0.21563760936260223
0.21737897396087646
0.3587448000907898
0.963898241519928
1.7871372699737549
2.586137533187866
3.1690964698791504
3.314016342163086
2.578559160232544
1.4263675212860107
0.5679397583007812
0.41101837158203125
1.0097869634628296
2.152496814727783
3.2027385234832764
3.611865758895874
3.3468997478485107
2.464334011077881
1.4300215244293213
0.6684637069702148
0.30878788232803345
0.23296089470386505
0.22945179045200348
0.22644108533859253
0.22057242691516876
0.2168695330619812
0.2158638834953308
0.2158638834953308
0.22050876915454865
0.22668522596359253
0.32146888971328735
0.7823180556297302
1.5430169105529785
2.340479612350464
3.078112840652466
3.5719151496887207
3.4886980056762695
2.8067898750305176
2.2475509643554688
2.24699068069458
2.8545310497283936
3.53194522857666
3.7560977935791016
3.43200421333313
2.674625873565674
1.7313220500946045
0.9339302182197571
0.44031885266304016
0.25924795866012573
0.22318363189697266
0.22267957031726837
0.22490179538726807
0.22200730443000793
0.21864455938339233
0.2158638834953308
0.2158638834953308
0.2319488674402237
0.2527669668197632
0.2952199876308441
0.4976832866668701
1.0424072742462158
1.7717280387878418
2.5330352783203125
3.3515162467956543
3.9097111225128174
4.092628002166748
4.036344051361084
4.041842460632324
4.194250583648682
4.047770977020264
3.526151418685913
2.709592342376709
1.8276357650756836
1.07381010055542
0.5548422336578369
0.28490149974823
0.239739790558815
0.23716549575328827
0.2303856909275055
0.23672859370708466
0.22507257759571075
0.21989792585372925
0.2158638834953308
0.2158638834953308
0.24460723996162415
0.259965717792511
0.2722287178039551
0.303488552570343
0.5053890943527222
0.9766364693641663
1.6463854312896729
2.4262399673461914
3.349929094314575
4.085190773010254
4.472748756408691
4.492077827453613
4.186639308929443
3.529508590698242
2.599517822265625
1.7301099300384521
1.0363309383392334
0.5379973649978638
0.30726388096809387
0.2395729422569275
0.23444686830043793
0.24660636484622955
0.24847841262817383
0.23760712146759033
0.22655031085014343
0.2214735597372055
0.2158638834953308
0.2158638834953308
0.251231849193573
0.2537856698036194
0.2655613124370575
0.269747793674469
0.28949469327926636
0.4268863797187805
0.8263476490974426
1.3757193088531494
1.9729070663452148
2.6274356842041016
3.0929133892059326
3.0785768032073975
2.6848390102386475
2.1006219387054443
1.466423749923706
0.8913680911064148
0.4912237226963043
0.30204498767852783
0.24865496158599854
0.25177592039108276
0.2397233545780182
0.24867315590381622
0.24794599413871765
0.23626093566417694
0.22387516498565674
0.219948872923851
0.2158638834953308
0.2158638834953308
0.22620919346809387
0.22917017340660095
0.23153069615364075
0.23271101713180542
0.23288118839263916
0.24996045231819153
0.3711540699005127
0.608655571937561
0.8717394471168518
1.1622955799102783
1.4237310886383057
1.4446501731872559
1.2369272708892822
0.9767393469810486
0.6933027505874634
0.4135837256908417
0.2659962773323059
0.23514774441719055
0.22877252101898193
0.23847146332263947
0.23745845258235931
0.23271965980529785
0.24083876609802246
0.2357257902622223
0.21940939128398895
0.21746733784675598
0.2158638834953308
0.2158638834953308
0.2158638834953308
0.2158638834953308
0.2158638834953308
0.2158638834953308
0.2158638834953308
0.2158638834953308
0.23155513405799866
0.27555161714553833
0.3263455629348755
0.38136279582977295
0.4406038820743561
0.45180654525756836
0.4110538065433502
0.36083394289016724
0.30460870265960693
0.24332553148269653
0.21757295727729797
0.21974799036979675
0.21907077729701996
0.21978670358657837
0.220978781580925
0.21842749416828156
0.22169004380702972
0.22067423164844513
0.2158638834953308
0.2158638834953308
0.2158638834953308
0.2158638834953308
0.2158638834953308
0.2158638834953308
0.2158638834953308
0.2158638834953308
0.2158638834953308
0.2158638834953308
0.2158638834953308
0.2158638834953308
0.21617157757282257
0.21691180765628815
0.2189425677061081
0.21955522894859314
0.21736499667167664
0.21780593693256378
0.21746733784675598
0.2158638834953308
0.2158638834953308
0.2158638834953308
0.2158638834953308
0.2158638834953308
0.2158638834953308
0.2158638834953308
0.2158638834953308
0.2158638834953308
0.2158638834953308
0.2158638834953308
0.2158638834953308
0.2158638834953308
0.05429640784859657
0.05429640784859657
0.05429640784859657
0.05429640784859657
0.05429640784859657
0.05429640784859657
0.055344969034194946
0.06136602908372879
0.06595787405967712
0.06915335357189178
0.07220441848039627
0.068037249147892
0.06115247309207916
0.05774107202887535
0.06593670696020126
0.07216846942901611
0.07463410496711731
0.07579101622104645
0.07064101099967957
0.061268970370292664
0.058808598667383194
0.06437353044748306
0.06658104062080383
0.07038981467485428
0.07130049169063568
0.0686940848827362
0.07658831030130386
0.06520867347717285
0.05429640784859657
0.05429640784859657
0.05429640784859657
0.05429640784859657
0.05429640784859657
0.05429640784859657
0.05595201998949051
0.06237705424427986
0.07285063713788986
0.08066527545452118
0.07719789445400238
0.06964641064405441
0.06685477495193481
0.07022998481988907
0.07989925146102905
0.08647273480892181
0.08937690407037735
0.09151679277420044
0.07693428546190262
0.06024211645126343
0.05684642493724823
0.06391136348247528
0.0690343827009201
0.07095471024513245
0.06923144310712814
0.0844654068350792
0.08339782059192657
0.07371357828378677
0.05429640784859657
0.05429640784859657
0.05429640784859657
0.05429640784859657
0.05429640784859657
0.05429640784859657
0.056927360594272614
0.0654086321592331
0.07625887542963028
0.08777129650115967
0.09380433708429337
0.08521196246147156
0.0770135223865509
0.07801282405853271
0.08776362240314484
0.09867841005325317
0.09670399129390717
0.09013567864894867
0.07690834999084473
0.06891833990812302
0.06242279335856438
0.06156100332736969
0.0670950710773468
0.0717090591788292
0.0750335231423378
0.10671581327915192
0.09952650964260101
0.08113960921764374
0.05429640784859657
0.05429640784859657
0.05429640784859657
0.05429640784859657
0.05429640784859657
0.05429640784859657
0.058235328644514084
0.06824144721031189
0.07667455822229385
0.08340650796890259
0.09407883882522583
0.09205049276351929
0.08168520778417587
0.0813855305314064
0.09872676432132721
0.10850317776203156
0.1050720363855362
0.0904417484998703
0.07452969253063202
0.0625317320227623
0.056095853447914124
0.06280507147312164
0.074765145778656
0.07087158411741257
0.05981709063053131
0.08559878170490265
0.08957825601100922
0.07800225913524628
0.05429640784859657
0.05429640784859657
0.05429640784859657
0.05429640784859657
0.05429640784859657
0.05429640784859657
0.058522868901491165
0.0664144903421402
0.07490243762731552
0.07924363762140274
0.0854407399892807
0.08452556282281876
0.08336636424064636
0.11280135810375214
0.14628498256206512
0.14535771310329437
0.12945297360420227
0.11145205795764923
0.10006462037563324
0.08437895029783249
0.08440830558538437
0.1333550363779068
0.18810446560382843
0.16133785247802734
0.05974268540740013
0.005657076835632324
0.02291007712483406
0.05981728062033653
0.05429640784859657
0.05429640784859657
0.05429640784859657
0.05429640784859657
0.05429640784859657
0.05429640784859657
0.05711355060338974
0.06266096234321594
0.06990096718072891
0.06529393792152405
0.06140581890940666
0.09492497146129608
0.20970945060253143
0.34694623947143555
0.39897894859313965
0.41000449657440186
0.4209398925304413
0.4287193715572357
0.42524388432502747
0.4609823226928711
0.537787139415741
0.6465380191802979
0.7093427777290344
0.6495774388313293
0.43808937072753906
0.19273832440376282
0.03774947300553322
0.042512185871601105
0.05429640784859657
0.05429640784859657
0.05429640784859657
0.05429640784859657
0.05429640784859657
0.05429640784859657
0.05503692850470543
0.06217341870069504
0.055219341069459915
0.06864040344953537
0.2039242684841156
0.5017684102058411
0.8595162630081177
1.1795105934143066
1.442610740661621
1.6573106050491333
1.7399225234985352
1.7649117708206177
1.77020263671875
1.8523262739181519
2.008608818054199
2.1923367977142334
2.1532649993896484
1.7544820308685303
1.2059186697006226
0.6828123331069946
0.2529843747615814
0.07811242341995239
0.05429640784859657
0.05429640784859657
0.05429640784859657
0.05429640784859657
0.05429640784859657
0.05429640784859657
0.052813731133937836
0.06734319031238556
0.11414442956447601
0.30588164925575256
0.7420280575752258
1.4193426370620728
2.173915386199951
2.7574126720428467
3.1140553951263428
3.295896291732788
3.342017889022827
3.3412747383117676
3.364027261734009
3.4629812240600586
3.652629852294922
3.870361566543579
3.639753580093384
2.770132541656494
1.7903449535369873
1.0219719409942627
0.410616934299469
0.11891968548297882
0.05429640784859657
0.05429640784859657
0.05429640784859657
0.05429640784859657
0.05429640784859657
0.05429640784859657
0.056453634053468704
0.08651511371135712
0.26529061794281006
0.7670489549636841
1.619536280632019
2.668147325515747
3.62994384765625
4.086270332336426
4.150375843048096
4.057013034820557
3.959843873977661
3.8259999752044678
3.807328701019287
3.9082562923431396
4.1017351150512695
4.270310401916504
3.999887228012085
3.067990779876709
1.875931739807129
0.934575080871582
0.33573487401008606
0.11429040133953094
0.05429640784859657
0.05429640784859657
0.05429640784859657
0.05429640784859657
0.05429640784859657
0.05429640784859657
0.06086614355444908
0.11428997665643692
0.4611837863922119
1.326193928718567
2.531229257583618
3.631798267364502
4.263772010803223
4.376132965087891
4.05707311630249
3.559420585632324
3.2320351600646973
3.055086374282837
3.0399224758148193
3.179861307144165
3.381765842437744
3.4207684993743896
3.1067888736724854
2.3633861541748047
1.410847544670105
0.640464723110199
0.19760985672473907
0.08829279243946075
0.05429640784859657
0.05429640784859657
0.05429640784859657
0.05429640784859657
0.05429640784859657
0.05429640784859657
0.05913567543029785
0.16764651238918304
0.725098192691803
1.859434962272644
3.207564353942871
4.120708465576172
4.202841281890869
3.750272512435913
2.8801369667053223
2.0247802734375
1.5830737352371216
1.488909363746643
1.531751275062561
1.694532036781311
1.926472783088684
1.9842275381088257
1.7357070446014404
1.270056962966919
0.7439152002334595
0.33648526668548584
0.1271507740020752
0.0752098336815834
0.05429640784859657
0.05429640784859657
0.05429640784859657
0.05429640784859657
0.05429640784859657
0.05380218103528023
0.06814420223236084
0.32589489221572876
1.1598329544067383
2.4239656925201416
3.7167863845825195
4.328282356262207
4.043885707855225
3.1987733840942383
2.1447770595550537
1.1909807920455933
0.6208583116531372
0.41018614172935486
0.4253135621547699
0.5597806572914124
0.712351381778717
0.7958970069885254
0.7065869569778442
0.511398196220398
0.285035103559494
0.15520688891410828
0.09265908598899841
0.07232934236526489
0.05429640784859657
0.05429640784859657
0.05429640784859657
0.05429640784859657
0.05429640784859657
0.055344969034194946
0.14061357080936432
0.6417284607887268
1.726873755455017
3.079289197921753
4.281202793121338
4.657549858093262
4.233994483947754
3.336625814437866
2.334277868270874
1.4568756818771362
0.8068108558654785
0.3081686198711395
0.09269551932811737
0.12269802391529083
0.18750402331352234
0.24375417828559875
0.22291235625743866
0.16679172217845917
0.10397304594516754
0.09325137734413147
0.07460392266511917
0.06528963893651962
0.05429640784859657
0.05429640784859657
0.05429640784859657
0.05380218103528023
0.0544389933347702
0.05736095830798149
0.22873109579086304
0.9968803524971008
2.2029788494110107
3.394770383834839
4.36455774307251
4.776325225830078
4.499268531799316
3.752074718475342
2.997439384460449
2.284057855606079
1.5880886316299438
0.8073941469192505
0.30410146713256836
0.0970577821135521
0.10229618102312088
0.11507320404052734
0.10857205092906952
0.1132223904132843
0.09476317465305328
0.08449842035770416
0.0874428004026413
0.06744641810655594
0.054141655564308167
0.05561719834804535
0.04748392105102539
0.040492840111255646
0.06325795501470566
0.09675063192844391
0.252484530210495
1.0238971710205078
2.1032626628875732
2.976078987121582
3.5542635917663574
3.83968448638916
3.8010807037353516
3.67777681350708
3.5082473754882812
2.9161500930786133
2.195793628692627
1.3464686870574951
0.6268443465232849
0.19614927470684052
0.11369138956069946
0.10693780332803726
0.11048277467489243
0.11873729526996613
0.10032510757446289
0.09193466603755951
0.08854831755161285
0.07173992693424225
0.057034533470869064
0.06395552307367325
0.050820108503103256
0.0653461217880249
0.17797817289829254
0.27226608991622925
0.3194277882575989
0.7466052770614624
1.435625433921814
1.9809530973434448
2.1603174209594727
2.212066888809204
2.4057199954986572
3.0281717777252197
3.596073865890503
3.3828189373016357
2.6963422298431396
1.7129162549972534
0.8546009063720703
0.29662543535232544
0.1423431634902954
0.12677150964736938
0.1036427766084671
0.11061891913414001
0.09413987398147583
0.0877949595451355
0.07470209896564484
0.06477519869804382
0.07236675918102264
0.08003269135951996
0.10364656150341034
0.3026443123817444
0.6125388145446777
0.7075023651123047
0.7414638996124268
0.7139272689819336
0.7296258807182312
0.8882439732551575
0.9768332242965698
0.8831073045730591
0.9907326102256775
2.0680906772613525
3.3683531284332275
3.746793746948242
3.1744890213012695
2.0583977699279785
1.016357183456421
0.3376453220844269
0.12716548144817352
0.11153751611709595
0.10377253592014313
0.09671840071678162
0.07558973133563995
0.08551204204559326
0.07719258219003677
0.060990508645772934
0.08641158044338226
0.0922246128320694
0.20038898289203644
0.748100996017456
1.3819507360458374
1.511844277381897
1.5020413398742676
1.1506352424621582
0.6097700595855713
0.279739111661911
0.23744098842144012
0.20305980741977692
0.35943183302879333
1.5438003540039062
3.0382137298583984
3.751272678375244
3.321660280227661
2.1867146492004395
1.1153095960617065
0.37926098704338074
0.12795129418373108
0.08593131601810455
0.07986550033092499
0.07103636860847473
0.06220453232526779
0.06246408447623253
0.06709686666727066
0.06317631155252457
0.08989918977022171
0.0951198935508728
0.28264185786247253
1.1677318811416626
2.197033405303955
2.5422990322113037
2.3329007625579834
1.8198702335357666
1.0313888788223267
0.34828704595565796
0.05245385691523552
0.08581490814685822
0.5487892627716064
1.8126944303512573
3.1510090827941895
3.7482831478118896
3.2574338912963867
2.098296880722046
1.0309922695159912
0.3359818160533905
0.1161937564611435
0.07583915442228317
0.07295852154493332
0.0645974799990654
0.056852471083402634
0.05503692850470543
0.0559043325483799
0.05566306412220001
0.08011073619127274
0.08691221475601196
0.30328208208084106
1.3094305992126465
2.639420509338379
3.364809036254883
3.23252272605896
2.5822367668151855
1.681936264038086
0.88470858335495
0.46513625979423523
0.46666401624679565
1.1498591899871826
2.3901195526123047
3.4147684574127197
3.6779935359954834
3.010678291320801
1.8495125770568848
0.8096429109573364
0.2241797298192978
0.09481345117092133
0.07916184514760971
0.07083608210086823
0.06298001110553741
0.05485381931066513
0.05267905443906784
0.05429640784859657
0.05429640784859657
0.07037489861249924
0.07833436131477356
0.23774930834770203
1.0410418510437012
2.420072317123413
3.518976926803589
3.733457326889038
3.285559892654419
2.650118589401245
2.0493128299713135
1.7072501182556152
1.7933646440505981
2.518916606903076
3.382983922958374
3.737562894821167
3.42759108543396
2.466156482696533
1.3095529079437256
0.47391191124916077
0.11620758473873138
0.07435481995344162
0.07391279190778732
0.06751865148544312
0.059082988649606705
0.055697549134492874
0.053933121263980865
0.05429640784859657
0.05429640784859657
0.0757005587220192
0.08311749994754791
0.17264701426029205
0.6293217539787292
1.694125771522522
2.9084835052490234
3.629026174545288
3.7004172801971436
3.4381895065307617
3.2251696586608887
3.2561495304107666
3.4547853469848633
3.833219289779663
3.92840838432312
3.5009212493896484
2.6778552532196045
1.5645368099212646
0.6797198057174683
0.21487891674041748
0.0703173503279686
0.07211917638778687
0.07251273095607758
0.06950269639492035
0.0544305294752121
0.06045915186405182
0.05601849779486656
0.05429640784859657
0.05429640784859657
0.09353506565093994
0.0982142984867096
0.1288091093301773
0.2848987281322479
0.8560814261436462
1.851641297340393
2.896921157836914
3.529916524887085
3.7477638721466064
3.891404151916504
4.031759262084961
4.07442045211792
3.9419045448303223
3.4726345539093018
2.6044089794158936
1.6159809827804565
0.764508068561554
0.2773258090019226
0.09502725303173065
0.07780937850475311
0.08111561089754105
0.07578612864017487
0.08305279910564423
0.06711921095848083
0.0618518702685833
0.05648083612322807
0.05429640784859657
0.05429640784859657
0.10415995121002197
0.09949122369289398
0.09603941440582275
0.11352144181728363
0.278374582529068
0.7553995251655579
1.6383453607559204
2.558844566345215
3.1366333961486816
3.46938157081604
3.680180788040161
3.5485987663269043
3.0317256450653076
2.2754263877868652
1.4197108745574951
0.7087473273277283
0.25809168815612793
0.09942291676998138
0.06551940739154816
0.08458114415407181
0.08229415118694305
0.08235149830579758
0.08845454454421997
0.07065810263156891
0.060230303555727005
0.05468202754855156
0.05429640784859657
0.05429640784859657
0.0907660648226738
0.09698782116174698
0.09092256426811218
0.07451492547988892
0.09530129283666611
0.21389362215995789
0.6052313446998596
1.2348240613937378
1.798932671546936
2.1553561687469482
2.258659839630127
2.0653469562530518
1.5872763395309448
1.0315275192260742
0.5438613295555115
0.22064583003520966
0.09534221887588501
0.07481808215379715
0.06446829438209534
0.08258338272571564
0.08592459559440613
0.07723136991262436
0.07497446238994598
0.06225944310426712
0.056889742612838745
0.053903330117464066
0.05429640784859657
0.05429640784859657
0.06208226829767227
0.06704964488744736
0.0685715451836586
0.06352977454662323
0.0600619912147522
0.07199032604694366
0.1666635274887085
0.3910822570323944
0.6604755520820618
0.877093493938446
0.9610314965248108
0.8645028471946716
0.620675265789032
0.35616740584373474
0.15774095058441162
0.072848379611969
0.06352270394563675
0.06327690184116364
0.057039715349674225
0.06773895025253296
0.07625620067119598
0.07178479433059692
0.06867429614067078
0.05476509407162666
0.055111099034547806
0.05402969568967819
0.05429640784859657
0.05429640784859657
0.05429640784859657
0.05429640784859657
0.05429640784859657
0.05429640784859657
0.05429640784859657
0.05429640784859657
0.06318267434835434
0.09580716490745544
0.14812242984771729
0.19936877489089966
0.22679418325424194
0.21183046698570251
0.15986160933971405
0.10280045866966248
0.06280389428138733
0.05351155996322632
0.05702972412109375
0.0564592145383358
0.05376298353075981
0.05651797354221344
0.05912017822265625
0.05839638039469719
0.057540617883205414
0.05349626764655113
0.05429640784859657
0.05429640784859657
0.05429640784859657
0.05429640784859657
0.05429640784859657
0.05429640784859657
0.05429640784859657
0.05429640784859657
0.05429640784859657
0.05429640784859657
0.05429640784859657
0.05429640784859657
0.056446246802806854
0.055944498628377914
0.05642952397465706
0.057782936841249466
0.05630141496658325
0.055377811193466187
0.05402969568967819
0.05429640784859657
0.05429640784859657
0.05429640784859657
0.05429640784859657
0.05429640784859657
0.05429640784859657
0.05429640784859657
0.05429640784859657
0.05429640784859657
0.05429640784859657
0.05429640784859657
0.05429640784859657
0.05429640784859657
0.16161181032657623
0.16161181032657623
0.16161181032657623
0.16161181032657623
0.16161181032657623
0.16161181032657623
0.16112269461154938
0.15954633057117462
0.1599416583776474
0.16020113229751587
0.16225117444992065
0.16335955262184143
0.16527700424194336
0.1670171320438385
0.16041572391986847
0.15758782625198364
0.15817566215991974
0.1677977442741394
0.17156043648719788
0.16859814524650574
0.1623995155096054
0.15940964221954346
0.16010263562202454
0.15867426991462708
0.16340070962905884
0.16370335221290588
0.1558079719543457
0.1660873144865036
0.16161181032657623
0.16161181032657623
0.16161181032657623
0.16161181032657623
0.16161181032657623
0.16161181032657623
0.1613810956478119
0.1616383194923401
0.1579521745443344
0.15492026507854462
0.160361647605896
0.1658095121383667
0.16971787810325623
0.16587521135807037
0.1592063009738922
0.15750133991241455
0.15969152748584747
0.16598381102085114
0.16837596893310547
0.16747477650642395
0.16642360389232635
0.16338509321212769
0.15831772983074188
0.15752799808979034
0.16143304109573364
0.15595091879367828
0.16031961143016815
0.16067640483379364
0.16161181032657623
0.16161181032657623
0.16161181032657623
0.16161181032657623
0.16161181032657623
0.16161181032657623
0.16144700348377228
0.15705743432044983
0.15398477017879486
0.15501931309700012
0.16120852530002594
0.16639164090156555
0.1660097986459732
0.1656680554151535
0.16256871819496155
0.1555429846048355
0.1554860770702362
0.16239754855632782
0.17229397594928741
0.16868923604488373
0.16694700717926025
0.1616332232952118
0.1578645557165146
0.15876492857933044
0.16035467386245728
0.15456867218017578
0.16242298483848572
0.15465468168258667
0.16161181032657623
0.16161181032657623
0.16161181032657623
0.16161181032657623
0.16161181032657623
0.16161181032657623
0.15983694791793823
0.15790893137454987
0.1573387235403061
0.1582123339176178
0.15657278895378113
0.15892858803272247
0.16136176884174347
0.16849246621131897
0.16234315931797028
0.1631564348936081
0.1653503179550171
0.17889916896820068
0.18305543065071106
0.18239085376262665
0.17950943112373352
0.17606551945209503
0.17415063083171844
0.17623525857925415
0.18493254482746124
0.17591287195682526
0.16927385330200195
0.15477600693702698
0.16161181032657623
0.16161181032657623
0.16161181032657623
0.16161181032657623
0.16161181032657623
0.16161181032657623
0.1605830192565918
0.16034159064292908
0.15680831670761108
0.155628502368927
0.15850819647312164
0.16841380298137665
0.17752939462661743
0.1735590696334839
0.17900292575359344
0.20270462334156036
0.23428037762641907
0.25665944814682007
0.2598312795162201
0.2733808159828186
0.2763216197490692
0.260235071182251
0.24652068316936493
0.2739371061325073
0.33358898758888245
0.32358503341674805
0.2538054287433624
0.17950667440891266
0.16161181032657623
0.16161181032657623
0.16161181032657623
0.16161181032657623
0.16161181032657623
0.16161181032657623
0.16088108718395233
0.16014322638511658
0.15667672455310822
0.1693349927663803
0.19311150908470154
0.2105884552001953
0.18889175355434418
0.1873195767402649
0.26782023906707764
0.3706820607185364
0.4605080485343933
0.4780510663986206
0.4814401865005493
0.46846717596054077
0.44000768661499023
0.40396708250045776
0.4084351062774658
0.4722180962562561
0.5963891744613647
0.5794262290000916
0.41618812084198
0.2251501977443695
0.16161181032657623
0.16161181032657623
0.16161181032657623
0.16161181032657623
0.16161181032657623
0.16161181032657623
0.16111797094345093
0.160459503531456
0.17946726083755493
0.19518448412418365
0.16932369768619537
0.10159699618816376
0.07568571716547012
0.13454115390777588
0.2885317802429199
0.43428438901901245
0.5124108195304871
0.49005866050720215
0.4919973611831665
0.46279269456863403
0.4350006580352783
0.39343753457069397
0.45126020908355713
0.6102264523506165
0.753070592880249
0.7299938797950745
0.49252378940582275
0.24558110535144806
0.16161181032657623
0.16161181032657623
0.16161181032657623
0.16161181032657623
0.16161181032657623
0.16161181032657623
0.16329540312290192
0.16223745048046112
0.16486571729183197
0.11355971544981003
0.014859721064567566
-0.08370243012905121
-0.050414785742759705
0.1177314966917038
0.27732032537460327
0.3578324317932129
0.33637773990631104
0.2648913860321045
0.21832191944122314
0.19449198246002197
0.15936937928199768
0.09562928974628448
0.21401050686836243
0.4946138262748718
0.7337980270385742
0.7169504761695862
0.4401581287384033
0.22208699584007263
0.16161181032657623
0.16161181032657623
0.16161181032657623
0.16161181032657623
0.16161181032657623
0.16161181032657623
0.16126684844493866
0.1586301624774933
0.11507666856050491
-0.0014672130346298218
-0.15283571183681488
-0.24094562232494354
-0.18170027434825897
0.0653667002916336
0.2204754799604416
0.2724219560623169
0.141018345952034
0.04569508135318756
-0.046470895409584045
-0.09135426580905914
-0.15736739337444305
-0.17141945660114288
-0.015634939074516296
0.3036576509475708
0.5986219048500061
0.6147682070732117
0.38906508684158325
0.20514318346977234
0.16161181032657623
0.16161181032657623
0.16161181032657623
0.16161181032657623
0.16161181032657623
0.16161181032657623
0.16050265729427338
0.15939933061599731
0.08456849306821823
-0.10656242072582245
-0.34068381786346436
-0.4320724606513977
-0.1946881264448166
0.14698795974254608
0.3277113139629364
0.2561494708061218
0.055769480764865875
-0.044045478105545044
-0.12472157180309296
-0.1551969200372696
-0.2035963386297226
-0.16589684784412384
-0.044214531779289246
0.22117388248443604
0.444362998008728
0.4848783612251282
0.34107697010040283
0.20410272479057312
0.16161181032657623
0.16161181032657623
0.16161181032657623
0.16161181032657623
0.16161181032657623
0.16161181032657623
0.16858479380607605
0.16063520312309265
0.010030880570411682
-0.2585839033126831
-0.4795369505882263
-0.3723057508468628
0.08013807982206345
0.4567685127258301
0.6310729384422302
0.4566672444343567
0.2789987027645111
0.12127241492271423
0.010317966341972351
-0.03944174945354462
-0.08799333870410919
-0.0831017792224884
0.008921444416046143
0.21438761055469513
0.34463369846343994
0.34845513105392456
0.25213637948036194
0.1886880248785019
0.16161181032657623
0.16161181032657623
0.16161181032657623
0.16161181032657623
0.16161181032657623
0.16217300295829773
0.17192910611629486
0.11474604159593582
-0.11878038942813873
-0.36879634857177734
-0.48169511556625366
-0.17179171741008759
0.27810201048851013
0.701126754283905
0.8439560532569885
0.7595425248146057
0.5989254117012024
0.3863682150840759
0.2047303318977356
0.0857807844877243
0.05248342454433441
0.033730924129486084
0.09653899073600769
0.20197953283786774
0.25169357657432556
0.2282961755990982
0.18635454773902893
0.16881655156612396
0.16161181032657623
0.16161181032657623
0.16161181032657623
0.16161181032657623
0.16161181032657623
0.16112269461154938
0.13904644548892975
0.017211049795150757
-0.2544577121734619
-0.5122954845428467
-0.502898633480072
-0.10372589528560638
0.30435729026794434
0.6654474139213562
0.8011574149131775
0.801333487033844
0.7377681732177734
0.6082841753959656
0.3969269394874573
0.22767165303230286
0.15610714256763458
0.13393214344978333
0.1592089682817459
0.1685757040977478
0.19000418484210968
0.17748600244522095
0.17289647459983826
0.16726018488407135
0.16161181032657623
0.16161181032657623
0.16161181032657623
0.16217300295829773
0.16158053278923035
0.16066154837608337
0.10844362527132034
-0.09265320003032684
-0.37239354848861694
-0.6010655760765076
-0.49861764907836914
-0.17445538938045502
0.10422904789447784
0.29627442359924316
0.3793846070766449
0.5473430752754211
0.6536474227905273
0.7457284331321716
0.5913310647010803
0.3693907856941223
0.19038544595241547
0.16907276213169098
0.15442031621932983
0.16185930371284485
0.17499323189258575
0.17248089611530304
0.16688837110996246
0.1683042198419571
0.16403651237487793
0.1604393869638443
0.17053452134132385
0.1793377697467804
0.16605761647224426
0.15521734952926636
0.13808122277259827
-0.06487977504730225
-0.3196651339530945
-0.5161481499671936
-0.37067216634750366
-0.1617453545331955
-0.08076444268226624
-0.07346387207508087
-0.037573784589767456
0.20956730842590332
0.5089824795722961
0.8427324891090393
0.7305929064750671
0.4528299570083618
0.21300914883613586
0.1728566586971283
0.15912595391273499
0.16769297420978546
0.1647724062204361
0.16161508858203888
0.16433659195899963
0.16139137744903564
0.16445519030094147
0.160385861992836
0.18295584619045258
0.20105352997779846
0.15127497911453247
0.13498595356941223
0.2186909317970276
0.16037055850028992
-0.05739031732082367
-0.3222331404685974
-0.1984354704618454
-0.015935584902763367
-0.03582851588726044
-0.259968101978302
-0.3336571455001831
-0.14471863210201263
0.37676751613616943
0.91398686170578
0.880797803401947
0.5316623449325562
0.23791518807411194
0.15793703496456146
0.1625378280878067
0.1649491786956787
0.16358578205108643
0.15621162950992584
0.16821464896202087
0.1620928794145584
0.15648433566093445
0.16225841641426086
0.1662251204252243
0.1360606998205185
0.05090154707431793
0.09724152088165283
0.2685404419898987
0.4840325117111206
0.31209149956703186
0.04920865595340729
0.04563066363334656
0.12782903015613556
0.08193418383598328
-0.2538907527923584
-0.4984963536262512
-0.45328712463378906
0.22464030981063843
0.9150199890136719
0.9936339259147644
0.5940748453140259
0.24179422855377197
0.15152192115783691
0.15888038277626038
0.16309748589992523
0.1680426299571991
0.16014648973941803
0.16320455074310303
0.1607929766178131
0.15114404261112213
0.1625886708498001
0.13207964599132538
0.010130122303962708
-0.11469723284244537
-0.03974439203739166
0.26258549094200134
0.7152109742164612
0.6468045115470886
0.4278193712234497
0.2273482382297516
0.19815465807914734
0.16160127520561218
-0.21977843344211578
-0.5170305371284485
-0.5610224604606628
0.19682848453521729
0.8868646025657654
0.9754437208175659
0.5701887011528015
0.229254812002182
0.16195739805698395
0.16224981844425201
0.16957734525203705
0.1671917885541916
0.15976198017597198
0.15893444418907166
0.15934139490127563
0.1519889384508133
0.16024520993232727
0.10361872613430023
-0.09889321029186249
-0.2960240840911865
-0.30379432439804077
0.20715931057929993
0.7368992567062378
0.8650113344192505
0.6476744413375854
0.43003302812576294
0.2955530881881714
0.10433520376682281
-0.24159367382526398
-0.4687580466270447
-0.3536355495452881
0.3618675470352173
0.8745301365852356
0.8610944747924805
0.4720609188079834
0.2054901123046875
0.167665034532547
0.16294385492801666
0.1710796356201172
0.16378095746040344
0.16111797094345093
0.16112644970417023
0.16126088798046112
0.15237955749034882
0.15705269575119019
0.08874337375164032
-0.17293281853199005
-0.4584706425666809
-0.5385448932647705
-0.061560869216918945
0.5884841680526733
0.9281851053237915
0.8377498388290405
0.6485514640808105
0.42376357316970825
0.1323462426662445
-0.14184622466564178
-0.23549707233905792
0.015499666333198547
0.5215248465538025
0.778044581413269
0.6614958643913269
0.3632301092147827
0.19410733878612518
0.16420939564704895
0.16206912696361542
0.16722612082958221
0.1635843813419342
0.16324016451835632
0.16161181032657623
0.16161181032657623
0.15497872233390808
0.1597147136926651
0.11216600239276886
-0.10670627653598785
-0.4607028365135193
-0.6505459547042847
-0.3595924377441406
0.19049055874347687
0.6165232062339783
0.6770777702331543
0.5609071850776672
0.40208518505096436
0.18926650285720825
0.08202510327100754
0.05833882838487625
0.27908259630203247
0.5494344234466553
0.6034790277481079
0.4675866365432739
0.2848863899707794
0.18463586270809174
0.15838517248630524
0.1617657095193863
0.16657522320747375
0.16501280665397644
0.16519592702388763
0.16161181032657623
0.16161181032657623
0.15629853308200836
0.15536721050739288
0.13697439432144165
0.008259564638137817
-0.28666162490844727
-0.5617585182189941
-0.5250290632247925
-0.21095125377178192
0.13973839581012726
0.30934497714042664
0.344890296459198
0.26064103841781616
0.13799893856048584
0.13627654314041138
0.17757055163383484
0.36458566784858704
0.4827844500541687
0.4613999128341675
0.34619957208633423
0.22659678757190704
0.1675373613834381
0.16266795992851257
0.16294258832931519
0.17239978909492493
0.16617195308208466
0.16441397368907928
0.16161181032657623
0.16161181032657623
0.1548033058643341
0.15126991271972656
0.1507214605808258
0.08686221390962601
-0.07685893774032593
-0.3114537000656128
-0.5156058669090271
-0.4446607232093811
-0.2309999018907547
-0.0300043523311615
0.03305728733539581
0.016485705971717834
0.021579697728157043
0.12038552016019821
0.26901596784591675
0.4123055338859558
0.43142735958099365
0.34971335530281067
0.2509401738643646
0.1766863614320755
0.15951822698116302
0.15923738479614258
0.1654147505760193
0.17207668721675873
0.1655418872833252
0.1632973998785019
0.16161181032657623
0.16161181032657623
0.1512339562177658
0.14860959351062775
0.16130785644054413
0.15262585878372192
0.07918431609869003
-0.06802532076835632
-0.274364709854126
-0.41244834661483765
-0.4091607928276062
-0.2813657522201538
-0.17246870696544647
-0.07859957218170166
0.03150324523448944
0.22372353076934814
0.37777870893478394
0.4025283455848694
0.3308722972869873
0.23715494573116302
0.18528978526592255
0.15838955342769623
0.16067542135715485
0.15281414985656738
0.16749294102191925
0.16419193148612976
0.1643509566783905
0.1632382869720459
0.16161181032657623
0.16161181032657623
0.15139643847942352
0.1502537578344345
0.15858139097690582
0.164340540766716
0.1496802419424057
0.10124193131923676
-0.021071210503578186
-0.16822920739650726
-0.26904481649398804
-0.23355816304683685
-0.1234741061925888
-0.015194818377494812
0.12475626170635223
0.293879896402359
0.3604739308357239
0.2986828088760376
0.21566477417945862
0.17732617259025574
0.1674853414297104
0.16025596857070923
0.15680621564388275
0.15157978236675262
0.16667567193508148
0.165128692984581
0.16354383528232574
0.1628844290971756
0.16161181032657623
0.16161181032657623
0.1581803560256958
0.15713606774806976
0.15915435552597046
0.16267088055610657
0.16254527866840363
0.15346144139766693
0.11240065097808838
0.04098469018936157
-0.029678598046302795
-0.04702068865299225
0.0034188181161880493
0.08751688152551651
0.18248261511325836
0.26006168127059937
0.2622727155685425
0.20593778789043427
0.1677238643169403
0.16408061981201172
0.16440357267856598
0.157690167427063
0.15562307834625244
0.15557734668254852
0.16505222022533417
0.1667798012495041
0.1623779684305191
0.16207924485206604
0.16161181032657623
0.16161181032657623
0.16161181032657623
0.16161181032657623
0.16161181032657623
0.16161181032657623
0.16161181032657623
0.16161181032657623
0.155685693025589
0.14097218215465546
0.12358476221561432
0.1167142391204834
0.12616737186908722
0.14879298210144043
0.17180748283863068
0.18556274473667145
0.18180304765701294
0.1676526814699173
0.160909965634346
0.16220925748348236
0.16254669427871704
0.16013027727603912
0.16015572845935822
0.1605590432882309
0.16250796616077423
0.16301412880420685
0.16161181032657623
0.16161181032657623
0.16161181032657623
0.16161181032657623
0.16161181032657623
0.16161181032657623
0.16161181032657623
0.16161181032657623
0.16161181032657623
0.16161181032657623
0.16161181032657623
0.16161181032657623
0.1608199030160904
0.16174696385860443
0.16065196692943573
0.16185548901557922
0.16127701103687286
0.1619105339050293
0.16207924485206604
0.16161181032657623
0.16161181032657623
0.16161181032657623
0.16161181032657623
0.16161181032657623
0.16161181032657623
0.16161181032657623
0.16161181032657623
0.16161181032657623
0.16161181032657623
0.16161181032657623
0.16161181032657623
0.16161181032657623
0.0003459588042460382
0.0003459588042460382
0.0003459588042460382
0.0003459588042460382
0.0003459588042460382
0.0003459588042460382
2.514009247533977e-05
0.0036470110062509775
0.004377656150609255
0.0024958988651633263
0.0016963882371783257
0.0011680778115987778
0.0015808793250471354
-0.0007730174693278968
-0.002604779787361622
0.0017828443087637424
0.009906288236379623
0.006954469718039036
-0.0007799241575412452
-0.0013855602592229843
0.0006184795638546348
0.003708386793732643
0.003653198014944792
0.00510752946138382
0.0034717724192887545
-0.0028058416210114956
-0.0014440654776990414
0.0017867055721580982
0.0003459588042460382
0.0003459588042460382
0.0003459588042460382
0.0003459588042460382
0.0003459588042460382
0.0003459588042460382
0.0013799832668155432
0.00033951320801861584
0.0010130107402801514
0.003980847541242838
0.005297117866575718
0.004797710105776787
0.0023848027922213078
0.0004412770504131913
0.004925553221255541
0.008127020671963692
0.00790318287909031
0.004880252294242382
-0.0021186373196542263
-0.0016301488503813744
6.616333848796785e-05
0.000474580010632053
0.001888941740617156
0.0022908062674105167
0.0018304027616977692
0.006146161817014217
0.0028804049361497164
0.009494110941886902
0.0003459588042460382
0.0003459588042460382
0.0003459588042460382
0.0003459588042460382
0.0003459588042460382
0.0003459588042460382
0.0001677262771409005
0.004121433477848768
0.00832129456102848
0.012094717472791672
0.007973182015120983
-0.0003337700618430972
-0.0029512119945138693
0.0011773636797443032
0.005540542304515839
0.00908459909260273
0.010098649188876152
0.007578650955110788
0.0016430183313786983
-0.0020395072642713785
-0.0030623208731412888
0.004075120203197002
0.006124274339526892
0.0051748622208833694
0.0058119879104197025
0.009606235660612583
0.0031980513595044613
0.009554339572787285
0.0003459588042460382
0.0003459588042460382
0.0003459588042460382
0.0003459588042460382
0.0003459588042460382
0.0003459588042460382
0.0022155900951474905
0.004439352545887232
0.006427044980227947
0.008204467594623566
0.008287807926535606
0.001984545262530446
0.0020632329396903515
0.004286929499357939
0.008841967210173607
0.012336377054452896
0.011625193990767002
0.0009082137257792056
-0.004259170964360237
-0.003429321339353919
-0.0029281750321388245
-0.0019453484565019608
-0.0015605816151946783
0.005083655007183552
0.012166769243776798
0.019904647022485733
0.00724003603681922
0.006008496042340994
0.0003459588042460382
0.0003459588042460382
0.0003459588042460382
0.0003459588042460382
0.0003459588042460382
0.0003459588042460382
0.001558275194838643
0.0035261090379208326
0.005462108179926872
0.007080213166773319
0.00913152564316988
0.005617284681648016
-0.005552518181502819
-0.014471014961600304
-0.00934342760592699
0.00817801058292389
0.01292121410369873
0.0019143321551382542
0.0020031079184263945
-0.0016117221675813198
-0.014308979734778404
-0.020740486681461334
-0.008364194072782993
0.03133463114500046
0.058464743196964264
0.03745776787400246
-0.004183738958090544
-0.0029741954058408737
0.0003459588042460382
0.0003459588042460382
0.0003459588042460382
0.0003459588042460382
0.0003459588042460382
0.0003459588042460382
0.001644970616325736
0.004382236395031214
0.0055172075517475605
0.003729391610249877
-0.0028591796290129423
-0.029855014756321907
-0.05559668689966202
-0.035132817924022675
0.03567418083548546
0.07439206540584564
0.046633582562208176
0.0295772273093462
0.027669133618474007
0.02156234346330166
0.02018972858786583
0.05531201884150505
0.11031142622232437
0.1432231366634369
0.11220601946115494
0.018736351281404495
-0.0590546578168869
-0.022855637595057487
0.0003459588042460382
0.0003459588042460382
0.0003459588042460382
0.0003459588042460382
0.0003459588042460382
0.0003459588042460382
0.001484531443566084
0.002979868557304144
7.3338916990906e-05
-0.018685011193156242
-0.05553533881902695
-0.0530269555747509
0.0586247518658638
0.20725785195827484
0.2764512300491333
0.2612990736961365
0.19952596724033356
0.17781275510787964
0.18450723588466644
0.21322132647037506
0.2459409236907959
0.29871007800102234
0.30402836203575134
0.2700664699077606
0.14072921872138977
-0.07559831440448761
-0.1551371067762375
-0.04904266446828842
0.0003459588042460382
0.0003459588042460382
0.0003459588042460382
0.0003459588042460382
0.0003459588042460382
0.0003459588042460382
0.0002924003638327122
0.001864950405433774
-0.012732688337564468
-0.023293355479836464
0.03569480776786804
0.2356519252061844
0.47296014428138733
0.6160372495651245
0.6312001943588257
0.5407176613807678
0.45178720355033875
0.43610015511512756
0.4337829351425171
0.44599542021751404
0.4695602357387543
0.52119380235672
0.49637189507484436
0.32797741889953613
0.0628812238574028
-0.17372013628482819
-0.2081136852502823
-0.05957275629043579
0.0003459588042460382
0.0003459588042460382
0.0003459588042460382
0.0003459588042460382
0.0003459588042460382
0.0003459588042460382
-0.0006522030453197658
0.003971816506236792
0.03101305291056633
0.10389315336942673
0.2580187916755676
0.5232219099998474
0.8039576411247253
0.8749406933784485
0.7388412952423096
0.5558193325996399
0.4936390817165375
0.48129579424858093
0.5207297205924988
0.56951904296875
0.6490045189857483
0.7362434267997742
0.6209887862205505
0.27143049240112305
-0.11746155470609665
-0.276201456785202
-0.19315122067928314
-0.043088946491479874
0.0003459588042460382
0.0003459588042460382
0.0003459588042460382
0.0003459588042460382
0.0003459588042460382
0.0003459588042460382
0.002788542304188013
0.013820740394294262
0.06328334659337997
0.19969932734966278
0.5055587291717529
0.9222608208656311
1.1666468381881714
1.0265005826950073
0.6452049612998962
0.4080851078033447
0.4151979684829712
0.43982937932014465
0.49379387497901917
0.5535564422607422
0.6102674007415771
0.6099711060523987
0.4798867106437683
0.13399562239646912
-0.20344285666942596
-0.2823586165904999
-0.163312166929245
-0.031770579516887665
0.0003459588042460382
0.0003459588042460382
0.0003459588042460382
0.0003459588042460382
0.0003459588042460382
0.0003459588042460382
0.0012906994670629501
0.01373804546892643
0.10800010710954666
0.3972698152065277
0.8508022427558899
1.1307039260864258
0.9933441281318665
0.610466480255127
0.22623847424983978
0.13705076277256012
0.21134616434574127
0.24406719207763672
0.30244165658950806
0.3604705035686493
0.41170424222946167
0.3891352713108063
0.2520367503166199
0.008982484228909016
-0.17291872203350067
-0.1820686012506485
-0.09520193934440613
-0.020714042708277702
0.0003459588042460382
0.0003459588042460382
0.0003459588042460382
0.0003459588042460382
0.0003459588042460382
0.0003281059907749295
0.0007861815975047648
0.03022751398384571
0.1935710608959198
0.5822155475616455
1.0499781370162964
1.0951048135757446
0.7251266241073608
0.25066953897476196
-0.05574975162744522
-0.09594441205263138
-0.025315452367067337
0.02068418636918068
0.08744470775127411
0.16213415563106537
0.22511334717273712
0.21309281885623932
0.0923696830868721
-0.04308544471859932
-0.09619124233722687
-0.06892409920692444
-0.026282506063580513
-0.004542271140962839
0.0003459588042460382
0.0003459588042460382
0.0003459588042460382
0.0003459588042460382
0.0003459588042460382
2.514009247533977e-05
0.009136728011071682
0.10326997935771942
0.35681769251823425
0.7923939228057861
1.1862118244171143
1.040326714515686
0.5253769159317017
0.06450872868299484
-0.08983038365840912
-0.0877590924501419
-0.07145141065120697
-0.03739393129944801
-0.01105235144495964
0.027402551844716072
0.06115342304110527
0.052042074501514435
0.015297574922442436
-0.008514003828167915
-0.023880943655967712
-0.004740660544484854
-0.0001944406540133059
-0.0008669623057357967
0.0003459588042460382
0.0003459588042460382
0.0003459588042460382
0.0003281059907749295
6.182643119245768e-05
0.0008825607947073877
0.046667762100696564
0.2278767228126526
0.5576773285865784
1.0141428709030151
1.222350835800171
0.8792634606361389
0.4204637408256531
0.18436047434806824
0.06238745152950287
0.002127415267750621
0.0517134852707386
-0.028953231871128082
-0.0620151050388813
-0.05504080280661583
-0.010728193446993828
0.00872540008276701
0.007690494880080223
0.010582342743873596
-0.0008825688273645937
0.0024459983687847853
-0.0008001949754543602
-0.004927691537886858
-0.00043673429172486067
0.001899442169815302
-0.0009786623995751143
-0.0020146314054727554
-0.014969158917665482
-0.01413416676223278
0.07865267992019653
0.358138769865036
0.6783732175827026
0.9367896914482117
0.9264962673187256
0.6685087084770203
0.46922773122787476
0.36080724000930786
0.2670119106769562
0.14906705915927887
0.18225598335266113
0.01662052609026432
-0.135748952627182
-0.12837770581245422
-0.019873855635523796
0.0025449516251683235
0.01691056787967682
0.013070782646536827
-0.002034746343269944
0.006322227884083986
0.002542998408898711
0.0006638517952524126
0.0004930460709147155
0.0025927352253347635
-0.005850456655025482
-0.018267929553985596
-0.04925448074936867
-0.013141585513949394
0.15274621546268463
0.37062785029411316
0.5288774371147156
0.6657437682151794
0.5606917142868042
0.4052610993385315
0.3865087032318115
0.4812801480293274
0.4011693000793457
0.3465856611728668
0.3350170850753784
0.039996951818466187
-0.1525513231754303
-0.1872006207704544
-0.04921884462237358
0.003702879650518298
0.005382683593779802
0.00784700084477663
0.0017339482437819242
0.005110078025609255
-0.0013469618279486895
0.0021063864696770906
0.004523441195487976
0.0043113878928124905
5.848833825439215e-05
-0.003940632101148367
-0.013778705149888992
0.08641156554222107
0.2515297830104828
0.2770627439022064
0.31287023425102234
0.34488120675086975
0.2097175419330597
0.1403101235628128
0.2458208203315735
0.5187492966651917
0.649235188961029
0.6686326861381531
0.4925917685031891
0.01904006116092205
-0.2688584327697754
-0.25639355182647705
-0.05110114440321922
0.01432907022535801
0.01246267557144165
0.005365912336856127
-0.0014165288303047419
0.0009468438220210373
-0.0027921083383262157
-0.0013548212591558695
0.010797100141644478
0.007072362583130598
0.02506350539624691
0.10630948841571808
0.16122683882713318
0.2511000633239746
0.3614273965358734
0.15199477970600128
-0.012936146929860115
-0.009263690561056137
0.018092932179570198
-8.69885552674532e-05
0.046134963631629944
0.39206504821777344
0.7529518604278564
0.9965583086013794
0.6690053939819336
0.03330599144101143
-0.33455371856689453
-0.29431238770484924
-0.06529049575328827
0.005911831744015217
0.006188808474689722
-5.599998985417187e-05
-0.005228500813245773
0.005579711869359016
0.004388673696666956
0.001753475284203887
0.009873415343463421
0.005496643949300051
0.05287935212254524
0.24535401165485382
0.41068604588508606
0.47930654883384705
0.41403692960739136
0.12729616463184357
-0.10648110508918762
-0.10770180821418762
-0.032712362706661224
-0.04030865803360939
0.01905643567442894
0.4225872755050659
0.9120604991912842
1.1372010707855225
0.6274688839912415
-0.07724205404520035
-0.3938532769680023
-0.26930031180381775
-0.04875926300883293
0.001963455928489566
0.0024028513580560684
-0.003298441879451275
-0.0032624707091599703
0.001484531443566084
0.0011279331520199776
0.0006261086091399193
0.010868440382182598
0.006268470548093319
0.0831211656332016
0.39075732231140137
0.6829606294631958
0.721579372882843
0.44498810172080994
0.11637845635414124
-0.08310777693986893
-0.15886346995830536
-0.11893117427825928
-0.060430821031332016
0.20631340146064758
0.6740952134132385
1.0899845361709595
1.0762739181518555
0.37568920850753784
-0.2449558526277542
-0.3929414451122284
-0.1977260261774063
-0.029818007722496986
0.00028394960099831223
0.001183830201625824
-0.004619681742042303
-0.0003763570566661656
-8.610877557657659e-05
0.0003459588042460382
0.0003459588042460382
0.003478484693914652
0.002912577474489808
0.08907655626535416
0.4170462191104889
0.7793862819671631
0.856582522392273
0.6276145577430725
0.2336680293083191
-0.03603217378258705
-0.06128586828708649
0.011460094712674618
0.1922764927148819
0.5367997288703918
0.9349378943443298
1.0621294975280762
0.6807359457015991
0.01288517750799656
-0.33015263080596924
-0.3066107928752899
-0.1226939857006073
-0.01357982587069273
-0.0014828522689640522
0.0014198040589690208
-0.001752370037138462
0.0005934733781032264
-0.0011692068073898554
0.0003459588042460382
0.0003459588042460382
0.0016756164841353893
0.009326940402388573
0.05886845290660858
0.2788239121437073
0.6417407393455505
0.8623265624046326
0.7005192041397095
0.4688996970653534
0.29394054412841797
0.2852553427219391
0.36053937673568726
0.47788137197494507
0.7651402950286865
0.8770421147346497
0.6738677024841309
0.2025001496076584
-0.22245477139949799
-0.28998449444770813
-0.17820625007152557
-0.058227378875017166
-0.009095759131014347
0.001179853337816894
0.006713160779327154
-0.001421445282176137
0.0010759904980659485
-0.0025170566514134407
0.0003459588042460382
0.0003459588042460382
0.008462505415081978
0.014732366427779198
0.041870590299367905
0.16090577840805054
0.41551581025123596
0.6616350412368774
0.7684563398361206
0.6196048855781555
0.4815724492073059
0.46352705359458923
0.5227809548377991
0.6700308918952942
0.7766764163970947
0.6350429058074951
0.24367010593414307
-0.13773776590824127
-0.2693140506744385
-0.19135864078998566
-0.08486447483301163
-0.02009788155555725
-0.0029747479129582644
0.007462366484105587
0.008127461187541485
-0.004238955210894346
-0.0001552105532027781
-0.001981555949896574
0.0003459588042460382
0.0003459588042460382
0.01073385775089264
0.011776115745306015
0.009135177358984947
0.03156312555074692
0.16982655227184296
0.404707133769989
0.6237511038780212
0.7154849767684937
0.6915817260742188
0.6878609657287598
0.676892101764679
0.5922644138336182
0.4552439749240875
0.1653108149766922
-0.14185981452465057
-0.2550208568572998
-0.18253852427005768
-0.07586383819580078
-0.02248282916843891
0.0047340248711407185
0.0032025056425482035
0.012476407922804356
0.00730231823399663
-0.0066939000971615314
-0.0014530285261571407
-0.0016560109797865152
0.0003459588042460382
0.0003459588042460382
0.01595405489206314
0.011515988036990166
0.0017189164645969868
0.0009443960734643042
0.0320500023663044
0.12333885580301285
0.32401353120803833
0.5072038173675537
0.5804708003997803
0.5377647876739502
0.4553280174732208
0.3338555693626404
0.13448546826839447
-0.08499482274055481
-0.19416925311088562
-0.14913830161094666
-0.057485032826662064
-0.014086373150348663
-0.00720428628847003
0.0033587790094316006
0.006079367361962795
0.008323051035404205
0.002061473438516259
-0.0038169012404978275
-0.0014110170304775238
-0.0007630281033925712
0.0003459588042460382
0.0003459588042460382
0.007246172521263361
0.007730023469775915
0.003326994366943836
-0.001693948172032833
0.0004218759131617844
0.020009344443678856
0.10243778675794601
0.22271360456943512
0.30774280428886414
0.30989208817481995
0.2456957846879959
0.12155807018280029
-0.024758802726864815
-0.11581267416477203
-0.10870521515607834
-0.04603461176156998
-0.006983256433159113
-0.0021026097238063812
-0.0026745712384581566
0.00953513104468584
0.009196911007165909
0.005464625544846058
-0.003656861837953329
-0.004739123862236738
-0.0006943671614862978
-0.0001530140871182084
0.0003459588042460382
0.0003459588042460382
0.0003459588042460382
0.0003459588042460382
0.0003459588042460382
0.0003459588042460382
0.0003459588042460382
0.0003459588042460382
0.014008831232786179
0.043886832892894745
0.07011193037033081
0.07653684914112091
0.059990230947732925
0.020910490304231644
-0.018508879467844963
-0.03392334654927254
-0.02307228371500969
-0.005574685987085104
0.0009062584140338004
-0.0007367472280748188
-0.000651986978482455
0.003761677071452141
0.002691881963983178
0.0011864082189276814
-0.0012781003024429083
-0.0011509598698467016
0.0003459588042460382
0.0003459588042460382
0.0003459588042460382
0.0003459588042460382
0.0003459588042460382
0.0003459588042460382
0.0003459588042460382
0.0003459588042460382
0.0003459588042460382
0.0003459588042460382
0.0003459588042460382
0.0003459588042460382
0.0013978362549096346
0.000498852867167443
0.00207643979229033
0.0014331464190036058
-0.00015583320055156946
-0.00019539421191439033
-0.0001530140871182084
0.0003459588042460382
0.0003459588042460382
0.0003459588042460382
0.0003459588042460382
0.0003459588042460382
0.0003459588042460382
0.0003459588042460382
0.0003459588042460382
0.0003459588042460382
0.0003459588042460382
0.0003459588042460382
0.0003459588042460382
0.0003459588042460382
0.10540127009153366
0.10540127009153366
0.10540127009153366
0.10540127009153366
0.10540127009153366
0.10540127009153366
0.10546868294477463
0.10222114622592926
0.10364419221878052
0.10527760535478592
0.10586080700159073
0.10498833656311035
0.10420897603034973
0.10603612661361694
0.10631468892097473
0.09986581653356552
0.09800388664007187
0.10284261405467987
0.10978084057569504
0.10979721695184708
0.10523723065853119
0.10392025113105774
0.105734683573246
0.10565850138664246
0.10551811009645462
0.10278835892677307
0.10372638702392578
0.10537992417812347
0.10540127009153366
0.10540127009153366
0.10540127009153366
0.10540127009153366
0.10540127009153366
0.10540127009153366
0.10427272319793701
0.10543140769004822
0.10364892333745956
0.0997031033039093
0.0974847823381424
0.1037050262093544
0.10732953250408173
0.1054469496011734
0.1023455336689949
0.10302384197711945
0.10458078980445862
0.10535017400979996
0.10470031201839447
0.10596112906932831
0.10748092085123062
0.10640445351600647
0.10270944982767105
0.10174442082643509
0.10235661268234253
0.0973055511713028
0.1025460809469223
0.10479700565338135
0.10540127009153366
0.10540127009153366
0.10540127009153366
0.10540127009153366
0.10540127009153366
0.10540127009153366
0.10523118823766708
0.10110557079315186
0.09914170950651169
0.1010601818561554
0.10569910705089569
0.1070229634642601
0.1079566553235054
0.10312370955944061
0.10378190875053406
0.10136096179485321
0.09664734452962875
0.0992264375090599
0.1072787269949913
0.10914237052202225
0.10954111069440842
0.10142167657613754
0.10279025137424469
0.10693670809268951
0.10442379862070084
0.10517876595258713
0.10634694248437881
0.10359983146190643
0.10540127009153366
0.10540127009153366
0.10540127009153366
0.10540127009153366
0.10540127009153366
0.10540127009153366
0.10399015247821808
0.10317790508270264
0.10416466742753983
0.10340528935194016
0.10149266570806503
0.10205616056919098
0.10007175803184509
0.09934096783399582
0.09590502828359604
0.09799425303936005
0.10453738272190094
0.11500424891710281
0.11347996443510056
0.10573787987232208
0.10274069011211395
0.10092583298683167
0.1044677197933197
0.1099105030298233
0.10842669010162354
0.10901106894016266
0.11219904571771622
0.10634267330169678
0.10540127009153366
0.10540127009153366
0.10540127009153366
0.10540127009153366
0.10540127009153366
0.10540127009153366
0.10494472086429596
0.10350816696882248
0.10221798717975616
0.10052192956209183
0.09745994210243225
0.09511229395866394
0.08953628689050674
0.08589141070842743
0.07828666269779205
0.07206167280673981
0.08627522736787796
0.10684569180011749
0.1022743508219719
0.09473488479852676
0.08539754152297974
0.08288729935884476
0.09499725699424744
0.11329363286495209
0.12732747197151184
0.15909940004348755
0.17136028409004211
0.12776432931423187
0.10540127009153366
0.10540127009153366
0.10540127009153366
0.10540127009153366
0.10540127009153366
0.10540127009153366
0.10481378436088562
0.10081107914447784
0.09904269874095917
0.09370177239179611
0.07331709563732147
0.05111074447631836
0.030836977064609528
0.005912765860557556
-0.021443866193294525
0.0029814839363098145
0.06106274202466011
0.07732108980417252
0.07913811504840851
0.07545812427997589
0.05516916513442993
0.01680859923362732
0.019383125007152557
0.09208492189645767
0.16293823719024658
0.23312541842460632
0.26658424735069275
0.1604461818933487
0.10540127009153366
0.10540127009153366
0.10540127009153366
0.10540127009153366
0.10540127009153366
0.10540127009153366
0.10459654033184052
0.10062266141176224
0.08227504044771194
0.05660776048898697
0.03055524080991745
-0.021271251142024994
-0.12673166394233704
-0.17229509353637695
-0.14094555377960205
-0.09434863179922104
-0.039733149111270905
-0.03697093576192856
-0.055688418447971344
-0.07873036712408066
-0.08280574530363083
-0.08460278064012527
-0.008756168186664581
0.0855916291475296
0.1876680701971054
0.2784775495529175
0.29420313239097595
0.16917288303375244
0.10540127009153366
0.10540127009153366
0.10540127009153366
0.10540127009153366
0.10540127009153366
0.10540127009153366
0.10403703153133392
0.0971403419971466
0.07183787971735
0.006122693419456482
-0.09757188707590103
-0.21969908475875854
-0.25450214743614197
-0.1913973093032837
-0.08707775920629501
-0.026441507041454315
-0.008928842842578888
-0.028625302016735077
-0.05563976615667343
-0.09758170694112778
-0.11410479992628098
-0.14828717708587646
-0.11782308667898178
0.02215614914894104
0.20487536489963531
0.2931613326072693
0.25292399525642395
0.14531299471855164
0.10540127009153366
0.10540127009153366
0.10540127009153366
0.10540127009153366
0.10540127009153366
0.10540127009153366
0.10469402372837067
0.08925164490938187
0.029894188046455383
-0.07113970071077347
-0.16229072213172913
-0.24073854088783264
-0.30089983344078064
-0.2860490381717682
-0.1390901803970337
-0.0007362142205238342
-0.029087521135807037
-0.050040192902088165
-0.09314022213220596
-0.14992141723632812
-0.20748168230056763
-0.21912679076194763
-0.0890052542090416
0.11789671331644058
0.31021374464035034
0.3209070861339569
0.22707778215408325
0.1294972449541092
0.10540127009153366
0.10540127009153366
0.10540127009153366
0.10540127009153366
0.10540127009153366
0.10540127009153366
0.101695716381073
0.07249383628368378
0.00019618123769760132
-0.11205295473337173
-0.30316299200057983
-0.47009438276290894
-0.4339335560798645
-0.16383475065231323
0.1437361240386963
0.25333836674690247
0.15322738885879517
0.1097184494137764
0.08230423927307129
0.05326108634471893
0.022798262536525726
0.04227890819311142
0.12305723130702972
0.2933279275894165
0.4207342863082886
0.37085336446762085
0.23341616988182068
0.13083995878696442
0.10540127009153366
0.10540127009153366
0.10540127009153366
0.10540127009153366
0.10540127009153366
0.10540127009153366
0.0958801731467247
0.041999079287052155
-0.0689801350235939
-0.2622280418872833
-0.4818198084831238
-0.4723053574562073
-0.18703189492225647
0.1246986985206604
0.35585594177246094
0.36809712648391724
0.31566882133483887
0.26035043597221375
0.19979792833328247
0.1643519401550293
0.14138060808181763
0.14585807919502258
0.21692797541618347
0.3471899926662445
0.3936666250228882
0.3063142001628876
0.18970918655395508
0.12279046326875687
0.10540127009153366
0.10540127009153366
0.10540127009153366
0.10540127009153366
0.10540127009153366
0.10494652390480042
0.0814468115568161
-0.006265409290790558
-0.14989089965820312
-0.3620384633541107
-0.5452009439468384
-0.4003346562385559
-0.07342088967561722
0.24041879177093506
0.4420493245124817
0.4548541009426117
0.37872567772865295
0.30448946356773376
0.19560778141021729
0.12095169723033905
0.09028446674346924
0.11733181774616241
0.22156527638435364
0.27979058027267456
0.25630825757980347
0.18480297923088074
0.13013829290866852
0.1158115491271019
0.10540127009153366
0.10540127009153366
0.10540127009153366
0.10540127009153366
0.10540127009153366
0.10546868294477463
0.0790300965309143
-0.053197167813777924
-0.22205227613449097
-0.39785194396972656
-0.544208288192749
-0.33980441093444824
0.017922796308994293
0.2576310336589813
0.2565302848815918
0.28615573048591614
0.2779659926891327
0.2710009515285492
0.245554119348526
0.14801466464996338
0.0947415828704834
0.1074056401848793
0.14294224977493286
0.14378191530704498
0.14351412653923035
0.11696301400661469
0.11409435421228409
0.11591798067092896
0.10540127009153366
0.10540127009153366
0.10540127009153366
0.10494652390480042
0.10523692518472672
0.10515907406806946
0.07350941002368927
-0.04740481823682785
-0.2355317771434784
-0.421670138835907
-0.43382537364959717
-0.1282203197479248
0.1426084339618683
0.10938163101673126
0.05243087187409401
0.06742341816425323
0.07442470639944077
0.2062869369983673
0.2847304344177246
0.25212347507476807
0.1390218883752823
0.10057967156171799
0.10088694095611572
0.1014641597867012
0.11527174711227417
0.107296422123909
0.10727975517511368
0.1085471585392952
0.10491539537906647
0.10414101183414459
0.10334424674510956
0.08759128302335739
0.10012727975845337
0.115991972386837
0.06370186060667038
-0.06548414379358292
-0.20811507105827332
-0.2780981659889221
-0.16760766506195068
0.013957969844341278
0.10098981857299805
0.05314813554286957
-0.0015378743410110474
0.06036382168531418
0.020263567566871643
0.2097230851650238
0.3046194314956665
0.28216081857681274
0.1431802660226822
0.11168638616800308
0.10245958715677261
0.10632862150669098
0.10867499560117722
0.10502837598323822
0.10267680138349533
0.10853955894708633
0.1028498038649559
0.10094604641199112
0.09590032696723938
0.04081407189369202
0.0542709156870842
0.0869949460029602
0.005780540406703949
-0.02902796119451523
-0.035112716257572174
-0.1388828158378601
-0.02212228626012802
0.1369473934173584
0.1549634337425232
-0.013656146824359894
-0.04971378296613693
-0.00022892653942108154
0.0071420818567276
0.22779035568237305
0.33525559306144714
0.33567893505096436
0.17740929126739502
0.1082383394241333
0.10259725153446198
0.10209048539400101
0.10597069561481476
0.0995921716094017
0.10813359916210175
0.10749810189008713
0.10230401158332825
0.09965439885854721
0.08183145523071289
-0.011457443237304688
-0.04614526778459549
-0.031228981912136078
-0.050483085215091705
0.017659403383731842
0.10486005991697311
0.1297176629304886
0.21317127346992493
0.22174370288848877
0.09274806082248688
-0.08877544850111008
-0.14399206638336182
-0.08627445250749588
0.06502066552639008
0.3530644178390503
0.436349481344223
0.35769122838974
0.15934856235980988
0.10029992461204529
0.10685769468545914
0.10718141496181488
0.11418566107749939
0.11368969827890396
0.10966795682907104
0.10479172319173813
0.09935306757688522
0.10249921679496765
0.07085533440113068
-0.062338121235370636
-0.1461731493473053
-0.13707706332206726
-0.11217250674962997
0.09062217175960541
0.2406427264213562
0.2951800525188446
0.1902526617050171
0.145066499710083
0.03386431932449341
-0.20945847034454346
-0.3675331175327301
-0.35366588830947876
0.02430448681116104
0.41546180844306946
0.5108138918876648
0.3565574586391449
0.15807782113552094
0.10489840060472488
0.10580066591501236
0.11109486222267151
0.11243803799152374
0.103207528591156
0.1050153523683548
0.10853760689496994
0.10200107097625732
0.10289952158927917
0.06550311297178268
-0.0931887999176979
-0.25387105345726013
-0.2799862325191498
-0.17884886264801025
0.08390219509601593
0.2628842294216156
0.2966861426830292
0.21365222334861755
0.1240176260471344
-0.009422257542610168
-0.27695128321647644
-0.4275580048561096
-0.35091060400009155
0.1312231421470642
0.49493837356567383
0.5227711796760559
0.3056061565876007
0.13426929712295532
0.11198195815086365
0.10587351769208908
0.1099497377872467
0.10703311115503311
0.10459654033184052
0.1052338033914566
0.10597199201583862
0.10122025012969971
0.10365410149097443
0.06333093345165253
-0.11497876793146133
-0.3228578269481659
-0.33555176854133606
-0.13757720589637756
-0.004511922597885132
0.13396890461444855
0.20957763493061066
0.20528070628643036
0.12470988929271698
-0.08362040668725967
-0.28952983021736145
-0.3758476674556732
-0.19890692830085754
0.2963951528072357
0.5401276350021362
0.45543089509010315
0.2466537356376648
0.1253301054239273
0.10840682685375214
0.10689647495746613
0.10833664983510971
0.1054314523935318
0.1068732813000679
0.10540127009153366
0.10540127009153366
0.10357203334569931
0.10593258589506149
0.05870354175567627
-0.10346362739801407
-0.2751105725765228
-0.2661706805229187
-0.143212229013443
0.03231898695230484
0.0674830824136734
0.020606696605682373
-0.02722301334142685
-0.07132702320814133
-0.14832687377929688
-0.2632373869419098
-0.20245811343193054
0.06957387924194336
0.4252992868423462
0.4974186420440674
0.3644261360168457
0.20105871558189392
0.11893337219953537
0.10457755625247955
0.10527516156435013
0.10914836078882217
0.10505405813455582
0.10825321823358536
0.10540127009153366
0.10540127009153366
0.09727714210748672
0.09819819033145905
0.06930480152368546
-0.04026796668767929
-0.2014068067073822
-0.24440455436706543
-0.086313895881176
-0.010018177330493927
-0.007878117263317108
-0.08870787173509598
-0.06457854062318802
-0.041562385857105255
-0.15589410066604614
-0.1962442398071289
-0.03879266232252121
0.24766290187835693
0.43593060970306396
0.40880560874938965
0.2715059518814087
0.14974075555801392
0.11283783614635468
0.10644548386335373
0.10116055607795715
0.11415808647871017
0.10591361671686172
0.10770394653081894
0.10540127009153366
0.10540127009153366
0.10283351689577103
0.10197866708040237
0.08353409171104431
0.010344289243221283
-0.0856301411986351
-0.12400800734758377
-0.11508997529745102
-0.003181464970111847
0.058335866779088974
-0.009522341191768646
-0.14677488803863525
-0.2401067018508911
-0.23577943444252014
-0.10122086852788925
0.18225818872451782
0.4234631657600403
0.4478389024734497
0.31186801195144653
0.1856185495853424
0.12082432210445404
0.10558248311281204
0.10479055345058441
0.09893222153186798
0.11277762800455093
0.10562707483768463
0.10659665614366531
0.10540127009153366
0.10540127009153366
0.09873184561729431
0.0963074266910553
0.1002630740404129
0.08699730783700943
0.003933422267436981
-0.09158091992139816
-0.10060394555330276
-0.055454887449741364
-0.004870854318141937
0.0005966052412986755
-0.0010803043842315674
0.038758285343647
0.10254064947366714
0.2618041932582855
0.42972850799560547
0.4381275177001953
0.3035532236099243
0.17527416348457336
0.12186810374259949
0.10243664681911469
0.10562486946582794
0.10259638726711273
0.1036815345287323
0.10863354802131653
0.10705281794071198
0.10649948567152023
0.10540127009153366
0.10540127009153366
0.09951777756214142
0.10607107728719711
0.11024072766304016
0.10687174648046494
0.08733084797859192
0.03837073594331741
-0.046814896166324615
-0.07723139971494675
-0.031146876513957977
0.04731909930706024
0.10518112778663635
0.16369514167308807
0.2740088105201721
0.38486355543136597
0.38415369391441345
0.27222001552581787
0.16507422924041748
0.12179350107908249
0.11278770864009857
0.10717622190713882
0.10160409659147263
0.09918685257434845
0.10473604500293732
0.10891102254390717
0.10732018202543259
0.10624677687883377
0.10540127009153366
0.10540127009153366
0.10167995095252991
0.10402938723564148
0.1088293194770813
0.11124493181705475
0.1073824092745781
0.09306512027978897
0.046057041734457016
-0.0013781413435935974
0.0032558366656303406
0.0651334896683693
0.14161457121372223
0.22923876345157623
0.3048122525215149
0.30663028359413147
0.23235666751861572
0.15062227845191956
0.11459624767303467
0.1102374866604805
0.10929785668849945
0.10031402856111526
0.10180753469467163
0.1076723039150238
0.11250628530979156
0.1103551834821701
0.10656177997589111
0.10574435442686081
0.10540127009153366
0.10540127009153366
0.10540127009153366
0.10540127009153366
0.10540127009153366
0.10540127009153366
0.10540127009153366
0.10540127009153366
0.09574449807405472
0.07924975454807281
0.07671365141868591
0.09387996792793274
0.12097809463739395
0.1500181257724762
0.16784030199050903
0.15573392808437347
0.12822043895721436
0.11021257936954498
0.10654272139072418
0.10703612118959427
0.10608743876218796
0.10298708081245422
0.10489887744188309
0.10711344331502914
0.10785354673862457
0.10643051564693451
0.10540127009153366
0.10540127009153366
0.10540127009153366
0.10540127009153366
0.10540127009153366
0.10540127009153366
0.10540127009153366
0.10540127009153366
0.10540127009153366
0.10540127009153366
0.10540127009153366
0.10540127009153366
0.10472746938467026
0.10578607767820358
0.10473830997943878
0.10543450713157654
0.10606536269187927
0.10621869564056396
0.10574435442686081
0.10540127009153366
0.10540127009153366
0.10540127009153366
0.10540127009153366
0.10540127009153366
0.10540127009153366
0.10540127009153366
0.10540127009153366
0.10540127009153366
0.10540127009153366
0.10540127009153366
0.10540127009153366
0.10540127009153366
0.005384830292314291
0.005384830292314291
0.005384830292314291
0.005384830292314291
0.005384830292314291
0.005384830292314291
0.007202285807579756
0.012846194207668304
0.018459001556038857
0.027559837326407433
0.03394031152129173
0.03527176380157471
0.030334295704960823
0.02265535481274128
0.027653243392705917
0.035257335752248764
0.049016714096069336
0.050668396055698395
0.03904201090335846
0.02294718287885189
0.014449182897806168
0.017011314630508423
0.017812715843319893
0.027058647945523262
0.02619137242436409
0.03679785877466202
0.031232444569468498
0.04630633071064949
0.005384830292314291
0.005384830292314291
0.005384830292314291
0.005384830292314291
0.005384830292314291
0.005384830292314291
0.0073475344106554985
0.01229061745107174
0.0224832221865654
0.039088547229766846
0.05063921958208084
0.049674779176712036
0.04134978726506233
0.03427748382091522
0.0401119627058506
0.0474722683429718
0.059961795806884766
0.06388375908136368
0.05187968537211418
0.03298739343881607
0.018067492172122
0.014468340203166008
0.014597225934267044
0.02409992553293705
0.02973274700343609
0.06076605245471001
0.04674452170729637
0.06723987311124802
0.005384830292314291
0.005384830292314291
0.005384830292314291
0.005384830292314291
0.005384830292314291
0.005384830292314291
0.008343959227204323
0.014633290469646454
0.025181028991937637
0.038450658321380615
0.04963530972599983
0.04714224487543106
0.0466260202229023
0.04940006136894226
0.053590767085552216
0.05746815353631973
0.06345964223146439
0.06623703986406326
0.05337692052125931
0.03336609899997711
0.018799826502799988
0.016110675409436226
0.015529695898294449
0.019470417872071266
0.024137454107403755
0.058564841747283936
0.045383770018815994
0.0634625032544136
0.005384830292314291
0.005384830292314291
0.005384830292314291
0.005384830292314291
0.005384830292314291
0.005384830292314291
0.0088423453271389
0.017091909423470497
0.025754334405064583
0.03378898650407791
0.045088231563568115
0.050049152225255966
0.05365987867116928
0.05858738720417023
0.06591913104057312
0.07824404537677765
0.09256796538829803
0.09781241416931152
0.09283964335918427
0.07873807102441788
0.06702540814876556
0.07636380195617676
0.09316032379865646
0.11256974190473557
0.10842449963092804
0.09427477419376373
0.05313294008374214
0.04237109050154686
0.005384830292314291
0.005384830292314291
0.005384830292314291
0.005384830292314291
0.005384830292314291
0.005384830292314291
0.008567851036787033
0.013071686960756779
0.017871977761387825
0.02502485364675522
0.03730126842856407
0.05033876746892929
0.07281962037086487
0.13998644053936005
0.24905045330524445
0.36242401599884033
0.4292542338371277
0.4446069002151489
0.44424140453338623
0.44231894612312317
0.4578520953655243
0.5384239554405212
0.6642236709594727
0.7522177696228027
0.6737849116325378
0.42450982332229614
0.17070908844470978
0.04346008971333504
0.005384830292314291
0.005384830292314291
0.005384830292314291
0.005384830292314291
0.005384830292314291
0.005384830292314291
0.006203858647495508
0.009926864877343178
0.0136574637144804
0.025643765926361084
0.05285428836941719
0.15309026837348938
0.40907007455825806
0.8424390554428101
1.3093876838684082
1.6438319683074951
1.7791919708251953
1.8034398555755615
1.8121178150177002
1.8680140972137451
1.9958006143569946
2.1790552139282227
2.2892677783966064
2.199138641357422
1.8173340559005737
1.1192985773086548
0.4504547119140625
0.0937793180346489
0.005384830292314291
0.005384830292314291
0.005384830292314291
0.005384830292314291
0.005384830292314291
0.005384830292314291
0.005022863857448101
0.015858208760619164
0.02813967876136303
0.09972334653139114
0.3560391664505005
0.946857213973999
1.8073409795761108
2.6885857582092285
3.395064115524292
3.786766767501831
3.903132677078247
3.885516881942749
3.87825345993042
3.931737184524536
4.087732315063477
4.292129993438721
4.309010028839111
3.8663277626037598
3.0088579654693604
1.8000319004058838
0.7277880311012268
0.1606644093990326
0.005384830292314291
0.005384830292314291
0.005384830292314291
0.005384830292314291
0.005384830292314291
0.005384830292314291
0.005266865715384483
0.026788819581270218
0.13128826022148132
0.4630095362663269
1.1651620864868164
2.2837769985198975
3.6018142700195312
4.659823417663574
5.261109828948975
5.387937068939209
5.271800518035889
5.074009418487549
5.019759178161621
5.063982009887695
5.236478328704834
5.428536891937256
5.355803966522217
4.662961483001709
3.5021731853485107
2.0525434017181396
0.8400554656982422
0.20213165879249573
0.005384830292314291
0.005384830292314291
0.005384830292314291
0.005384830292314291
0.005384830292314291
0.005384830292314291
0.010758553631603718
0.05452195554971695
0.29800504446029663
0.9351900219917297
2.068143606185913
3.5485010147094727
4.962258338928223
5.723625183105469
5.711183071136475
5.238436698913574
4.755405902862549
4.4043378829956055
4.328751564025879
4.399062633514404
4.5943074226379395
4.689733028411865
4.538623332977295
3.8814988136291504
2.8725991249084473
1.693806767463684
0.7163373231887817
0.19018086791038513
0.005384830292314291
0.005384830292314291
0.005384830292314291
0.005384830292314291
0.005384830292314291
0.005384830292314291
0.014868533238768578
0.09294012933969498
0.47343918681144714
1.376683235168457
2.792755126953125
4.287991523742676
5.262940406799316
5.3269219398498535
4.495002746582031
3.427039623260498
2.648587703704834
2.2343077659606934
2.136683225631714
2.2443413734436035
2.4845550060272217
2.594592332839966
2.5467045307159424
2.1967382431030273
1.6417858600616455
0.9747868180274963
0.4182136356830597
0.12627717852592468
0.005384830292314291
0.005384830292314291
0.005384830292314291
0.005384830292314291
0.005384830292314291
0.005384830292314291
0.01941525749862194
0.17395766079425812
0.726508617401123
1.851201057434082
3.3855152130126953
4.6827287673950195
5.171982288360596
4.741248607635498
3.5222909450531006
2.207181215286255
1.2386778593063354
0.7454850077629089
0.5662315487861633
0.6120564937591553
0.7637699842453003
0.857919454574585
0.9055145382881165
0.831789493560791
0.6517608165740967
0.37845367193222046
0.1653139591217041
0.06873853504657745
0.005384830292314291
0.005384830292314291
0.005384830292314291
0.005384830292314291
0.005384830292314291
0.005345508921891451
0.04946210980415344
0.3771122395992279
1.1985574960708618
2.583017587661743
4.184408664703369
5.262269020080566
5.462864398956299
4.81165885925293
3.6213624477386475
2.3293979167938232
1.2597136497497559
0.5785703063011169
0.2210594266653061
0.12971916794776917
0.14158664643764496
0.1581442952156067
0.1800481528043747
0.19924595952033997
0.1764208972454071
0.11646704375743866
0.0564722940325737
0.03813861310482025
0.005384830292314291
0.005384830292314291
0.005384830292314291
0.005384830292314291
0.005384830292314291
0.007202285807579756
0.1332646608352661
0.6971203088760376
1.7176226377487183
3.2289979457855225
4.769989967346191
5.6992716789245605
5.792028427124023
5.253213882446289
4.366607666015625
3.3069536685943604
2.267075538635254
1.294342279434204
0.5787222981452942
0.19635474681854248
0.0865606889128685
0.06491701304912567
0.06456109881401062
0.07181480526924133
0.06820858269929886
0.06582066416740417
0.04191188886761665
0.03215596079826355
0.005384830292314291
0.005384830292314291
0.005384830292314291
0.005345508921891451
0.005598277784883976
0.009127773344516754
0.18195684254169464
0.8712767958641052
1.8643532991409302
3.1022021770477295
4.2128448486328125
4.977556228637695
5.153378963470459
5.048738956451416
4.712240695953369
4.200197219848633
3.415775775909424
2.298377513885498
1.159164547920227
0.39707043766975403
0.14275255799293518
0.08193273097276688
0.08750731498003006
0.0812637209892273
0.06913971155881882
0.06100635603070259
0.04323562607169151
0.035596203058958054
0.009770631790161133
0.010700645856559277
0.010551982559263706
0.011246003210544586
0.03444000706076622
0.10175126791000366
0.28249290585517883
0.7638903856277466
1.3475399017333984
2.0521750450134277
2.693512439727783
3.158341884613037
3.307344913482666
3.7154009342193604
4.131171226501465
4.467801094055176
4.244823932647705
3.279083013534546
1.8060683012008667
0.6624518036842346
0.18271400034427643
0.08946365118026733
0.09972062706947327
0.08564604818820953
0.07055748254060745
0.06101156771183014
0.04235481098294258
0.03473402559757233
0.022976187989115715
0.023971084505319595
0.04563847556710243
0.12100572884082794
0.27143368124961853
0.5264453291893005
0.7857232689857483
0.8551483750343323
0.8034380078315735
0.8827348351478577
1.1113481521606445
1.2647591829299927
1.343174695968628
2.0513112545013428
3.031075954437256
4.1480631828308105
4.540627956390381
3.941103458404541
2.3403172492980957
0.9072896242141724
0.20068404078483582
0.07452069222927094
0.07431979477405548
0.07170575112104416
0.05549536272883415
0.04984564706683159
0.036783188581466675
0.03509365767240524
0.04389364644885063
0.04294150322675705
0.12893494963645935
0.45494163036346436
0.9051141142845154
1.3952292203903198
1.8035608530044556
1.554987907409668
0.8757725954055786
0.34991219639778137
0.2529197335243225
0.24891811609268188
0.29942789673805237
1.1086989641189575
2.2909252643585205
3.7501280307769775
4.465480327606201
4.130495548248291
2.5656847953796387
1.0354455709457397
0.2183516025543213
0.0510224923491478
0.04260624572634697
0.03816286474466324
0.021409885957837105
0.020932460203766823
0.018628986552357674
0.02062365785241127
0.04973605275154114
0.04884776845574379
0.21485641598701477
0.8583860397338867
1.6849268674850464
2.4960227012634277
3.050490617752075
2.74794602394104
1.6829092502593994
0.6639689803123474
0.22167199850082397
0.12542104721069336
0.32150888442993164
1.229374647140503
2.5387909412384033
3.932565927505493
4.514676094055176
3.9900965690612793
2.4290099143981934
0.9643843770027161
0.20443947613239288
0.04137101769447327
0.03995773568749428
0.02703266404569149
0.014409637078642845
0.004629943519830704
0.0057423231191933155
0.005164147354662418
0.033598147332668304
0.03802776709198952
0.239727184176445
1.0506014823913574
2.1410601139068604
3.2932968139648438
4.027139186859131
3.9529969692230225
2.801851272583008
1.461497187614441
0.621112585067749
0.35604438185691833
0.8186489939689636
1.932070255279541
3.328059673309326
4.357264518737793
4.449179649353027
3.5268468856811523
2.0037686824798584
0.7624444961547852
0.16333068907260895
0.039861053228378296
0.03568866476416588
0.024021698161959648
0.013119112700223923
0.005022863857448101
0.005182231310755014
0.005044118966907263
0.01390644907951355
0.022022482007741928
0.18675154447555542
0.8954643607139587
2.0041184425354004
3.2965245246887207
4.322765827178955
4.6922736167907715
3.9226150512695312
2.7184572219848633
1.8446333408355713
1.699203372001648
2.398782253265381
3.3994839191436768
4.316247940063477
4.490342140197754
3.9032440185546875
2.687248945236206
1.3853150606155396
0.4917905032634735
0.1010160967707634
0.033272065222263336
0.024310102686285973
0.0222886111587286
0.013720260933041573
0.007107544224709272
0.005384830292314291
0.005384830292314291
0.011911766603589058
0.033437661826610565
0.12178503721952438
0.5276811718940735
1.40868079662323
2.6351287364959717
3.892677068710327
4.74139928817749
4.839867115020752
4.358771324157715
3.877199172973633
3.8113512992858887
4.293219566345215
4.639915466308594
4.59309196472168
3.908240795135498
2.891101598739624
1.7196322679519653
0.7844527959823608
0.24704238772392273
0.04972850903868675
0.029833070933818817
0.021458003669977188
0.024614444002509117
0.015089912340044975
0.00951292086392641
0.005384830292314291
0.005384830292314291
0.034911103546619415
0.05867442861199379
0.08414790034294128
0.21868661046028137
0.6993405222892761
1.570408821105957
2.8232059478759766
4.027699947357178
4.897649765014648
5.263630390167236
5.332531929016113
5.288078784942627
5.225130081176758
4.767107963562012
3.9268558025360107
2.83065128326416
1.7797123193740845
0.9042787551879883
0.34783270955085754
0.09282857924699783
0.028437502682209015
0.040147505700588226
0.03642163425683975
0.03338656574487686
0.01712067984044552
0.01134452223777771
0.005384830292314291
0.005384830292314291
0.044845640659332275
0.06757090240716934
0.06544055789709091
0.05506409704685211
0.16917356848716736
0.5745805501937866
1.4264696836471558
2.5493264198303223
3.726665735244751
4.634305953979492
5.094860553741455
5.010015487670898
4.513748645782471
3.653425455093384
2.6025404930114746
1.6034085750579834
0.8438085913658142
0.34656569361686707
0.11092178523540497
0.048128142952919006
0.03167090192437172
0.05056019872426987
0.0451928935945034
0.0372614748775959
0.01707153394818306
0.011684905737638474
0.005384830292314291
0.005384830292314291
0.036781925708055496
0.051876820623874664
0.05864623561501503
0.048940014094114304
0.02506532147526741
0.08265306800603867
0.4322827160358429
1.0320847034454346
1.8182036876678467
2.5535032749176025
3.0290496349334717
2.994779586791992
2.5798239707946777
1.9722555875778198
1.2867134809494019
0.6931934356689453
0.2939634621143341
0.10441648960113525
0.04422296956181526
0.04550729691982269
0.03184129670262337
0.0481010265648365
0.039892639964818954
0.03261348605155945
0.013707628473639488
0.009311193600296974
0.005384830292314291
0.005384830292314291
0.009448015131056309
0.013992445543408394
0.0222784373909235
0.021404264494776726
0.009934484958648682
-0.0036570285446941853
0.05055487900972366
0.21897023916244507
0.48796573281288147
0.8364701867103577
1.1112728118896484
1.1458710432052612
0.9948849678039551
0.7547048330307007
0.4716552793979645
0.20711153745651245
0.06424086540937424
0.02655898965895176
0.019365031272172928
0.026387199759483337
0.021955179050564766
0.03009747713804245
0.028479155153036118
0.02340884879231453
0.008922978304326534
0.006762499921023846
0.005384830292314291
0.005384830292314291
0.003329167142510414
0.002466400619596243
0.003992561716586351
0.005677065812051296
0.005249468609690666
-0.0007997681386768818
-0.012331275269389153
-0.013151220977306366
0.004146729130297899
0.06120011955499649
0.13767105340957642
0.18006357550621033
0.18528079986572266
0.16261743009090424
0.10495597124099731
0.03666798397898674
0.009421421214938164
0.00926040206104517
0.008426351472735405
0.0061590177938342094
0.006802939809858799
0.006961435079574585
0.012526476755738258
0.0097537562251091
0.005786004476249218
0.005472557619214058
0.005384830292314291
0.005384830292314291
0.005384830292314291
0.005384830292314291
0.005384830292314291
0.005384830292314291
0.005384830292314291
0.005384830292314291
0.0010412326082587242
-0.007905352860689163
-0.016718946397304535
-0.02139599621295929
-0.013832926750183105
-0.0026229298673570156
0.008917553350329399
0.01628747209906578
0.013635268434882164
0.006295541767030954
0.004703407641500235
0.006011723540723324
0.005560284946113825
0.004298930987715721
0.004777032881975174
0.004362696316093206
0.006325170397758484
0.005648012273013592
0.005384830292314291
0.005384830292314291
0.005384830292314291
0.005384830292314291
0.005384830292314291
0.005384830292314291
0.005384830292314291
0.005384830292314291
0.005384830292314291
0.005384830292314291
0.005384830292314291
0.005384830292314291
0.007386856246739626
0.006795373745262623
0.007804523222148418
0.007086817640811205
0.006390598136931658
0.005698277149349451
0.005472557619214058
0.005384830292314291
0.005384830292314291
0.005384830292314291
0.005384830292314291
0.005384830292314291
0.005384830292314291
0.005384830292314291
0.005384830292314291
0.005384830292314291
0.005384830292314291
0.005384830292314291
0.005384830292314291
0.005384830292314291
