0.0445622019469738
0.0445622019469738
0.0445622019469738
0.0445622019469738
0.0445622019469738
0.0445622019469738
0.04353897646069527
0.045267585664987564
0.04324200004339218
0.04757852107286453
0.03420710191130638
0.04213988780975342
0.035700518637895584
0.03625014051795006
0.0405033715069294
0.03775053843855858
0.03729257360100746
0.03290557488799095
0.04113013297319412
0.034634675830602646
0.04329769313335419
0.03866763785481453
0.045449819415807724
0.028059838339686394
0.04011800140142441
0.03898918628692627
0.0445622019469738
0.0445622019469738
0.0445622019469738
0.0445622019469738
0.0445622019469738
0.0445622019469738
0.0445622019469738
0.0445622019469738
0.04742026701569557
0.03898293897509575
0.0458894781768322
0.03790731355547905
0.03812001645565033
0.04295928776264191
0.039519671350717545
0.041870418936014175
0.03194168955087662
0.043759021908044815
0.03152301907539368
0.042921893298625946
0.04276208579540253
0.041755035519599915
0.028596477583050728
0.0348079577088356
0.03557557240128517
0.03660967946052551
0.04806972295045853
0.037442922592163086
0.0445622019469738
0.0445622019469738
0.0445622019469738
0.0445622019469738
0.0445622019469738
0.0445622019469738
0.0445622019469738
0.0445622019469738
0.05063801258802414
0.047478727996349335
0.04428724944591522
0.055778585374355316
0.04756678268313408
0.048970840871334076
0.06593360006809235
0.0494546964764595
0.06140927970409393
0.05638588219881058
0.041568148881196976
0.0480976402759552
0.04497694969177246
0.06516001373529434
0.03415650501847267
0.07272089272737503
0.03950580582022667
0.055912889540195465
0.05372471362352371
0.05106203258037567
0.0445622019469738
0.0445622019469738
0.0445622019469738
0.0445622019469738
0.0445622019469738
0.0445622019469738
0.0445622019469738
0.0445622019469738
0.04329643398523331
0.053914301097393036
0.04261283203959465
0.05754265934228897
0.037558797746896744
0.04568890854716301
0.049306806176900864
0.045747727155685425
0.06374339014291763
0.05212639272212982
0.07916522026062012
0.04805377125740051
0.06178410351276398
0.045933131128549576
0.06125861406326294
0.05666326731443405
0.05260474979877472
0.0704633966088295
0.03681313246488571
0.04502471908926964
0.0445622019469738
0.0445622019469738
0.0445622019469738
0.0445622019469738
0.0445622019469738
0.0445622019469738
0.0445622019469738
0.0445622019469738
0.051706839352846146
0.045472003519535065
0.04705814644694328
0.058143265545368195
0.044836707413196564
0.05885358527302742
0.04550054296851158
0.05837053060531616
0.04454612731933594
0.06049070507287979
0.04872432351112366
0.04229295626282692
0.05033017694950104
0.023260992020368576
0.05655252933502197
0.04645799845457077
0.06289326399564743
0.04810545966029167
0.05385876074433327
0.052453093230724335
0.0445622019469738
0.0445622019469738
0.0445622019469738
0.0445622019469738
0.0445622019469738
0.0445622019469738
0.0445622019469738
0.0445622019469738
0.0434688925743103
0.04104406014084816
0.0600615069270134
0.09425616264343262
0.11880777776241302
0.025447357445955276
0.0011260844767093658
0.0
0.0
0.0
0.0
0.0
0.0
0.0
0.0
0.05381012707948685
0.07233834266662598
0.034674130380153656
0.04882969707250595
0.037839531898498535
0.0445622019469738
0.0445622019469738
0.0445622019469738
0.0445622019469738
0.0445622019469738
0.0445622019469738
0.0445622019469738
0.0445622019469738
0.11977683007717133
0.12504355609416962
0.04275460168719292
0.0
0.0
0.0
0.0
0.0
0.0
0.0
0.0
0.0
0.0
0.0
0.0
0.050340037792921066
0.044100914150476456
0.05883561447262764
0.0500662662088871
0.042511582374572754
0.0445622019469738
0.0445622019469738
0.0445622019469738
0.0445622019469738
0.0445622019469738
0.0445622019469738
0.0445622019469738
0.0445622019469738
0.019085433334112167
0.05948834493756294
0.0
0.0
0.0
0.0
0.0
0.0
0.0
0.0
0.0
0.0
0.0
0.0
0.0
0.043852247297763824
0.038235846906900406
0.05617425590753555
0.03782395273447037
0.04525318741798401
0.0445622019469738
0.0445622019469738
0.0445622019469738
0.0445622019469738
0.0445622019469738
0.0445622019469738
0.0445622019469738
0.0445622019469738
0.03291847184300423
0.05468516796827316
0.0
0.0
0.0
0.0
0.0
0.0
0.0
0.0934482216835022
0.0
0.0
0.0
0.0
0.0
0.0508384183049202
0.05438707768917084
0.05378468334674835
0.05272030830383301
0.052377671003341675
0.0445622019469738
0.0445622019469738
0.0445622019469738
0.0445622019469738
0.0445622019469738
0.0445622019469738
0.0445622019469738
0.0445622019469738
0.12328760325908661
0.0
0.021815001964569092
0.07933852076530457
0.2753767669200897
0.5068621635437012
0.7010133862495422
1.1980493068695068
1.2899763584136963
1.3532462120056152
0.9196938276290894
0.8646644353866577
0.5284050107002258
0.38927820324897766
0.14185428619384766
0.05167631804943085
0.03057292476296425
0.04057495668530464
0.04895959421992302
0.03474731743335724
0.0445622019469738
0.0445622019469738
0.0445622019469738
0.0445622019469738
0.0445622019469738
0.0445622019469738
0.0445622019469738
0.0445622019469738
0.19189007580280304
0.39869070053100586
0.6132281422615051
0.8988049626350403
1.2258588075637817
1.265661597251892
1.205930233001709
1.2983150482177734
1.1583775281906128
0.795917272567749
0.8329185247421265
0.4331337809562683
0.4077359735965729
0.29223746061325073
0.33760717511177063
0.06197187304496765
0.03664016351103783
0.04653239995241165
0.04015088826417923
0.04199892655014992
0.0445622019469738
0.0445622019469738
0.0445622019469738
0.0445622019469738
0.0445622019469738
0.0445622019469738
0.0445622019469738
0.0445622019469738
0.18090258538722992
0.4421842694282532
0.5367177724838257
0.9353505373001099
1.1953604221343994
0.8630999326705933
0.6382485032081604
0.29651254415512085
0.27265292406082153
0.137144535779953
0.463991641998291
0.3455432653427124
0.6432015299797058
0.3563321530818939
0.3536379039287567
0.050146691501140594
0.03044789284467697
0.05751599743962288
0.02119710110127926
0.045425932854413986
0.0445622019469738
0.0445622019469738
0.0445622019469738
0.0445622019469738
0.0445622019469738
0.0445622019469738
0.0445622019469738
0.0445622019469738
0.04683736339211464
0.17745263874530792
0.49070632457733154
0.49882471561431885
0.4822055399417877
0.6089947819709778
0.23744967579841614
0.11672531068325043
0.15934434533119202
0.10653311014175415
0.38677144050598145
0.5182995796203613
0.5940098166465759
0.4685681164264679
0.35063210129737854
0.0820804089307785
0.08756460249423981
0.055841945111751556
0.05803288146853447
0.06150075048208237
0.0445622019469738
0.0445622019469738
0.0445622019469738
0.0445622019469738
0.0445622019469738
0.0445622019469738
0.0445622019469738
0.0445622019469738
0.045751042664051056
0.10737010836601257
0.037731535732746124
0.0735323429107666
0.0
0.0
0.0
0.0
0.0
0.23383870720863342
0.11231625080108643
0.3092959523200989
0.2607892155647278
0.20912399888038635
0.04812688007950783
0.02251128852367401
0.06902539730072021
0.040947116911411285
0.04330924153327942
0.042650412768125534
0.0445622019469738
0.0445622019469738
0.0445622019469738
0.0445622019469738
0.0445622019469738
0.0445622019469738
0.0445622019469738
0.0445622019469738
0.04752996191382408
0.027319107204675674
0.13198897242546082
0.0
0.0
0.0
0.0
0.0
0.0
0.16099779307842255
0.4726443588733673
0.5116018056869507
0.30885371565818787
0.0
0.0
0.0
0.06318800151348114
0.07768905162811279
0.08056458830833435
0.040525857359170914
0.0445622019469738
0.0445622019469738
0.0445622019469738
0.0445622019469738
0.0445622019469738
0.0445622019469738
0.0445622019469738
0.0445622019469738
0.047191064804792404
0.030919630080461502
0.0
0.0
0.045120708644390106
0.0
0.0
0.0
0.0
0.167313352227211
0.3796113431453705
0.4558120667934418
0.4067322313785553
0.0939054936170578
0.0
0.0
0.04512510448694229
0.05305814743041992
0.05188201367855072
0.042399127036333084
0.0445622019469738
0.0445622019469738
0.0445622019469738
0.0445622019469738
0.0445622019469738
0.0445622019469738
0.0445622019469738
0.0445622019469738
0.04256364330649376
0.11957649886608124
0.06540389358997345
0.3038797974586487
0.21527723968029022
0.34891974925994873
0.26309934258461
0.09512342512607574
0.18122686445713043
0.2204798460006714
0.29563403129577637
0.433733731508255
0.22393499314785004
0.013837350532412529
0.0
0.01275349035859108
0.052974916994571686
0.0610131211578846
0.03735034912824631
0.04221419617533684
0.0445622019469738
0.0445622019469738
0.0445622019469738
0.0445622019469738
0.0445622019469738
0.0445622019469738
0.0445622019469738
0.0445622019469738
0.04869962856173515
0.1952979564666748
0.32436075806617737
0.6446690559387207
0.945216953754425
1.237743616104126
1.319351077079773
1.0649181604385376
1.0606988668441772
0.8153187036514282
0.7713470458984375
0.5760681629180908
0.6536407470703125
0.45576509833335876
0.06074798107147217
0.06613677740097046
0.04919791221618652
0.041403185576200485
0.050803471356630325
0.043721091002225876
0.0445622019469738
0.0445622019469738
0.0445622019469738
0.0445622019469738
0.0445622019469738
0.0445622019469738
0.0445622019469738
0.0445622019469738
0.04435887932777405
0.1831926703453064
0.434153288602829
0.6230584383010864
0.9431760907173157
1.2630929946899414
1.2349227666854858
0.9019390344619751
0.9993563294410706
0.9266500473022461
0.972997784614563
1.0268131494522095
1.084627389907837
0.843027651309967
0.6351618766784668
0.32284224033355713
0.0571100190281868
0.03766252472996712
0.04845637083053589
0.041215088218450546
0.0445622019469738
0.0445622019469738
0.0445622019469738
0.0445622019469738
0.0445622019469738
0.0445622019469738
0.0445622019469738
0.0445622019469738
0.04812036082148552
0.05098658800125122
0.05831075832247734
0.049250900745391846
0.08554694056510925
0.10541737079620361
0.08834042400121689
0.3052675127983093
0.22647778689861298
0.38800248503685
0.3062524199485779
0.3013501465320587
0.06100129336118698
0.03806760907173157
0.07465662062168121
0.06272931396961212
0.05230002477765083
0.05121158808469772
0.04784487932920456
0.04065263643860817
0.0445622019469738
0.0445622019469738
0.0445622019469738
0.0445622019469738
0.0445622019469738
0.0445622019469738
0.0445622019469738
0.0445622019469738
0.044586535543203354
0.05171765387058258
0.047839630395174026
0.06438187509775162
0.10626770555973053
0.2494577318429947
0.24849814176559448
0.3642975687980652
0.5042794942855835
0.6222564578056335
0.3632354140281677
0.3400203585624695
0.0602228119969368
0.07936307787895203
0.05558853596448898
0.052985094487667084
0.05029665678739548
0.048611924052238464
0.045760106295347214
0.046506091952323914
0.0445622019469738
0.0445622019469738
0.0445622019469738
0.0445622019469738
0.0445622019469738
0.0445622019469738
0.0445622019469738
0.0445622019469738
0.04684765636920929
0.0438469722867012
0.04408982768654823
0.04493589326739311
0.04084974154829979
0.26365575194358826
0.15821035206317902
0.4422759711742401
0.48323315382003784
0.5445455312728882
0.3642275929450989
0.3341657519340515
0.040765613317489624
0.05571407824754715
0.04315076023340225
0.055985867977142334
0.0545736663043499
0.05062933638691902
0.046261660754680634
0.04918798804283142
0.0445622019469738
0.0445622019469738
0.0445622019469738
0.0445622019469738
0.0445622019469738
0.0445622019469738
0.0445622019469738
0.0445622019469738
0.04211699962615967
0.057107675820589066
0.051634445786476135
0.06212608143687248
0.0374978706240654
0.19213329255580902
0.24744339287281036
0.31000345945358276
0.26704147458076477
0.343362033367157
0.05641874298453331
0.04983293637633324
0.0680622085928917
0.055917732417583466
0.06761611998081207
0.05062996596097946
0.061575748026371
0.05307193845510483
0.04617711156606674
0.041751231998205185
0.0445622019469738
0.0445622019469738
0.0445622019469738
0.0445622019469738
0.0445622019469738
0.0445622019469738
0.0445622019469738
0.0445622019469738
0.04878988862037659
0.042672012001276016
0.03974362835288048
0.050462715327739716
0.1279735565185547
0.05942535027861595
0.45827773213386536
0.2585308849811554
0.47232571244239807
0.3309348523616791
0.05298877879977226
0.07474322617053986
0.06079832464456558
0.06325307488441467
0.07187032699584961
0.07292743027210236
0.059485673904418945
0.06404456496238708
0.06615821272134781
0.05274166911840439
0.0445622019469738
0.0445622019469738
0.0445622019469738
0.0445622019469738
0.0445622019469738
0.0445622019469738
0.0445622019469738
0.0445622019469738
0.04158869385719299
0.05164145305752754
0.0562225803732872
0.061741795390844345
0.20493637025356293
0.38859716057777405
0.6200131773948669
0.5770726203918457
0.761317253112793
0.3321206569671631
0.02497495338320732
0.05602382868528366
0.05245956778526306
0.049350544810295105
0.04853847622871399
0.0572374202311039
0.051830656826496124
0.05419629439711571
0.04921150580048561
0.04485011100769043
0.0445622019469738
0.0445622019469738
0.0445622019469738
0.0445622019469738
0.0445622019469738
0.0445622019469738
0.0445622019469738
0.0445622019469738
0.051935337483882904
0.04665724188089371
0.05311749130487442
0.05212262645363808
0.18181155622005463
0.4127885401248932
0.44881758093833923
0.6715582609176636
0.890663743019104
0.4838586449623108
0.15136106312274933
0.05309637635946274
0.06120315194129944
0.06491515040397644
0.05646999180316925
0.058458901941776276
0.06159818544983864
0.05762023851275444
0.05074085295200348
0.05020838603377342
0.0445622019469738
0.0445622019469738
0.0445622019469738
0.0445622019469738
0.0445622019469738
0.0445622019469738
0.0445622019469738
0.0445622019469738
0.04338392987847328
0.042666301131248474
0.04377264901995659
0.04076310992240906
0.048073869198560715
0.2552148699760437
0.3222574293613434
0.4216231107711792
0.653325080871582
0.5723705887794495
0.30953606963157654
0.03944367915391922
0.0445622019469738
0.0445622019469738
0.0445622019469738
0.0445622019469738
0.0445622019469738
0.0445622019469738
0.0445622019469738
0.0445622019469738
0.0445622019469738
0.0445622019469738
0.0445622019469738
0.0445622019469738
0.0445622019469738
0.0445622019469738
0.0445622019469738
0.0445622019469738
0.05061042681336403
0.05212002247571945
0.054273027926683426
0.06954669952392578
0.06380096077919006
0.1959436684846878
0.3487022817134857
0.5017449855804443
0.6652778387069702
0.6671203374862671
0.34452205896377563
0.04234069958329201
0.0445622019469738
0.0445622019469738
0.0445622019469738
0.0445622019469738
0.0445622019469738
0.0445622019469738
0.0445622019469738
0.0445622019469738
0.0445622019469738
0.0445622019469738
0.04158547520637512
0.04158547520637512
0.04158547520637512
0.04158547520637512
0.04158547520637512
0.04158547520637512
0.0615694560110569
0.06929225474596024
0.07327118515968323
0.0945281982421875
0.0867968276143074
0.09934013336896896
0.10819684714078903
0.09977561235427856
0.10084017366170883
0.10309796780347824
0.1055440679192543
0.10087531805038452
0.08743542432785034
0.09983392059803009
0.09558944404125214
0.12179024517536163
0.10239627212285995
0.08397161960601807
0.06141144782304764
0.04112595319747925
0.04158547520637512
0.04158547520637512
0.04158547520637512
0.04158547520637512
0.04158547520637512
0.04158547520637512
0.04158547520637512
0.04158547520637512
0.06747269630432129
0.07825866341590881
0.08387526869773865
0.1113901361823082
0.09318684786558151
0.12312406301498413
0.11405319720506668
0.1337677538394928
0.11743569374084473
0.11789387464523315
0.13497930765151978
0.10705176740884781
0.11235547065734863
0.1241825670003891
0.11762452125549316
0.1342095136642456
0.10539321601390839
0.08591397106647491
0.05556934326887131
0.04981748387217522
0.04158547520637512
0.04158547520637512
0.04158547520637512
0.04158547520637512
0.04158547520637512
0.04158547520637512
0.04158547520637512
0.04158547520637512
0.07546316087245941
0.08993828296661377
0.10272656381130219
0.1295417845249176
0.10359488427639008
0.11937867850065231
0.13895733654499054
0.13445259630680084
0.1403104066848755
0.1290169060230255
0.1253962218761444
0.11065861582756042
0.12795966863632202
0.13153328001499176
0.13613608479499817
0.14732378721237183
0.10933972895145416
0.08360324054956436
0.05955532565712929
0.04006639122962952
0.04158547520637512
0.04158547520637512
0.04158547520637512
0.04158547520637512
0.04158547520637512
0.04158547520637512
0.04158547520637512
0.04158547520637512
0.07531721889972687
0.10006211698055267
0.12059599161148071
0.1402692049741745
0.10781951248645782
0.12253548204898834
0.12433034181594849
0.132670059800148
0.14173473417758942
0.13801488280296326
0.14338283240795135
0.12867970764636993
0.1443800926208496
0.14282408356666565
0.12578731775283813
0.13325253129005432
0.10004911571741104
0.06445503979921341
0.052940987050533295
0.04244969040155411
0.04158547520637512
0.04158547520637512
0.04158547520637512
0.04158547520637512
0.04158547520637512
0.04158547520637512
0.04158547520637512
0.04158547520637512
0.08967983722686768
0.11836295574903488
0.13100609183311462
0.16464756429195404
0.13678765296936035
0.1218666061758995
0.13495610654354095
0.1095300167798996
0.1145380437374115
0.1425551176071167
0.1612546294927597
0.14991211891174316
0.1578708291053772
0.11645036190748215
0.11888178437948227
0.11108304560184479
0.09863857924938202
0.07531899958848953
0.05939779430627823
0.031970810145139694
0.04158547520637512
0.04158547520637512
0.04158547520637512
0.04158547520637512
0.04158547520637512
0.04158547520637512
0.04158547520637512
0.04158547520637512
0.08591494709253311
0.11862719058990479
0.159529909491539
0.38457003235816956
0.5456997156143188
0.704262375831604
0.8217376470565796
0.775728702545166
0.7749971151351929
0.7928816080093384
0.7989672422409058
0.5985835790634155
0.39002808928489685
0.21901945769786835
0.0612800233066082
0.11160185933113098
0.08679497987031937
0.07477274537086487
0.05577857047319412
0.04969875141978264
0.04158547520637512
0.04158547520637512
0.04158547520637512
0.04158547520637512
0.04158547520637512
0.04158547520637512
0.04158547520637512
0.04158547520637512
0.2860051989555359
0.5402864813804626
0.7337067127227783
1.2440271377563477
1.536670446395874
1.9876925945281982
2.2775516510009766
2.4356915950775146
2.2546229362487793
2.2607345581054688
2.307210922241211
1.777498483657837
1.3782535791397095
0.6726353168487549
0.23964987695217133
0.1176026314496994
0.10245219618082047
0.08536340296268463
0.052454058080911636
0.04464331641793251
0.04158547520637512
0.04158547520637512
0.04158547520637512
0.04158547520637512
0.04158547520637512
0.04158547520637512
0.04158547520637512
0.04158547520637512
0.6247535943984985
1.2587295770645142
1.9346190690994263
2.8819687366485596
3.357293128967285
3.6725411415100098
3.871279716491699
3.811690330505371
3.746326208114624
3.8549163341522217
3.9326601028442383
3.2300190925598145
2.115496873855591
1.109497308731079
0.3093715310096741
0.11448885500431061
0.08470699191093445
0.07552855461835861
0.05080085247755051
0.04225027188658714
0.04158547520637512
0.04158547520637512
0.04158547520637512
0.04158547520637512
0.04158547520637512
0.04158547520637512
0.04158547520637512
0.04158547520637512
0.9255038499832153
2.167775869369507
3.3671157360076904
4.443019390106201
4.583953380584717
4.375638008117676
3.7954471111297607
3.561328887939453
3.447589159011841
3.889819860458374
4.639091491699219
3.7006914615631104
2.705242872238159
1.1868661642074585
0.33476725220680237
0.12602436542510986
0.09638236463069916
0.07500382512807846
0.06000310555100441
0.03060276061296463
0.04158547520637512
0.04158547520637512
0.04158547520637512
0.04158547520637512
0.04158547520637512
0.04158547520637512
0.04158547520637512
0.04158547520637512
1.0214146375656128
2.289586067199707
3.644407033920288
4.336315631866455
4.026177406311035
3.2658302783966064
2.664093017578125
1.9594320058822632
2.5188467502593994
3.7988674640655518
4.62855863571167
4.201328754425049
2.7730064392089844
1.0800375938415527
0.2566693127155304
0.13033181428909302
0.1218697801232338
0.07932232320308685
0.06148253753781319
0.052516259253025055
0.04158547520637512
0.04158547520637512
0.04158547520637512
0.04158547520637512
0.04158547520637512
0.04158547520637512
0.04158547520637512
0.04158547520637512
0.6504288911819458
1.7137352228164673
2.9447429180145264
3.142062187194824
2.3416104316711426
1.5852608680725098
0.7893253564834595
0.8896569013595581
2.227811813354492
3.5764124393463135
4.64180326461792
3.60439395904541
2.4598755836486816
0.7966490983963013
0.10489656776189804
0.16719269752502441
0.1327565461397171
0.11157146096229553
0.052922867238521576
0.04540777951478958
0.04158547520637512
0.04158547520637512
0.04158547520637512
0.04158547520637512
0.04158547520637512
0.04158547520637512
0.04158547520637512
0.04158547520637512
0.2021370679140091
0.8913631439208984
1.4159131050109863
1.5841379165649414
1.0101804733276367
0.35464879870414734
0.14513972401618958
0.5261362791061401
2.332883834838867
4.125534534454346
4.547149181365967
3.5169897079467773
1.7895504236221313
0.3780517578125
0.03790389373898506
0.16313152015209198
0.14733783900737762
0.10960395634174347
0.06369183212518692
0.042416468262672424
0.04158547520637512
0.04158547520637512
0.04158547520637512
0.04158547520637512
0.04158547520637512
0.04158547520637512
0.04158547520637512
0.04158547520637512
0.05812778323888779
0.21867218613624573
0.6966776847839355
0.6994878053665161
0.6673136949539185
0.3094465434551239
0.0
1.2222249507904053
2.964761972427368
4.427618503570557
4.3114213943481445
3.1297950744628906
1.2005810737609863
0.42400267720222473
0.0284712053835392
0.1891232579946518
0.13704189658164978
0.1120714545249939
0.06375016272068024
0.03211518004536629
0.04158547520637512
0.04158547520637512
0.04158547520637512
0.04158547520637512
0.04158547520637512
0.04158547520637512
0.04158547520637512
0.04158547520637512
0.059168651700019836
0.280193567276001
0.8467259407043457
1.0492490530014038
1.3633003234863281
1.109028935432434
1.0050129890441895
2.1412322521209717
3.523890256881714
4.811027526855469
3.969602584838867
2.6066832542419434
0.895972490310669
0.0
0.18149656057357788
0.15879151225090027
0.14117540419101715
0.06980015337467194
0.04844158887863159
0.04044998064637184
0.04158547520637512
0.04158547520637512
0.04158547520637512
0.04158547520637512
0.04158547520637512
0.04158547520637512
0.04158547520637512
0.04158547520637512
0.051788024604320526
0.6293095350265503
1.7289637327194214
2.4845035076141357
2.8677873611450195
2.8557612895965576
2.59454607963562
3.5935237407684326
4.703675746917725
5.272173881530762
4.326544761657715
2.8275911808013916
1.1677120923995972
0.4278603792190552
0.24523955583572388
0.07675604522228241
0.11650560051202774
0.08066426217556
0.030044902116060257
0.04477487504482269
0.04158547520637512
0.04158547520637512
0.04158547520637512
0.04158547520637512
0.04158547520637512
0.04158547520637512
0.04158547520637512
0.04158547520637512
0.054935239255428314
0.9433804750442505
2.373591661453247
3.25793719291687
4.06330680847168
3.9232499599456787
4.13063383102417
4.88033390045166
5.335237503051758
5.422186374664307
4.464782238006592
2.9242045879364014
1.9490387439727783
0.9853274822235107
0.5825101137161255
0.30245742201805115
0.08293302357196808
0.06979009509086609
0.04345220699906349
0.04431701451539993
0.04158547520637512
0.04158547520637512
0.04158547520637512
0.04158547520637512
0.04158547520637512
0.04158547520637512
0.04158547520637512
0.04158547520637512
0.0569513663649559
1.046485424041748
2.115326404571533
3.1446757316589355
3.5032243728637695
3.795362949371338
3.9736626148223877
4.8229570388793945
5.112668037414551
4.810243606567383
3.819983720779419
2.7900242805480957
1.5654809474945068
1.1062370538711548
0.5646606683731079
0.18477174639701843
0.09484181553125381
0.06275634467601776
0.055153653025627136
0.04100952297449112
0.04158547520637512
0.04158547520637512
0.04158547520637512
0.04158547520637512
0.04158547520637512
0.04158547520637512
0.04158547520637512
0.04158547520637512
0.057184189558029175
0.6831378936767578
1.2369568347930908
1.8594721555709839
2.0680992603302
2.450857400894165
3.5218777656555176
4.742807865142822
4.5852885246276855
3.945871114730835
2.730156421661377
1.6966584920883179
0.934503436088562
0.4339977502822876
0.1869584023952484
0.13475371897220612
0.09581063687801361
0.07956849783658981
0.05772078409790993
0.04132213443517685
0.04158547520637512
0.04158547520637512
0.04158547520637512
0.04158547520637512
0.04158547520637512
0.04158547520637512
0.04158547520637512
0.04158547520637512
0.05361141264438629
0.23288220167160034
0.49812087416648865
0.6856589317321777
0.8543422222137451
1.7310974597930908
3.334791660308838
4.556040287017822
4.30429744720459
3.089812994003296
1.5703599452972412
0.9581030607223511
0.5535699129104614
0.3411492705345154
0.13871335983276367
0.0
0.09575589001178741
0.07016949355602264
0.06065463274717331
0.04695272445678711
0.04158547520637512
0.04158547520637512
0.04158547520637512
0.04158547520637512
0.04158547520637512
0.04158547520637512
0.04158547520637512
0.04158547520637512
0.04717158526182175
0.08377085626125336
0.12411981076002121
0.1272912323474884
0.14459599554538727
1.5980844497680664
3.2249114513397217
4.464855670928955
3.7996325492858887
2.4111886024475098
0.7706396579742432
0.04987306147813797
0.144058495759964
0.1321287453174591
0.13621658086776733
0.12690585851669312
0.11102531850337982
0.09072799980640411
0.049304235726594925
0.04188482463359833
0.04158547520637512
0.04158547520637512
0.04158547520637512
0.04158547520637512
0.04158547520637512
0.04158547520637512
0.04158547520637512
0.04158547520637512
0.0433601550757885
0.09247484803199768
0.11169757694005966
0.1250201314687729
0.34663257002830505
1.9485623836517334
3.6032228469848633
4.2628326416015625
3.3316776752471924
1.77210533618927
0.3631511628627777
0.008274227380752563
0.12903673946857452
0.14560402929782867
0.13100078701972961
0.14133524894714355
0.10537956655025482
0.09071498364210129
0.06267286837100983
0.044014908373355865
0.04158547520637512
0.04158547520637512
0.04158547520637512
0.04158547520637512
0.04158547520637512
0.04158547520637512
0.04158547520637512
0.04158547520637512
0.0480969101190567
0.094820037484169
0.10066618770360947
0.1261054277420044
0.6800332069396973
2.3462095260620117
4.0987749099731445
4.120580673217773
3.2112820148468018
1.3296958208084106
0.34676289558410645
0.0
0.11861009150743484
0.12807926535606384
0.12838342785835266
0.14121109247207642
0.11213535070419312
0.0843227207660675
0.06749831140041351
0.03806907311081886
0.04158547520637512
0.04158547520637512
0.04158547520637512
0.04158547520637512
0.04158547520637512
0.04158547520637512
0.04158547520637512
0.04158547520637512
0.05123051255941391
0.0894545465707779
0.11152531951665878
0.11366631090641022
0.9986283779144287
2.7200124263763428
4.438377857208252
4.183828353881836
3.0972795486450195
1.1683651208877563
0.14532685279846191
0.12113195657730103
0.10114394873380661
0.10705800354480743
0.11614938825368881
0.11786624789237976
0.10866837203502655
0.07102334499359131
0.04961157217621803
0.04567226767539978
0.04158547520637512
0.04158547520637512
0.04158547520637512
0.04158547520637512
0.04158547520637512
0.04158547520637512
0.04158547520637512
0.04158547520637512
0.06367791444063187
0.08986994624137878
0.08907918632030487
0.11208472400903702
1.0434341430664062
2.6714928150177
4.364137172698975
3.9688122272491455
2.914161205291748
1.167943000793457
0.14956219494342804
0.07722629606723785
0.08919869363307953
0.09073898196220398
0.09107081592082977
0.08798307180404663
0.08820195496082306
0.06743108481168747
0.04832484573125839
0.03780875355005264
0.04158547520637512
0.04158547520637512
0.04158547520637512
0.04158547520637512
0.04158547520637512
0.04158547520637512
0.04158547520637512
0.04158547520637512
0.06640899181365967
0.07631580531597137
0.09714532643556595
0.0939624086022377
0.7120612859725952
2.2979533672332764
4.078700542449951
3.753495216369629
2.7133538722991943
1.1378147602081299
0.11916865408420563
0.06910146027803421
0.04660632088780403
0.06614501774311066
0.061098646372556686
0.07153032720088959
0.050772786140441895
0.05215035751461983
0.03954494744539261
0.041862472891807556
0.04158547520637512
0.04158547520637512
0.04158547520637512
0.04158547520637512
0.04158547520637512
0.04158547520637512
0.04158547520637512
0.04158547520637512
0.06768602132797241
0.07932370901107788
0.08963564038276672
0.1189974844455719
0.2706473171710968
1.8233132362365723
3.2760677337646484
3.408071279525757
2.3967175483703613
1.0536377429962158
0.16231411695480347
0.045434411615133286
0.052480705082416534
0.0424964502453804
0.051667485386133194
0.05004023388028145
0.050632864236831665
0.039878424257040024
0.04517420381307602
0.03842870891094208
0.04158547520637512
0.04158547520637512
0.04158547520637512
0.04158547520637512
0.04158547520637512
0.04158547520637512
0.04158547520637512
0.04158547520637512
0.06306903809309006
0.06899640709161758
0.09145678579807281
0.10179561376571655
0.14607764780521393
1.2624131441116333
2.3754754066467285
2.355194091796875
1.7802343368530273
0.580939769744873
0.0
0.04916476458311081
0.04158547520637512
0.04158547520637512
0.04158547520637512
0.04158547520637512
0.04158547520637512
0.04158547520637512
0.04158547520637512
0.04158547520637512
0.04158547520637512
0.04158547520637512
0.04158547520637512
0.04158547520637512
0.04158547520637512
0.04158547520637512
0.04158547520637512
0.04158547520637512
0.055134110152721405
0.06821554899215698
0.07146067917346954
0.10842117667198181
0.12654273211956024
0.714853048324585
1.2387309074401855
1.2165417671203613
0.8765766620635986
0.13014188408851624
0.0
0.0448981374502182
0.04158547520637512
0.04158547520637512
0.04158547520637512
0.04158547520637512
0.04158547520637512
0.04158547520637512
0.04158547520637512
0.04158547520637512
0.04158547520637512
0.04158547520637512
0.034071311354637146
0.034071311354637146
0.034071311354637146
0.034071311354637146
0.034071311354637146
0.034071311354637146
0.040937356650829315
0.0475388839840889
0.06252456456422806
0.07327394187450409
0.08358822762966156
0.10002613067626953
0.08736266195774078
0.11485995352268219
0.08610162138938904
0.1250382959842682
0.10730576515197754
0.10490089654922485
0.10262404382228851
0.08507635444402695
0.10002083331346512
0.09729345142841339
0.1142999529838562
0.10160180181264877
0.07489071041345596
0.07059593498706818
0.034071311354637146
0.034071311354637146
0.034071311354637146
0.034071311354637146
0.034071311354637146
0.034071311354637146
0.034071311354637146
0.034071311354637146
0.050766654312610626
0.047776833176612854
0.0706658586859703
0.09510844200849533
0.12023556232452393
0.12131024897098541
0.11195391416549683
0.13581931591033936
0.11686477065086365
0.16166870296001434
0.13744676113128662
0.1250280737876892
0.09745360165834427
0.13121424615383148
0.12822890281677246
0.13696254789829254
0.1481943428516388
0.13347074389457703
0.08198390901088715
0.0648174062371254
0.034071311354637146
0.034071311354637146
0.034071311354637146
0.034071311354637146
0.034071311354637146
0.034071311354637146
0.034071311354637146
0.034071311354637146
0.0398046113550663
0.06651443988084793
0.08624440431594849
0.1268029659986496
0.13855096697807312
0.11195322871208191
0.14701926708221436
0.1722058653831482
0.15893405675888062
0.14873597025871277
0.14684967696666718
0.13490040600299835
0.13943378627300262
0.18116946518421173
0.1483471542596817
0.1602010726928711
0.14000310003757477
0.13228748738765717
0.08792372792959213
0.0672929584980011
0.034071311354637146
0.034071311354637146
0.034071311354637146
0.034071311354637146
0.034071311354637146
0.034071311354637146
0.034071311354637146
0.034071311354637146
0.03867076709866524
0.0837721973657608
0.10504736006259918
0.13491779565811157
0.13630090653896332
0.1463172435760498
0.14692774415016174
0.1377491056919098
0.13520099222660065
0.14904402196407318
0.1722717583179474
0.14548248052597046
0.1878320425748825
0.1499667912721634
0.15435285866260529
0.14753121137619019
0.16046933829784393
0.11097889393568039
0.07365491986274719
0.05170991271734238
0.034071311354637146
0.034071311354637146
0.034071311354637146
0.034071311354637146
0.034071311354637146
0.034071311354637146
0.034071311354637146
0.034071311354637146
0.06119242310523987
0.06124556437134743
0.10069993883371353
0.14287254214286804
0.19737592339515686
0.1782635599374771
0.14171256124973297
0.16595114767551422
0.1089872419834137
0.16123954951763153
0.16721317172050476
0.1720455437898636
0.1782384067773819
0.1710803508758545
0.16191484034061432
0.1103949025273323
0.13537122309207916
0.0972728282213211
0.09524325281381607
0.06098564714193344
0.034071311354637146
0.034071311354637146
0.034071311354637146
0.034071311354637146
0.034071311354637146
0.034071311354637146
0.034071311354637146
0.034071311354637146
0.05795954912900925
0.0680946558713913
0.14571484923362732
0.09638381004333496
0.19572018086910248
0.25278061628341675
0.5560289621353149
0.9383283257484436
0.9397658705711365
0.9691622853279114
0.9428465366363525
1.0490632057189941
0.9814037084579468
0.908770740032196
0.5519809722900391
0.13408710062503815
0.11560022085905075
0.1082734689116478
0.08557628095149994
0.054455339908599854
0.034071311354637146
0.034071311354637146
0.034071311354637146
0.034071311354637146
0.034071311354637146
0.034071311354637146
0.034071311354637146
0.034071311354637146
0.0
0.07634326070547104
0.21161051094532013
0.5862162709236145
1.313721776008606
1.8815356492996216
2.4474666118621826
2.848480701446533
2.92437481880188
2.8021082878112793
2.791836738586426
2.6192662715911865
2.1739003658294678
1.872748851776123
0.956217348575592
0.14819416403770447
0.09860661625862122
0.12163785099983215
0.08295989036560059
0.06311468034982681
0.034071311354637146
0.034071311354637146
0.034071311354637146
0.034071311354637146
0.034071311354637146
0.034071311354637146
0.034071311354637146
0.034071311354637146
0.0
0.40542304515838623
1.0824493169784546
2.4697165489196777
3.633854389190674
4.175618648529053
4.46749210357666
4.71924352645874
4.28903865814209
3.985085964202881
3.870453357696533
3.863520860671997
3.777928113937378
2.9216763973236084
1.5707242488861084
0.15141093730926514
0.11105447262525558
0.10102516412734985
0.07752163708209991
0.050673119723796844
0.034071311354637146
0.034071311354637146
0.034071311354637146
0.034071311354637146
0.034071311354637146
0.034071311354637146
0.034071311354637146
0.034071311354637146
0.3959236145019531
0.9874532222747803
2.2686288356781006
3.847419261932373
5.528362274169922
5.960809230804443
5.423318862915039
4.8015851974487305
3.9260308742523193
4.38107967376709
4.72706413269043
5.213542938232422
4.817636013031006
3.6653339862823486
1.9223198890686035
0.17140904068946838
0.1474737823009491
0.09261336922645569
0.10760648548603058
0.06490174680948257
0.034071311354637146
0.034071311354637146
0.034071311354637146
0.034071311354637146
0.034071311354637146
0.034071311354637146
0.034071311354637146
0.034071311354637146
0.7777568101882935
1.3880715370178223
2.8637282848358154
4.3877854347229
5.5609540939331055
5.462082386016846
4.588289737701416
3.8544280529022217
3.199521541595459
3.885885000228882
5.063611030578613
5.688979148864746
5.815609455108643
3.8353734016418457
1.71453857421875
0.17168699204921722
0.1625533401966095
0.11857666075229645
0.09579071402549744
0.05877768248319626
0.034071311354637146
0.034071311354637146
0.034071311354637146
0.034071311354637146
0.034071311354637146
0.034071311354637146
0.034071311354637146
0.034071311354637146
0.4528921842575073
1.4912868738174438
2.647235155105591
3.6510536670684814
3.9771273136138916
3.6262264251708984
2.70269513130188
1.5692636966705322
1.9434618949890137
2.755239486694336
4.82611608505249
5.468375205993652
5.461410999298096
3.21431565284729
1.2819132804870605
0.1940780133008957
0.182468444108963
0.14973080158233643
0.1292964667081833
0.07037551701068878
0.034071311354637146
0.034071311354637146
0.034071311354637146
0.034071311354637146
0.034071311354637146
0.034071311354637146
0.034071311354637146
0.034071311354637146
0.09436686336994171
0.7732830047607422
1.5071394443511963
2.0048813819885254
2.172231912612915
1.7225843667984009
0.9683390855789185
0.20450009405612946
1.2703419923782349
2.7973177433013916
4.899587631225586
5.77158784866333
5.01323938369751
2.8027312755584717
0.6449400782585144
0.20662765204906464
0.20310138165950775
0.18192563951015472
0.13368241488933563
0.05482356995344162
0.034071311354637146
0.034071311354637146
0.034071311354637146
0.034071311354637146
0.034071311354637146
0.034071311354637146
0.034071311354637146
0.034071311354637146
0.04610336199402809
0.10706304013729095
0.37793201208114624
0.8163185715675354
0.9011238813400269
0.9905940294265747
0.7325594425201416
0.4637565612792969
1.5286049842834473
3.525463342666626
4.960365295410156
5.966151714324951
4.128954887390137
2.002861499786377
0.3555000424385071
0.19584399461746216
0.21417354047298431
0.17564480006694794
0.14887955784797668
0.0433553010225296
0.034071311354637146
0.034071311354637146
0.034071311354637146
0.034071311354637146
0.034071311354637146
0.034071311354637146
0.034071311354637146
0.034071311354637146
0.0441775843501091
0.0
0.03899957239627838
0.5095793008804321
1.15520179271698
1.5559591054916382
1.3987196683883667
1.6988743543624878
2.763528347015381
4.697722434997559
5.401034832000732
5.532463550567627
3.5563504695892334
1.6407843828201294
0.19810736179351807
0.17320740222930908
0.18697196245193481
0.135189950466156
0.10943719744682312
0.04187239333987236
0.034071311354637146
0.034071311354637146
0.034071311354637146
0.034071311354637146
0.034071311354637146
0.034071311354637146
0.034071311354637146
0.034071311354637146
0.03561268001794815
0.0
0.7568911910057068
1.354082465171814
2.661947727203369
3.30110502243042
3.531965732574463
3.6947054862976074
4.639186382293701
5.633929252624512
6.178993225097656
5.6515092849731445
3.8675172328948975
1.8858171701431274
0.886676549911499
0.5620341897010803
0.16582702100276947
0.14357063174247742
0.08347450196743011
0.04542720317840576
0.034071311354637146
0.034071311354637146
0.034071311354637146
0.034071311354637146
0.034071311354637146
0.034071311354637146
0.034071311354637146
0.034071311354637146
0.0382978580892086
0.3982895016670227
1.4026283025741577
2.5978407859802246
3.8291447162628174
4.7961320877075195
4.681905269622803
4.810835838317871
5.582443714141846
6.327894687652588
6.605454921722412
5.670951843261719
3.939359426498413
2.4926769733428955
1.1621638536453247
0.5637799501419067
0.12933498620986938
0.10778583586215973
0.07025804370641708
0.049466900527477264
0.034071311354637146
0.034071311354637146
0.034071311354637146
0.034071311354637146
0.034071311354637146
0.034071311354637146
0.034071311354637146
0.034071311354637146
0.03916038200259209
0.7907088398933411
1.4896372556686401
2.867800712585449
3.7854433059692383
4.672818660736084
4.503617763519287
4.863644123077393
6.135557174682617
7.020303726196289
6.406744956970215
4.931220054626465
2.9808692932128906
2.1455278396606445
1.2117736339569092
0.7488248348236084
0.14895355701446533
0.09419126063585281
0.07003884762525558
0.055190589278936386
0.034071311354637146
0.034071311354637146
0.034071311354637146
0.034071311354637146
0.034071311354637146
0.034071311354637146
0.034071311354637146
0.034071311354637146
0.043754637241363525
0.477691650390625
1.1319020986557007
2.0433719158172607
2.8108482360839844
3.226990222930908
3.951066493988037
4.880186557769775
6.118276119232178
6.6540679931640625
5.95702600479126
4.308047294616699
2.2163262367248535
1.5716586112976074
0.9052134156227112
0.48398107290267944
0.13151815533638
0.09974263608455658
0.09014976769685745
0.0607370063662529
0.034071311354637146
0.034071311354637146
0.034071311354637146
0.034071311354637146
0.034071311354637146
0.034071311354637146
0.034071311354637146
0.034071311354637146
0.04245232790708542
0.1113426610827446
0.46496784687042236
0.8325745463371277
1.2034492492675781
1.6179938316345215
2.658217668533325
4.273412704467773
5.382338047027588
6.123348236083984
4.517872333526611
2.669163703918457
1.2895151376724243
0.9789164662361145
0.6489167213439941
0.3000296354293823
0.14383535087108612
0.11678707599639893
0.07646208256483078
0.06136050075292587
0.034071311354637146
0.034071311354637146
0.034071311354637146
0.034071311354637146
0.034071311354637146
0.034071311354637146
0.034071311354637146
0.034071311354637146
0.03701162338256836
0.05060780048370361
0.10392230749130249
0.1307067573070526
0.15009315311908722
0.7732862234115601
1.8254404067993164
3.9667158126831055
4.91765832901001
5.39248514175415
3.2093374729156494
1.2410379648208618
0.1573934257030487
0.16084551811218262
0.17027407884597778
0.1694830358028412
0.13386598229408264
0.12708456814289093
0.08960928022861481
0.07179591059684753
0.034071311354637146
0.034071311354637146
0.034071311354637146
0.034071311354637146
0.034071311354637146
0.034071311354637146
0.034071311354637146
0.034071311354637146
0.035483717918395996
0.05938057228922844
0.06698811054229736
0.11424659192562103
0.061306439340114594
0.9238809943199158
2.233140707015991
4.2864603996276855
5.352282524108887
4.954665660858154
2.753321886062622
0.6503140330314636
0.1569048911333084
0.18052823841571808
0.1360321342945099
0.15719042718410492
0.1356472671031952
0.1459854394197464
0.09704814106225967
0.06064602732658386
0.034071311354637146
0.034071311354637146
0.034071311354637146
0.034071311354637146
0.034071311354637146
0.034071311354637146
0.034071311354637146
0.034071311354637146
0.03222297132015228
0.05661242455244064
0.08807142078876495
0.12210008502006531
0.06718015670776367
1.2159405946731567
2.803239345550537
4.543367862701416
5.441199779510498
4.458303928375244
2.358320951461792
0.314922034740448
0.12842616438865662
0.14174312353134155
0.1443832516670227
0.1558564305305481
0.14016561210155487
0.12913478910923004
0.09708727896213531
0.06556716561317444
0.034071311354637146
0.034071311354637146
0.034071311354637146
0.034071311354637146
0.034071311354637146
0.034071311354637146
0.034071311354637146
0.034071311354637146
0.03341732546687126
0.06808409094810486
0.09060239791870117
0.1221923828125
0.4809778332710266
1.4478281736373901
3.27650785446167
4.593193531036377
5.332686901092529
4.1202311515808105
2.026815176010132
0.1458551287651062
0.13510723412036896
0.11775612831115723
0.13973863422870636
0.13760428130626678
0.13236001133918762
0.11209997534751892
0.08416487276554108
0.05337464064359665
0.034071311354637146
0.034071311354637146
0.034071311354637146
0.034071311354637146
0.034071311354637146
0.034071311354637146
0.034071311354637146
0.034071311354637146
0.04191513732075691
0.06389853358268738
0.0748751163482666
0.10166429728269577
0.84434974193573
1.4321504831314087
3.2224769592285156
4.398952007293701
5.2825422286987305
4.13196325302124
2.0100159645080566
0.10771705210208893
0.09707548469305038
0.11395634710788727
0.08832598477602005
0.10553751140832901
0.09911517798900604
0.10039374232292175
0.06558001041412354
0.05112417787313461
0.034071311354637146
0.034071311354637146
0.034071311354637146
0.034071311354637146
0.034071311354637146
0.034071311354637146
0.034071311354637146
0.034071311354637146
0.04311732202768326
0.05784726142883301
0.08698570728302002
0.10341756045818329
0.5351985096931458
1.4492183923721313
2.9851326942443848
4.310423374176025
4.851683616638184
4.1302666664123535
1.9936195611953735
0.07806038856506348
0.06213640421628952
0.07142487913370132
0.059884753078222275
0.07471384108066559
0.0669209361076355
0.06156373396515846
0.04476311057806015
0.0409887321293354
0.034071311354637146
0.034071311354637146
0.034071311354637146
0.034071311354637146
0.034071311354637146
0.034071311354637146
0.034071311354637146
0.034071311354637146
0.048090070486068726
0.05322107672691345
0.08188612759113312
0.09254723787307739
0.17076466977596283
1.1960378885269165
2.5613317489624023
3.805670976638794
4.099160671234131
3.3870742321014404
1.6121641397476196
0.07633510231971741
0.05134611204266548
0.04803824797272682
0.04920659959316254
0.05038783326745033
0.05182570964097977
0.04606593772768974
0.04060298949480057
0.03716597333550453
0.034071311354637146
0.034071311354637146
0.034071311354637146
0.034071311354637146
0.034071311354637146
0.034071311354637146
0.034071311354637146
0.034071311354637146
0.04640927165746689
0.05937938392162323
0.075126051902771
0.09185430407524109
0.14179839193820953
0.941399097442627
1.8908601999282837
2.5221986770629883
2.765042304992676
2.379145860671997
1.1861850023269653
0.05734029784798622
0.034071311354637146
0.034071311354637146
0.034071311354637146
0.034071311354637146
0.034071311354637146
0.034071311354637146
0.034071311354637146
0.034071311354637146
0.034071311354637146
0.034071311354637146
0.034071311354637146
0.034071311354637146
0.034071311354637146
0.034071311354637146
0.034071311354637146
0.034071311354637146
0.042241793125867844
0.056573256850242615
0.06911555677652359
0.09616415202617645
0.1279108226299286
0.548369824886322
1.1942169666290283
1.6446352005004883
1.68964421749115
1.3195451498031616
0.5618147253990173
0.06553496420383453
0.034071311354637146
0.034071311354637146
0.034071311354637146
0.034071311354637146
0.034071311354637146
0.034071311354637146
0.034071311354637146
0.034071311354637146
0.034071311354637146
0.034071311354637146
0.03415152058005333
0.03415152058005333
0.03415152058005333
0.03415152058005333
0.03415152058005333
0.03415152058005333
0.0419827401638031
0.037565551698207855
0.029294248670339584
0.052986908704042435
0.023763444274663925
0.04105023667216301
0.024156268686056137
0.031369950622320175
0.039290931075811386
0.02699674293398857
0.04340071231126785
0.017440440133213997
0.028368713334202766
0.041194427758455276
0.03935190662741661
0.03548218682408333
0.024963658303022385
0.030542906373739243
0.022852471098303795
0.029614072293043137
0.03415152058005333
0.03415152058005333
0.03415152058005333
0.03415152058005333
0.03415152058005333
0.03415152058005333
0.03415152058005333
0.03415152058005333
0.04171616584062576
0.033006343990564346
0.03906654566526413
0.039816007018089294
0.027164196595549583
0.035270340740680695
0.04437972977757454
0.057104360312223434
0.026542432606220245
0.03708700090646744
0.027263972908258438
0.026139702647924423
0.05634669214487076
0.04227856174111366
0.03512243181467056
0.014043649658560753
0.028979767113924026
0.02834135852754116
0.043300531804561615
0.035324420779943466
0.03415152058005333
0.03415152058005333
0.03415152058005333
0.03415152058005333
0.03415152058005333
0.03415152058005333
0.03415152058005333
0.03415152058005333
0.04592003673315048
0.03406011313199997
0.0441293939948082
0.03423568978905678
0.016570832580327988
0.0376262441277504
0.028895311057567596
0.017278023064136505
0.030593380331993103
0.04232100769877434
0.03145261108875275
0.04167977347970009
0.026247460395097733
0.046020254492759705
0.01573788933455944
0.047882579267024994
0.031617045402526855
0.026180773973464966
0.028333447873592377
0.03169538825750351
0.03415152058005333
0.03415152058005333
0.03415152058005333
0.03415152058005333
0.03415152058005333
0.03415152058005333
0.03415152058005333
0.03415152058005333
0.04476407915353775
0.03600345179438591
0.02055227942764759
0.040499601513147354
0.037136539816856384
0.034691158682107925
0.04145827889442444
0.022067971527576447
0.03038770891726017
0.03195749595761299
0.055624235421419144
0.01799125224351883
0.034762077033519745
0.014700349420309067
0.011697955429553986
0.028373777866363525
0.017300020903348923
0.04128514230251312
0.03720644861459732
0.04041130840778351
0.03415152058005333
0.03415152058005333
0.03415152058005333
0.03415152058005333
0.03415152058005333
0.03415152058005333
0.03415152058005333
0.03415152058005333
0.05484849959611893
0.032923374325037
0.033272892236709595
0.056319087743759155
0.0
0.03756280615925789
0.018429331481456757
0.029318349435925484
0.0428583025932312
0.05199064686894417
0.030224036425352097
0.015307191759347916
0.046403221786022186
0.018535276874899864
0.05534493923187256
0.042815908789634705
0.0266867708414793
0.03076699934899807
0.02400416135787964
0.030846713110804558
0.03415152058005333
0.03415152058005333
0.03415152058005333
0.03415152058005333
0.03415152058005333
0.03415152058005333
0.03415152058005333
0.03415152058005333
0.03621852397918701
0.04627813771367073
0.04582303762435913
0.20383809506893158
0.17487870156764984
0.3085951805114746
0.15184706449508667
0.0629974752664566
0.057724591344594955
0.06956777721643448
0.05897746607661247
0.0
0.0
0.0
0.0
0.025226648896932602
0.04293292015790939
0.027176806703209877
0.04257623851299286
0.03060826100409031
0.03415152058005333
0.03415152058005333
0.03415152058005333
0.03415152058005333
0.03415152058005333
0.03415152058005333
0.03415152058005333
0.03415152058005333
0.21285571157932281
0.18254603445529938
0.31942662596702576
0.24646121263504028
0.26266059279441833
0.08693186938762665
0.13778425753116608
0.051134418696165085
0.0
0.06718887388706207
0.0
0.0
0.0
0.0
0.0
0.030548233538866043
0.025975625962018967
0.024580705910921097
0.02696484886109829
0.03212092071771622
0.03415152058005333
0.03415152058005333
0.03415152058005333
0.03415152058005333
0.03415152058005333
0.03415152058005333
0.03415152058005333
0.03415152058005333
0.32880401611328125
0.3963552415370941
0.34349486231803894
0.41812846064567566
0.0
0.0
0.0
0.0
0.0
0.0
0.3763013780117035
0.0
0.0
0.0
0.0
0.026068896055221558
0.02354545146226883
0.04342092201113701
0.03814871236681938
0.041164979338645935
0.03415152058005333
0.03415152058005333
0.03415152058005333
0.03415152058005333
0.03415152058005333
0.03415152058005333
0.03415152058005333
0.03415152058005333
0.38341861963272095
0.4732668399810791
0.1643282026052475
0.1208677887916565
0.0
0.0
0.0
0.09039865434169769
0.23439382016658783
0.6544777750968933
0.5870190858840942
0.0
0.0
0.0
0.009761309251189232
0.014900732785463333
0.016686830669641495
0.03235897049307823
0.02147497609257698
0.02935614436864853
0.03415152058005333
0.03415152058005333
0.03415152058005333
0.03415152058005333
0.03415152058005333
0.03415152058005333
0.03415152058005333
0.03415152058005333
0.2268620729446411
0.08375141024589539
0.17745408415794373
0.0
0.0
0.0
0.0
0.0
0.5215056538581848
0.5190826654434204
0.04256632551550865
0.0
0.0
0.13827811181545258
0.044366106390953064
0.05186154693365097
0.022250277921557426
0.027951696887612343
0.040920957922935486
0.029769733548164368
0.03415152058005333
0.03415152058005333
0.03415152058005333
0.03415152058005333
0.03415152058005333
0.03415152058005333
0.03415152058005333
0.03415152058005333
0.0
0.0
0.0
0.0
0.0
0.026386799290776253
0.0
0.047956015914678574
0.20209228992462158
0.3424780070781708
0.0
0.0
0.0
0.07393135875463486
0.14483153820037842
0.021234262734651566
0.03898000344634056
0.0023228302597999573
0.020083045586943626
0.031613271683454514
0.03415152058005333
0.03415152058005333
0.03415152058005333
0.03415152058005333
0.03415152058005333
0.03415152058005333
0.03415152058005333
0.03415152058005333
0.02624385431408882
0.0
0.0
0.0
0.011959386989474297
0.22992204129695892
0.20927757024765015
0.28391340374946594
0.5517855882644653
0.0992264598608017
0.0
0.0
0.0
0.13131770491600037
0.2016582041978836
0.04957805201411247
0.024757008999586105
0.040157172828912735
0.034990813583135605
0.04291834309697151
0.03415152058005333
0.03415152058005333
0.03415152058005333
0.03415152058005333
0.03415152058005333
0.03415152058005333
0.03415152058005333
0.03415152058005333
0.04122329130768776
0.019251711666584015
0.014834338799118996
0.0
0.09758196771144867
0.0
0.0
0.5439053177833557
0.40800386667251587
0.0
0.0
0.0
0.029781805351376534
0.0473739355802536
0.024362828582525253
0.0240875743329525
0.0
0.022392399609088898
0.026457730680704117
0.03358408436179161
0.03415152058005333
0.03415152058005333
0.03415152058005333
0.03415152058005333
0.03415152058005333
0.03415152058005333
0.03415152058005333
0.03415152058005333
0.03581632673740387
0.20513096451759338
0.3052535355091095
0.4088132381439209
0.0
0.08710692822933197
0.0
0.38084378838539124
0.16088266670703888
0.0
0.0
0.003697659820318222
0.0
0.05992409214377403
0.043331027030944824
0.0002749897539615631
0.043182048946619034
0.048500675708055496
0.04643427953124046
0.03270437940955162
0.03415152058005333
0.03415152058005333
0.03415152058005333
0.03415152058005333
0.03415152058005333
0.03415152058005333
0.03415152058005333
0.03415152058005333
0.035730477422475815
0.32517510652542114
0.5970385074615479
0.2102447897195816
0.11349290609359741
0.0
0.045742034912109375
0.23058299720287323
0.0
0.0
0.0
0.03387129306793213
0.12644702196121216
0.0
0.0
0.0
0.018283136188983917
0.03666065260767937
0.037920113652944565
0.03211206942796707
0.03415152058005333
0.03415152058005333
0.03415152058005333
0.03415152058005333
0.03415152058005333
0.03415152058005333
0.03415152058005333
0.03415152058005333
0.04172353446483612
0.3859928250312805
0.2792423367500305
0.0
0.11070691049098969
0.0406702421605587
0.19452865421772003
0.0
0.0
0.0
0.0
0.0
0.0
0.0
0.0
0.0
0.034165896475315094
0.031251344829797745
0.03013710118830204
0.032721199095249176
0.03415152058005333
0.03415152058005333
0.03415152058005333
0.03415152058005333
0.03415152058005333
0.03415152058005333
0.03415152058005333
0.03415152058005333
0.03656257316470146
0.23105132579803467
0.0
0.0
0.0
0.3193649649620056
0.41471052169799805
0.6368182301521301
0.0
0.0
0.0
0.161773219704628
0.0008593648672103882
0.0
0.0
0.0
0.024092813953757286
0.039139654487371445
0.030082905665040016
0.03499878942966461
0.03415152058005333
0.03415152058005333
0.03415152058005333
0.03415152058005333
0.03415152058005333
0.03415152058005333
0.03415152058005333
0.03415152058005333
0.03994283825159073
0.0
0.0
0.0
0.0
0.26984888315200806
0.5566423535346985
0.3899276554584503
0.0
0.0
0.0
0.008594643324613571
0.3101905584335327
0.4181790053844452
0.324510782957077
0.18330703675746918
0.02489873394370079
0.028683960437774658
0.029782965779304504
0.03135257214307785
0.03415152058005333
0.03415152058005333
0.03415152058005333
0.03415152058005333
0.03415152058005333
0.03415152058005333
0.03415152058005333
0.03415152058005333
0.03386939689517021
0.03086085245013237
0.0
0.0
0.0
0.23296847939491272
0.1345731019973755
0.0
0.0
0.0
0.0
0.0
0.0
0.0
0.022631781175732613
0.03881673887372017
0.02676239237189293
0.029518693685531616
0.03932642936706543
0.031015729531645775
0.03415152058005333
0.03415152058005333
0.03415152058005333
0.03415152058005333
0.03415152058005333
0.03415152058005333
0.03415152058005333
0.03415152058005333
0.034757696092128754
0.04018501564860344
0.027509598061442375
0.011961691081523895
0.0543673112988472
0.5048413872718811
0.32082685828208923
0.0
0.0
0.0
0.06477447599172592
0.11982837319374084
0.03938950598239899
0.03675457462668419
0.04042612761259079
0.02435261569917202
0.03584962710738182
0.026332098990678787
0.02644648402929306
0.03415830433368683
0.03415152058005333
0.03415152058005333
0.03415152058005333
0.03415152058005333
0.03415152058005333
0.03415152058005333
0.03415152058005333
0.03415152058005333
0.03402327746152878
0.054860830307006836
0.02525513805449009
0.0342913419008255
0.18401947617530823
0.47846463322639465
0.2548425495624542
0.0
0.0
0.0
0.15330998599529266
0.16566354036331177
0.021073661744594574
0.03035242110490799
0.028269026428461075
0.0348307266831398
0.02295222505927086
0.027467593550682068
0.03588096424937248
0.03567877784371376
0.03415152058005333
0.03415152058005333
0.03415152058005333
0.03415152058005333
0.03415152058005333
0.03415152058005333
0.03415152058005333
0.03415152058005333
0.038814038038253784
0.037521786987781525
0.036619629710912704
0.02297825738787651
0.3492668569087982
0.5415120720863342
0.09162808954715729
0.0
0.0
0.0
0.0
0.03853344917297363
0.021526910364627838
0.034842927008867264
0.033087871968746185
0.04554390907287598
0.01738564670085907
0.03336578607559204
0.025619901716709137
0.031085841357707977
0.03415152058005333
0.03415152058005333
0.03415152058005333
0.03415152058005333
0.03415152058005333
0.03415152058005333
0.03415152058005333
0.03415152058005333
0.037562884390354156
0.048283860087394714
0.011927066370844841
0.028682807460427284
0.36164259910583496
0.4379100501537323
0.0
0.0
0.0
0.0
0.0
0.024359114468097687
0.032992925494909286
0.03986477851867676
0.039592258632183075
0.021575655788183212
0.03553632274270058
0.036121197044849396
0.045784711837768555
0.03736656531691551
0.03415152058005333
0.03415152058005333
0.03415152058005333
0.03415152058005333
0.03415152058005333
0.03415152058005333
0.03415152058005333
0.03415152058005333
0.046393513679504395
0.027192536741495132
0.03474218398332596
0.03190202638506889
0.23410820960998535
0.23961681127548218
0.13098390400409698
0.0
0.0
0.0
0.0
0.02706930786371231
0.023405149579048157
0.03147054836153984
0.02751537598669529
0.027270590886473656
0.02283073216676712
0.03172213211655617
0.035212401300668716
0.03300280496478081
0.03415152058005333
0.03415152058005333
0.03415152058005333
0.03415152058005333
0.03415152058005333
0.03415152058005333
0.03415152058005333
0.03415152058005333
0.03763985633850098
0.03685988858342171
0.022519268095493317
0.042609065771102905
0.0
0.21349230408668518
0.11955536901950836
0.0
0.0
0.0
0.0
0.03954464569687843
0.03945094719529152
0.03720971196889877
0.029684629291296005
0.035356275737285614
0.03628223016858101
0.04081267490983009
0.03709438443183899
0.03707379475235939
0.03415152058005333
0.03415152058005333
0.03415152058005333
0.03415152058005333
0.03415152058005333
0.03415152058005333
0.03415152058005333
0.03415152058005333
0.04447392001748085
0.025789277628064156
0.03948945552110672
0.036861602216959
0.025982437655329704
0.16294631361961365
0.0
0.0
0.0
0.2161543220281601
0.0401158407330513
0.027109386399388313
0.0331612266600132
0.031076302751898766
0.027722876518964767
0.03042728081345558
0.030921505764126778
0.03165487200021744
0.03438488394021988
0.03396237641572952
0.03415152058005333
0.03415152058005333
0.03415152058005333
0.03415152058005333
0.03415152058005333
0.03415152058005333
0.03415152058005333
0.03415152058005333
0.03494668006896973
0.03596126660704613
0.03221510350704193
0.04294933006167412
0.0543968603014946
0.19873863458633423
0.0
0.0
0.03670674189925194
0.22530370950698853
0.1337023824453354
0.030240483582019806
0.03415152058005333
0.03415152058005333
0.03415152058005333
0.03415152058005333
0.03415152058005333
0.03415152058005333
0.03415152058005333
0.03415152058005333
0.03415152058005333
0.03415152058005333
0.03415152058005333
0.03415152058005333
0.03415152058005333
0.03415152058005333
0.03415152058005333
0.03415152058005333
0.03727070987224579
0.024738743901252747
0.028984567150473595
0.04146068915724754
0.019398219883441925
0.0
0.0
0.0
0.18798689544200897
0.33640456199645996
0.1679943948984146
0.03195170313119888
0.03415152058005333
0.03415152058005333
0.03415152058005333
0.03415152058005333
0.03415152058005333
0.03415152058005333
0.03415152058005333
0.03415152058005333
0.03415152058005333
0.03415152058005333
0.11350224912166595
0.11350224912166595
0.11350224912166595
0.11350224912166595
0.11350224912166595
0.11350224912166595
0.12258858233690262
0.12006312608718872
0.12740486860275269
0.14360052347183228
0.1297110617160797
0.14153121411800385
0.14261581003665924
0.12415390461683273
0.13958683609962463
0.1462259292602539
0.1367861032485962
0.13079357147216797
0.14090938866138458
0.12950089573860168
0.1338857263326645
0.15137538313865662
0.15369704365730286
0.11685040593147278
0.12666575610637665
0.10554394870996475
0.11350224912166595
0.11350224912166595
0.11350224912166595
0.11350224912166595
0.11350224912166595
0.11350224912166595
0.11350224912166595
0.11350224912166595
0.13367365300655365
0.13395169377326965
0.12723898887634277
0.15325471758842468
0.1483825147151947
0.1469520926475525
0.17742812633514404
0.14952023327350616
0.1468295156955719
0.1524992138147354
0.16762399673461914
0.15976673364639282
0.1310901790857315
0.1795429289340973
0.13233061134815216
0.1588452160358429
0.15787005424499512
0.1309860348701477
0.12905429303646088
0.10838290303945541
0.11350224912166595
0.11350224912166595
0.11350224912166595
0.11350224912166595
0.11350224912166595
0.11350224912166595
0.11350224912166595
0.11350224912166595
0.12755504250526428
0.1637391448020935
0.14158602058887482
0.17458435893058777
0.16574573516845703
0.16442841291427612
0.1983402818441391
0.18199239671230316
0.20069998502731323
0.17185334861278534
0.17994260787963867
0.15878066420555115
0.1582857370376587
0.18574762344360352
0.18465444445610046
0.20799851417541504
0.16428053379058838
0.1406332105398178
0.13645875453948975
0.11832559108734131
0.11350224912166595
0.11350224912166595
0.11350224912166595
0.11350224912166595
0.11350224912166595
0.11350224912166595
0.11350224912166595
0.11350224912166595
0.1311175376176834
0.15478090941905975
0.16350394487380981
0.19388693571090698
0.15430596470832825
0.16109225153923035
0.17769423127174377
0.18703728914260864
0.19213609397411346
0.18843647837638855
0.2039332389831543
0.17033877968788147
0.18970733880996704
0.19656725227832794
0.18553951382637024
0.1968940943479538
0.17315824329853058
0.1422303467988968
0.1182662844657898
0.11201103031635284
0.11350224912166595
0.11350224912166595
0.11350224912166595
0.11350224912166595
0.11350224912166595
0.11350224912166595
0.11350224912166595
0.11350224912166595
0.1468120813369751
0.1595192849636078
0.16918006539344788
0.19776111841201782
0.18360492587089539
0.16930970549583435
0.19131958484649658
0.1744043081998825
0.1682104468345642
0.17518006265163422
0.17826075851917267
0.19876016676425934
0.1906827986240387
0.17174263298511505
0.15859222412109375
0.16615159809589386
0.16363830864429474
0.14577461779117584
0.12680348753929138
0.11177948862314224
0.11350224912166595
0.11350224912166595
0.11350224912166595
0.11350224912166595
0.11350224912166595
0.11350224912166595
0.11350224912166595
0.11350224912166595
0.14654625952243805
0.16031962633132935
0.18916520476341248
0.1022457480430603
0.26612600684165955
0.2017146348953247
0.2161969095468521
0.01495620608329773
0.031215816736221313
0.060445476323366165
0.030157968401908875
0.13183215260505676
0.0
0.021375015377998352
0.0023335590958595276
0.17052584886550903
0.15295672416687012
0.13165195286273956
0.12323178350925446
0.11053003370761871
0.11350224912166595
0.11350224912166595
0.11350224912166595
0.11350224912166595
0.11350224912166595
0.11350224912166595
0.11350224912166595
0.11350224912166595
0.06545159220695496
0.2905850410461426
0.22041718661785126
0.27194562554359436
0.13589854538440704
0.30330196022987366
0.5950943231582642
0.49809736013412476
0.5895009636878967
0.3735120892524719
0.6166926026344299
0.6096742153167725
0.5089089274406433
0.19224029779434204
0.0
0.1669597029685974
0.1629379242658615
0.1402910202741623
0.13286833465099335
0.11347808688879013
0.11350224912166595
0.11350224912166595
0.11350224912166595
0.11350224912166595
0.11350224912166595
0.11350224912166595
0.11350224912166595
0.11350224912166595
0.023643001914024353
0.3609675168991089
0.5391373634338379
1.2573696374893188
1.4237295389175415
1.4096674919128418
1.8958982229232788
1.9184216260910034
1.9946173429489136
2.085597038269043
1.9044007062911987
1.5349440574645996
1.0273239612579346
0.613205075263977
0.0
0.1518210768699646
0.1557176113128662
0.1385175883769989
0.11782735586166382
0.11187765747308731
0.11350224912166595
0.11350224912166595
0.11350224912166595
0.11350224912166595
0.11350224912166595
0.11350224912166595
0.11350224912166595
0.11350224912166595
0.5967930555343628
0.9705184698104858
1.628383994102478
2.7368054389953613
3.0145304203033447
2.9841933250427246
2.877197265625
2.787297487258911
2.302356243133545
2.6545393466949463
2.930156707763672
2.2894349098205566
1.269593596458435
0.7348204255104065
0.0
0.16950532793998718
0.14854800701141357
0.15162968635559082
0.12261191010475159
0.11039216071367264
0.11350224912166595
0.11350224912166595
0.11350224912166595
0.11350224912166595
0.11350224912166595
0.11350224912166595
0.11350224912166595
0.11350224912166595
1.0090683698654175
1.902198076248169
2.3938651084899902
3.648232936859131
3.8313705921173096
3.6196441650390625
3.4155242443084717
3.2455127239227295
3.2164688110351562
3.668081521987915
4.467175006866455
3.695390462875366
2.2441916465759277
1.1524672508239746
0.25145161151885986
0.18092358112335205
0.13020336627960205
0.13758666813373566
0.12772542238235474
0.10898279398679733
0.11350224912166595
0.11350224912166595
0.11350224912166595
0.11350224912166595
0.11350224912166595
0.11350224912166595
0.11350224912166595
0.11350224912166595
0.9896875023841858
2.5374152660369873
3.4710209369659424
3.681802272796631
3.471883773803711
2.720669746398926
2.1229653358459473
1.8767168521881104
2.515183687210083
3.288405418395996
4.149052143096924
3.342104196548462
1.865189790725708
0.9106172323226929
0.3155151605606079
0.2511218786239624
0.15404967963695526
0.14536552131175995
0.12225356698036194
0.11347204446792603
0.11350224912166595
0.11350224912166595
0.11350224912166595
0.11350224912166595
0.11350224912166595
0.11350224912166595
0.11350224912166595
0.11350224912166595
0.5730398297309875
1.51936674118042
2.5187606811523438
2.57948637008667
1.8670189380645752
1.163933277130127
0.5568700432777405
0.21855428814888
1.6429857015609741
3.2010083198547363
3.8958160877227783
3.03415584564209
1.7803122997283936
0.5322045683860779
0.30126088857650757
0.19683939218521118
0.188446044921875
0.16081801056861877
0.10530971735715866
0.1114715114235878
0.11350224912166595
0.11350224912166595
0.11350224912166595
0.11350224912166595
0.11350224912166595
0.11350224912166595
0.11350224912166595
0.11350224912166595
0.12844213843345642
0.5813197493553162
1.0416803359985352
1.309617042541504
0.8052716255187988
0.6371855735778809
0.16400906443595886
0.5786554217338562
1.96214759349823
3.517359495162964
3.6960625648498535
2.585530996322632
1.5969074964523315
0.5282866358757019
0.428250789642334
0.22990649938583374
0.21100760996341705
0.19467318058013916
0.13163292407989502
0.1231524720788002
0.11350224912166595
0.11350224912166595
0.11350224912166595
0.11350224912166595
0.11350224912166595
0.11350224912166595
0.11350224912166595
0.11350224912166595
0.1251603066921234
0.051147639751434326
0.2580516040325165
0.2759612202644348
0.4715326428413391
0.3084206283092499
0.0
0.9194685220718384
2.2890841960906982
3.453352451324463
3.3417530059814453
1.7209326028823853
0.8975402116775513
0.11409290134906769
0.21349424123764038
0.22261695563793182
0.16889306902885437
0.14817678928375244
0.10856032371520996
0.10989215970039368
0.11350224912166595
0.11350224912166595
0.11350224912166595
0.11350224912166595
0.11350224912166595
0.11350224912166595
0.11350224912166595
0.11350224912166595
0.1277846395969391
0.03325226157903671
0.794120728969574
0.8193876147270203
1.0114866495132446
0.9617205858230591
0.5743911266326904
1.867249846458435
3.2088284492492676
3.579953670501709
3.2490406036376953
2.0186383724212646
0.8486215472221375
0.010199658572673798
0.052746571600437164
0.04943511635065079
0.19130566716194153
0.15988612174987793
0.1369413286447525
0.11055172979831696
0.11350224912166595
0.11350224912166595
0.11350224912166595
0.11350224912166595
0.11350224912166595
0.11350224912166595
0.11350224912166595
0.11350224912166595
0.11872483044862747
0.594487190246582
1.431025743484497
2.017177104949951
2.40220046043396
2.2829060554504395
2.023423433303833
3.1065518856048584
4.133574485778809
4.110307693481445
3.001216173171997
2.1103873252868652
1.515458345413208
0.7465482950210571
0.3658868074417114
0.10291684418916702
0.14528433978557587
0.1269712597131729
0.12373367697000504
0.11288958787918091
0.11350224912166595
0.11350224912166595
0.11350224912166595
0.11350224912166595
0.11350224912166595
0.11350224912166595
0.11350224912166595
0.11350224912166595
0.11986517906188965
1.0193911790847778
2.330620050430298
2.8402633666992188
3.2936084270477295
3.04211163520813
3.104036808013916
3.4304111003875732
4.259059429168701
4.027092933654785
3.1590216159820557
2.1004533767700195
1.4179880619049072
0.8080406188964844
0.5830679535865784
0.1795400083065033
0.1566908359527588
0.1352740228176117
0.11700674146413803
0.10848920047283173
0.11350224912166595
0.11350224912166595
0.11350224912166595
0.11350224912166595
0.11350224912166595
0.11350224912166595
0.11350224912166595
0.11350224912166595
0.1315455436706543
1.0225720405578613
2.081719160079956
2.699176788330078
3.168504238128662
3.178527355194092
3.8806259632110596
4.350594520568848
4.467884063720703
4.031246662139893
3.1965835094451904
2.028247117996216
1.4707531929016113
0.6474459767341614
0.30408263206481934
0.1307186484336853
0.1509770005941391
0.13914230465888977
0.12731130421161652
0.10958632081747055
0.11350224912166595
0.11350224912166595
0.11350224912166595
0.11350224912166595
0.11350224912166595
0.11350224912166595
0.11350224912166595
0.11350224912166595
0.12333361059427261
0.5943478345870972
1.155265212059021
1.5563135147094727
1.8553016185760498
2.354586362838745
3.349142551422119
4.357497692108154
4.1330246925354
3.1975343227386475
2.520364284515381
1.8852391242980957
1.5807135105133057
1.0374850034713745
0.6319997310638428
0.33547866344451904
0.14926210045814514
0.12387600541114807
0.1316937953233719
0.11266778409481049
0.11350224912166595
0.11350224912166595
0.11350224912166595
0.11350224912166595
0.11350224912166595
0.11350224912166595
0.11350224912166595
0.11350224912166595
0.12618914246559143
0.15045425295829773
0.18034294247627258
0.21209979057312012
0.19274306297302246
0.9440898299217224
2.4928841590881348
3.6879124641418457
3.308406114578247
1.7948507070541382
0.8977221250534058
0.31295979022979736
0.19734448194503784
0.18812943994998932
0.1702146828174591
0.19350743293762207
0.1783808469772339
0.13174483180046082
0.1265500783920288
0.10689971596002579
0.11350224912166595
0.11350224912166595
0.11350224912166595
0.11350224912166595
0.11350224912166595
0.11350224912166595
0.11350224912166595
0.11350224912166595
0.11514678597450256
0.1447858214378357
0.18723462522029877
0.1715170443058014
0.10055743902921677
1.541298270225525
2.973971128463745
3.608720302581787
3.08402156829834
1.7430193424224854
0.5032403469085693
0.30545365810394287
0.19353154301643372
0.21778878569602966
0.18658387660980225
0.16574421525001526
0.17954173684120178
0.14528363943099976
0.12676489353179932
0.11400428414344788
0.11350224912166595
0.11350224912166595
0.11350224912166595
0.11350224912166595
0.11350224912166595
0.11350224912166595
0.11350224912166595
0.11350224912166595
0.11268355697393417
0.15235324203968048
0.16552963852882385
0.15797071158885956
0.09199530631303787
1.6550759077072144
3.187840461730957
3.53442645072937
2.5054104328155518
1.5552362203598022
0.3595481216907501
0.3383345305919647
0.1627277284860611
0.1714182049036026
0.20639944076538086
0.17573456466197968
0.17015999555587769
0.1480410397052765
0.13354676961898804
0.11437948793172836
0.11350224912166595
0.11350224912166595
0.11350224912166595
0.11350224912166595
0.11350224912166595
0.11350224912166595
0.11350224912166595
0.11350224912166595
0.11325114965438843
0.16719071567058563
0.17768514156341553
0.18302462995052338
0.6483801603317261
1.8008028268814087
3.450309991836548
3.433877944946289
2.186685800552368
1.1308526992797852
0.04279085248708725
0.19634383916854858
0.18680241703987122
0.17012770473957062
0.18921422958374023
0.193923220038414
0.16881713271141052
0.14273792505264282
0.1220526397228241
0.11091270297765732
0.11350224912166595
0.11350224912166595
0.11350224912166595
0.11350224912166595
0.11350224912166595
0.11350224912166595
0.11350224912166595
0.11350224912166595
0.12320360541343689
0.1523878425359726
0.15373021364212036
0.15920445322990417
1.0522880554199219
2.2459592819213867
3.4198222160339355
3.3472819328308105
2.222460985183716
1.154266595840454
0.03877609968185425
0.17694246768951416
0.17966018617153168
0.17109569907188416
0.18040403723716736
0.18922151625156403
0.17164471745491028
0.14592066407203674
0.1375262290239334
0.11863896250724792
0.11350224912166595
0.11350224912166595
0.11350224912166595
0.11350224912166595
0.11350224912166595
0.11350224912166595
0.11350224912166595
0.11350224912166595
0.1246911808848381
0.1549493670463562
0.1631767302751541
0.17098480463027954
1.0087246894836426
2.4599313735961914
3.616330623626709
3.2098774909973145
2.345623254776001
1.1326022148132324
0.015905991196632385
0.13144469261169434
0.13711309432983398
0.14076782763004303
0.14978009462356567
0.1436200588941574
0.13977551460266113
0.12202564626932144
0.11913569271564484
0.11282533407211304
0.11350224912166595
0.11350224912166595
0.11350224912166595
0.11350224912166595
0.11350224912166595
0.11350224912166595
0.11350224912166595
0.11350224912166595
0.14143401384353638
0.1424936205148697
0.14345194399356842
0.16229817271232605
0.6119682788848877
1.9965729713439941
3.3856184482574463
2.9721527099609375
2.4797542095184326
1.3142870664596558
0.19517594575881958
0.12741126120090485
0.13395874202251434
0.14243729412555695
0.1356363296508789
0.139328733086586
0.13436424732208252
0.12690579891204834
0.1192842423915863
0.11671899259090424
0.11350224912166595
0.11350224912166595
0.11350224912166595
0.11350224912166595
0.11350224912166595
0.11350224912166595
0.11350224912166595
0.11350224912166595
0.12815961241722107
0.14359250664710999
0.14017891883850098
0.15601834654808044
0.18901284039020538
1.5231438875198364
2.901479482650757
2.3775808811187744
1.8159793615341187
1.1222457885742188
0.2581046223640442
0.11151543259620667
0.11350224912166595
0.11350224912166595
0.11350224912166595
0.11350224912166595
0.11350224912166595
0.11350224912166595
0.11350224912166595
0.11350224912166595
0.11350224912166595
0.11350224912166595
0.11350224912166595
0.11350224912166595
0.11350224912166595
0.11350224912166595
0.11350224912166595
0.11350224912166595
0.13720129430294037
0.14551623165607452
0.15904679894447327
0.18925628066062927
0.20634005963802338
1.0690650939941406
2.1114368438720703
1.8337442874908447
1.18328857421875
0.7008470892906189
0.26499247550964355
0.11347607523202896
0.11350224912166595
0.11350224912166595
0.11350224912166595
0.11350224912166595
0.11350224912166595
0.11350224912166595
0.11350224912166595
0.11350224912166595
0.11350224912166595
0.11350224912166595
8.272726518043783e-06
8.272726518043783e-06
8.272726518043783e-06
8.272726518043783e-06
8.272726518043783e-06
8.272726518043783e-06
0.0
0.0
0.0
0.0
0.0
0.0
0.0
0.0
0.0
0.0
0.0
0.0
0.0
0.0
0.0
0.0
0.0010600106325000525
0.0
0.0
0.0014525820733979344
8.272726518043783e-06
8.272726518043783e-06
8.272726518043783e-06
8.272726518043783e-06
8.272726518043783e-06
8.272726518043783e-06
8.272726518043783e-06
8.272726518043783e-06
0.0
0.0
0.0
0.0
0.0
0.0
0.0
0.0
0.0
0.0
0.0
0.0
0.0
0.0
0.0012555269058793783
0.0
0.00766362901777029
0.0
0.009566131047904491
0.0
8.272726518043783e-06
8.272726518043783e-06
8.272726518043783e-06
8.272726518043783e-06
8.272726518043783e-06
8.272726518043783e-06
8.272726518043783e-06
8.272726518043783e-06
0.0
0.0
0.0
0.0
0.005666407290846109
0.0
0.0
0.0
0.0
0.0
0.0
0.0
0.0
0.0
0.0
0.0
0.001291732070967555
0.0
0.0045011406764388084
0.0
8.272726518043783e-06
8.272726518043783e-06
8.272726518043783e-06
8.272726518043783e-06
8.272726518043783e-06
8.272726518043783e-06
8.272726518043783e-06
8.272726518043783e-06
0.0
0.0
0.0
0.0
0.0
0.0
0.010860043577849865
0.0
0.0
0.0
0.0
0.0
0.0
0.012939627282321453
0.0
0.0
0.0
0.0
0.0
0.0012180355843156576
8.272726518043783e-06
8.272726518043783e-06
8.272726518043783e-06
8.272726518043783e-06
8.272726518043783e-06
8.272726518043783e-06
8.272726518043783e-06
8.272726518043783e-06
0.0
0.0
0.0
0.0
0.0
0.0030995646957308054
0.0
0.0
0.0021190622355788946
0.0
0.0
0.0
0.0
0.0
0.0
0.008288593031466007
0.0
0.007039743475615978
0.0
0.0037746077869087458
8.272726518043783e-06
8.272726518043783e-06
8.272726518043783e-06
8.272726518043783e-06
8.272726518043783e-06
8.272726518043783e-06
8.272726518043783e-06
8.272726518043783e-06
0.0
0.0
0.0
0.0
0.0
0.0
0.0
0.0
0.0
0.0
0.0
0.006991114001721144
0.09655725210905075
0.013420204631984234
0.09339752048254013
0.0
0.0
0.0
0.008480886928737164
0.0
8.272726518043783e-06
8.272726518043783e-06
8.272726518043783e-06
8.272726518043783e-06
8.272726518043783e-06
8.272726518043783e-06
8.272726518043783e-06
8.272726518043783e-06
0.0
0.0
0.0
0.0
0.0
0.0
0.0
0.0
0.0
0.0
0.0
0.0
0.0
0.032637808471918106
0.0
0.0
0.003766904352232814
0.0
0.006573398597538471
0.0
8.272726518043783e-06
8.272726518043783e-06
8.272726518043783e-06
8.272726518043783e-06
8.272726518043783e-06
8.272726518043783e-06
8.272726518043783e-06
8.272726518043783e-06
0.0
0.0
0.0
0.0
0.0
0.0
0.0
0.0
0.0
0.0
0.0
0.0
0.0
0.03943485766649246
0.0
0.0
0.0
0.0
0.0
0.0018151677213609219
8.272726518043783e-06
8.272726518043783e-06
8.272726518043783e-06
8.272726518043783e-06
8.272726518043783e-06
8.272726518043783e-06
8.272726518043783e-06
8.272726518043783e-06
0.0
0.0
0.0
0.0
0.0
0.0
0.0
0.0
0.0
0.0
0.0
0.0
0.0
0.16326214373111725
0.0
0.0
0.0
0.004762062802910805
0.0
0.004823417868465185
8.272726518043783e-06
8.272726518043783e-06
8.272726518043783e-06
8.272726518043783e-06
8.272726518043783e-06
8.272726518043783e-06
8.272726518043783e-06
8.272726518043783e-06
0.0
0.0
0.0
0.0
0.0
0.0
0.0
0.0
0.0
0.0
0.0
0.0
0.0
0.014334711246192455
0.0
0.002558868145570159
0.0
0.0
0.005494219250977039
0.0
8.272726518043783e-06
8.272726518043783e-06
8.272726518043783e-06
8.272726518043783e-06
8.272726518043783e-06
8.272726518043783e-06
8.272726518043783e-06
8.272726518043783e-06
0.11993382126092911
0.0
0.0
0.0
0.0
0.0
0.0
0.0
0.0
0.0
0.0
0.0
0.0
0.0
0.0
0.0
0.0
0.0
0.016709815710783005
0.0
8.272726518043783e-06
8.272726518043783e-06
8.272726518043783e-06
8.272726518043783e-06
8.272726518043783e-06
8.272726518043783e-06
8.272726518043783e-06
8.272726518043783e-06
0.18315058946609497
0.10021049529314041
0.07152824103832245
0.0
0.0
0.0
0.0
0.0
0.0
0.0
0.0
0.0
0.0
0.0
0.0
0.0
0.0
0.0012371090706437826
0.0
0.002266891533508897
8.272726518043783e-06
8.272726518043783e-06
8.272726518043783e-06
8.272726518043783e-06
8.272726518043783e-06
8.272726518043783e-06
8.272726518043783e-06
8.272726518043783e-06
0.0
0.1817529797554016
0.08036340773105621
0.0
0.0
0.0
0.027341734617948532
0.0
0.0
0.0
0.0
0.0
0.06330618262290955
0.0
0.0
0.0
0.0
0.02247193455696106
0.0
0.0
8.272726518043783e-06
8.272726518043783e-06
8.272726518043783e-06
8.272726518043783e-06
8.272726518043783e-06
8.272726518043783e-06
8.272726518043783e-06
8.272726518043783e-06
0.0
0.0
0.0
0.0
0.0
0.07187024503946304
0.0
0.0
0.0
0.0
0.0
0.0
0.0
0.0
0.0
0.0
0.0
0.010331925936043262
0.0
0.002288622548803687
8.272726518043783e-06
8.272726518043783e-06
8.272726518043783e-06
8.272726518043783e-06
8.272726518043783e-06
8.272726518043783e-06
8.272726518043783e-06
8.272726518043783e-06
0.003814967582002282
0.0
0.0
0.0
0.0
0.0
0.0
0.0
0.0
0.0
0.0
0.0
0.0
0.0
0.04180381819605827
0.09537643939256668
0.0
0.0
0.0
0.0
8.272726518043783e-06
8.272726518043783e-06
8.272726518043783e-06
8.272726518043783e-06
8.272726518043783e-06
8.272726518043783e-06
8.272726518043783e-06
8.272726518043783e-06
0.0
0.0
0.0
0.0
0.0
0.0
0.0
0.0
0.0
0.0
0.0
0.0
0.0
0.0
0.0
0.0
0.0
0.0
0.005290492903441191
0.0
8.272726518043783e-06
8.272726518043783e-06
8.272726518043783e-06
8.272726518043783e-06
8.272726518043783e-06
8.272726518043783e-06
8.272726518043783e-06
8.272726518043783e-06
0.0
0.0
0.0
0.0
0.0
0.0
0.0
0.0
0.0
0.0
0.0
0.0
0.0
0.0
0.0
0.0
0.0
0.0
0.0
0.0026044503320008516
8.272726518043783e-06
8.272726518043783e-06
8.272726518043783e-06
8.272726518043783e-06
8.272726518043783e-06
8.272726518043783e-06
8.272726518043783e-06
8.272726518043783e-06
0.0
0.11638644337654114
0.08765704929828644
0.0
0.0
0.0
0.0
0.0
0.0
0.0
0.0
0.0
0.0
0.0
0.12822109460830688
0.0313887819647789
0.0
0.0
0.0
0.0
8.272726518043783e-06
8.272726518043783e-06
8.272726518043783e-06
8.272726518043783e-06
8.272726518043783e-06
8.272726518043783e-06
8.272726518043783e-06
8.272726518043783e-06
0.0
0.17743639647960663
0.14632965624332428
0.1556934416294098
0.0
0.0
0.0
0.0
0.0
0.0
0.18956886231899261
0.0
0.0
0.0
0.0
0.0
0.0
0.0
0.006213202141225338
0.0
8.272726518043783e-06
8.272726518043783e-06
8.272726518043783e-06
8.272726518043783e-06
8.272726518043783e-06
8.272726518043783e-06
8.272726518043783e-06
8.272726518043783e-06
0.0038856323808431625
0.0
0.0
0.0
0.0
0.0
0.0
0.0
0.0
0.0
0.0
0.0
0.0
0.0
0.0
0.0
0.005155553109943867
0.0
0.006918795872479677
0.0014343776274472475
8.272726518043783e-06
8.272726518043783e-06
8.272726518043783e-06
8.272726518043783e-06
8.272726518043783e-06
8.272726518043783e-06
8.272726518043783e-06
8.272726518043783e-06
0.0
0.0
0.007472465746104717
0.0
0.0
0.0
0.0
0.0
0.0
0.0
0.0
0.0
0.0
0.0
0.0
0.0
0.0
0.0
0.0
0.0
8.272726518043783e-06
8.272726518043783e-06
8.272726518043783e-06
8.272726518043783e-06
8.272726518043783e-06
8.272726518043783e-06
8.272726518043783e-06
8.272726518043783e-06
0.0
0.0
0.0
0.0
0.0
0.0
0.0
0.0
0.0
0.0
0.0
0.0
0.0
0.0
0.0
0.0
0.0
0.007821617648005486
0.0
0.0
8.272726518043783e-06
8.272726518043783e-06
8.272726518043783e-06
8.272726518043783e-06
8.272726518043783e-06
8.272726518043783e-06
8.272726518043783e-06
8.272726518043783e-06
0.0
0.0
0.0
0.0
0.0
0.0
0.0
0.0
0.0
0.0
0.0
0.0
0.0
0.0
0.0
0.0
0.0
0.0
0.005993179976940155
0.0
8.272726518043783e-06
8.272726518043783e-06
8.272726518043783e-06
8.272726518043783e-06
8.272726518043783e-06
8.272726518043783e-06
8.272726518043783e-06
8.272726518043783e-06
0.0
0.0
0.0
0.0
0.0
0.0
0.0
0.0
0.0
0.0
0.0
0.0
0.003212766023352742
0.0
0.0
0.0
0.0006897765561006963
0.0
0.0
0.0
8.272726518043783e-06
8.272726518043783e-06
8.272726518043783e-06
8.272726518043783e-06
8.272726518043783e-06
8.272726518043783e-06
8.272726518043783e-06
8.272726518043783e-06
0.0
0.002325676381587982
0.0
0.004268163815140724
0.08256769925355911
0.0
0.0
0.0
0.0
0.0
0.0
0.0
0.00558822974562645
0.0
0.001999032450839877
0.0
0.0016534569440409541
0.0
0.001588987186551094
0.0007611456676386297
8.272726518043783e-06
8.272726518043783e-06
8.272726518043783e-06
8.272726518043783e-06
8.272726518043783e-06
8.272726518043783e-06
8.272726518043783e-06
8.272726518043783e-06
0.0
0.0
0.0
0.0
0.1702948361635208
0.0
0.0
0.0
0.0
0.0
0.0
0.006891725584864616
0.0
0.003826231462880969
0.0
0.0015786468284204602
0.0
0.0
0.0
0.0
8.272726518043783e-06
8.272726518043783e-06
8.272726518043783e-06
8.272726518043783e-06
8.272726518043783e-06
8.272726518043783e-06
8.272726518043783e-06
8.272726518043783e-06
0.0
0.0
0.0
0.0
0.0
0.0
0.0
0.0
0.0
0.0
0.0
0.0
8.272726518043783e-06
8.272726518043783e-06
8.272726518043783e-06
8.272726518043783e-06
8.272726518043783e-06
8.272726518043783e-06
8.272726518043783e-06
8.272726518043783e-06
8.272726518043783e-06
8.272726518043783e-06
8.272726518043783e-06
8.272726518043783e-06
8.272726518043783e-06
8.272726518043783e-06
8.272726518043783e-06
8.272726518043783e-06
0.004501252435147762
0.0
0.0005203859764151275
0.0
0.0
0.11096969991922379
0.08601735532283783
0.0
0.0
0.0
0.0007588777225464582
0.0
8.272726518043783e-06
8.272726518043783e-06
8.272726518043783e-06
8.272726518043783e-06
8.272726518043783e-06
8.272726518043783e-06
8.272726518043783e-06
8.272726518043783e-06
8.272726518043783e-06
8.272726518043783e-06
