2.7807750701904297
0.0
0.0
0.0
2.7901461124420166
0.0
6.452877044677734
3.04103946685791
7.215561866760254
0.0
2.6813955307006836
0.0
4.588240623474121
5.552187919616699
3.366981029510498
1.5404390096664429
4.676731109619141
0.611992359161377
0.0
0.0
3.453382730484009
0.0
0.0
4.444594383239746
2.6730713844299316
4.445883274078369
0.0
0.6064586043357849
0.0
0.0
5.535823822021484
0.0
3.219958782196045
0.6770696043968201
1.259317398071289
1.4221539497375488
2.7681684494018555
4.526813983917236
1.3302069902420044
1.9926522970199585
0.0
0.0
2.92716908454895
0.0
4.0780720710754395
0.0
0.0
2.277951955795288
3.6766693592071533
3.3189327716827393
0.8504238724708557
2.175009250640869
4.478419780731201
2.069315195083618
4.038225173950195
0.848384439945221
0.0
2.5472044944763184
0.0
0.6380612850189209
5.2684831619262695
3.7491421699523926
3.200314998626709
5.696720123291016
3.4279961585998535
4.70386266708374
4.3719611167907715
0.0
4.564119815826416
0.0
0.0
0.9030515551567078
6.168613910675049
3.248196601867676
6.289150238037109
0.0
0.0
2.978323221206665
3.384370803833008
0.0
2.278512954711914
0.04851203039288521
3.3176889419555664
1.289047122001648
0.0
5.116772174835205
0.0
4.749556541442871
1.3680986166000366
4.860833168029785
12.592621803283691
4.960809230804443
0.45647019147872925
0.0
2.7775769233703613
6.299252033233643
0.0
2.082909107208252
0.822491466999054
0.8319178819656372
0.9516951441764832
1.841405987739563
0.0
0.5293682813644409
0.0
0.4875148832798004
0.541252851486206
0.0
2.3771779537200928
0.0
0.0
0.0
0.0
1.8190581798553467
2.4384684562683105
0.2103741466999054
0.0
0.0
0.0
3.1711485385894775
