0.0445622019469738
0.0445622019469738
0.0445622019469738
0.04533701390028
0.0380963534116745
0.03516446799039841
0.03437679260969162
0.03504291549324989
0.03439340367913246
0.036778524518013
0.03464936465024948
0.03551151975989342
0.03884951397776604
0.0445622019469738
0.0445622019469738
0.0445622019469738
0.0445622019469738
0.0465921089053154
0.0512896366417408
0.045660216361284256
0.05670468509197235
0.0666365996003151
0.056090451776981354
0.04860745370388031
0.050951436161994934
0.04586388170719147
0.04832921922206879
0.0445622019469738
0.0445622019469738
0.0445622019469738
0.0445622019469738
0.06949125230312347
0.07263897359371185
0.021264631301164627
0.0
0.0
0.0
0.01917693391442299
0.06273436546325684
0.06317812949419022
0.05237667262554169
0.0445622019469738
0.0445622019469738
0.0445622019469738
0.0445622019469738
0.06913107633590698
0.03910618647933006
0.0
0.0
0.0
0.0
0.0
0.030193712562322617
0.05140902101993561
0.048393525183200836
0.0445622019469738
0.0445622019469738
0.0445622019469738
0.0445622019469738
0.11081969738006592
0.22320081293582916
0.5570366382598877
1.0602349042892456
1.1485751867294312
0.6232728958129883
0.08156120032072067
0.025408703833818436
0.0408942773938179
0.04157459735870361
0.0445622019469738
0.0445622019469738
0.0445622019469738
0.0445622019469738
0.18161389231681824
0.4439510703086853
0.5577454566955566
0.5643206238746643
0.855596125125885
0.972710907459259
0.5772414207458496
0.11730550229549408
0.05048147588968277
0.04029642045497894
0.0445622019469738
0.0445622019469738
0.0445622019469738
0.0445622019469738
0.2642359137535095
0.5564686059951782
0.3690834939479828
0.019003938883543015
0.03910503163933754
0.36840108036994934
0.422220915555954
0.06522560119628906
0.05892104655504227
0.0505092591047287
0.0445622019469738
0.0445622019469738
0.0445622019469738
0.0445622019469738
0.26593559980392456
0.6851239204406738
0.6543643474578857
0.08922892808914185
0.04787798225879669
0.17378008365631104
0.20912495255470276
0.041470710188150406
0.06592345982789993
0.05192028731107712
0.0445622019469738
0.0445622019469738
0.0445622019469738
0.0445622019469738
0.2130882740020752
0.6228702664375305
1.1539579629898071
1.1978039741516113
1.207817792892456
0.9417346715927124
0.4051458239555359
0.04226019233465195
0.04925341159105301
0.044833309948444366
0.0445622019469738
0.0445622019469738
0.0445622019469738
0.0445622019469738
0.04836559295654297
0.18412566184997559
0.4273354411125183
0.6445674300193787
0.7388623356819153
0.7449056506156921
0.4105733036994934
0.04404556751251221
0.04578715190291405
0.04393808916211128
0.0445622019469738
0.0445622019469738
0.0445622019469738
0.0445622019469738
0.04752601310610771
0.05740838497877121
0.06492346525192261
0.0562308169901371
0.2878929078578949
0.5411646366119385
0.3604747951030731
0.024328257888555527
0.051685500890016556
0.046368397772312164
0.0445622019469738
0.0445622019469738
0.0445622019469738
0.0445622019469738
0.050356682389974594
0.05441976338624954
0.057783521711826324
0.05642964690923691
0.2748467028141022
0.5868793725967407
0.35109543800354004
0.016330663114786148
0.04620546102523804
0.047379571944475174
0.0445622019469738
0.0445622019469738
0.0445622019469738
0.0445622019469738
0.04612958803772926
0.05356608331203461
0.05858989432454109
0.05359398201107979
0.2732677757740021
0.726714015007019
0.8787583112716675
0.37055549025535583
0.058492496609687805
0.04406949132680893
0.0445622019469738
0.0445622019469738
0.0445622019469738
0.0445622019469738
0.0445622019469738
0.0445622019469738
0.0445622019469738
0.0445622019469738
0.20759031176567078
0.6267937421798706
0.9206624031066895
0.5065714120864868
0.05435487627983093
0.04565875977277756
0.0445622019469738
0.04158547520637512
0.04158547520637512
0.04158547520637512
0.07390058040618896
0.12383349984884262
0.1335403025150299
0.14695926010608673
0.1400207281112671
0.12282966077327728
0.1156044602394104
0.12142495810985565
0.0939456969499588
0.05432739108800888
0.04158547520637512
0.04158547520637512
0.04158547520637512
0.04158547520637512
0.1102408766746521
0.18471509218215942
0.16772949695587158
0.16117817163467407
0.17025582492351532
0.144358828663826
0.16041085124015808
0.17312251031398773
0.12364155054092407
0.05632651597261429
0.04158547520637512
0.04158547520637512
0.04158547520637512
0.04158547520637512
0.14940325915813446
0.8291832804679871
1.4929726123809814
1.6377875804901123
1.4902873039245605
0.7719230651855469
0.22405081987380981
0.15865293145179749
0.08846411854028702
0.046392906457185745
0.04158547520637512
0.04158547520637512
0.04158547520637512
0.04158547520637512
0.5719797611236572
2.9640512466430664
4.637813568115234
4.830134868621826
4.8048601150512695
3.1392416954040527
0.976664662361145
0.12314628809690475
0.06909852474927902
0.04500008374452591
0.04158547520637512
0.04158547520637512
0.04158547520637512
0.04158547520637512
1.6936511993408203
4.558084487915039
4.167327404022217
3.2275400161743164
4.637924671173096
4.745742321014404
1.765091061592102
0.2329278290271759
0.09300465881824493
0.04674153029918671
0.04158547520637512
0.04158547520637512
0.04158547520637512
0.04158547520637512
2.481234550476074
4.847135066986084
2.3872766494750977
0.6495368480682373
2.6410436630249023
4.019600868225098
1.6300785541534424
0.18033185601234436
0.13189825415611267
0.05557870864868164
0.04158547520637512
0.04158547520637512
0.04158547520637512
0.04158547520637512
2.4658265113830566
5.1658101081848145
3.5031657218933105
1.834681749343872
2.816208600997925
3.800534248352051
1.5795514583587646
0.17513087391853333
0.11730808019638062
0.04853011295199394
0.04158547520637512
0.04158547520637512
0.04158547520637512
0.04158547520637512
1.536802053451538
4.366816997528076
5.059925556182861
4.703758716583252
5.338143825531006
5.191470146179199
1.9721781015396118
0.17373886704444885
0.08207714557647705
0.046403463929891586
0.04158547520637512
0.04158547520637512
0.04158547520637512
0.04158547520637512
0.35330909490585327
1.8870489597320557
2.833913803100586
2.9105074405670166
4.157929420471191
4.967545986175537
2.0464367866516113
0.13780902326107025
0.07815088331699371
0.04546671360731125
0.04158547520637512
0.04158547520637512
0.04158547520637512
0.04158547520637512
0.09123653173446655
0.288216233253479
0.45920658111572266
0.40189146995544434
2.7853708267211914
4.881191253662109
2.0783019065856934
0.16539432108402252
0.09054781496524811
0.042666833847761154
0.04158547520637512
0.04158547520637512
0.04158547520637512
0.04158547520637512
0.08539493381977081
0.13092999160289764
0.12293335795402527
0.11973400413990021
2.628145217895508
5.0985188484191895
2.4833567142486572
0.3457399606704712
0.09427821636199951
0.04330290108919144
0.04158547520637512
0.04158547520637512
0.04158547520637512
0.04158547520637512
0.06117548048496246
0.10536264628171921
0.09408825635910034
0.08590938150882721
2.4758739471435547
5.418622970581055
3.409857749938965
0.6804699897766113
0.08544258028268814
0.044910140335559845
0.04158547520637512
0.04158547520637512
0.04158547520637512
0.04158547520637512
0.04807841032743454
0.05809076502919197
0.052792277187108994
0.04692627489566803
1.5242550373077393
3.9521727561950684
2.811467170715332
0.52887362241745
0.08165951818227768
0.04421975463628769
0.04158547520637512
0.04158547520637512
0.04158547520637512
0.04158547520637512
0.04158547520637512
0.04158547520637512
0.04158547520637512
0.04158547520637512
0.3374013602733612
1.108288049697876
0.7975937724113464
0.1029280498623848
0.06529891490936279
0.04247904568910599
0.04158547520637512
0.034071311354637146
0.034071311354637146
0.034071311354637146
0.041220396757125854
0.09680338948965073
0.15334779024124146
0.1482761949300766
0.15380579233169556
0.13575632870197296
0.12528091669082642
0.12540337443351746
0.1203031837940216
0.0813835859298706
0.034071311354637146
0.034071311354637146
0.034071311354637146
0.034071311354637146
0.06803423166275024
0.16569438576698303
0.22092518210411072
0.19383865594863892
0.20635071396827698
0.1827561855316162
0.16823405027389526
0.1964407116174698
0.18216940760612488
0.09744063019752502
0.034071311354637146
0.034071311354637146
0.034071311354637146
0.034071311354637146
0.053634628653526306
0.22267182171344757
1.228724479675293
1.9354419708251953
1.9432990550994873
1.6295442581176758
0.6923011541366577
0.21226730942726135
0.14701668918132782
0.07473336160182953
0.034071311354637146
0.034071311354637146
0.034071311354637146
0.034071311354637146
0.11009352654218674
1.8552782535552979
4.959805011749268
5.8006391525268555
5.5631890296936035
4.819398403167725
2.6067376136779785
0.44173118472099304
0.10867340862751007
0.058012597262859344
0.034071311354637146
0.034071311354637146
0.034071311354637146
0.034071311354637146
0.7064437866210938
3.9930477142333984
6.584805011749268
5.0567827224731445
5.242727756500244
6.262507438659668
4.527709484100342
0.9275829792022705
0.1338818371295929
0.0714808851480484
0.034071311354637146
0.034071311354637146
0.034071311354637146
0.034071311354637146
1.31221604347229
4.735114097595215
5.416707992553711
1.933966875076294
2.3099637031555176
4.700150012969971
4.1747002601623535
0.9335311055183411
0.20787598192691803
0.09874357283115387
0.034071311354637146
0.034071311354637146
0.034071311354637146
0.034071311354637146
1.4009881019592285
4.8260650634765625
5.844935894012451
3.054248809814453
2.673158645629883
4.613048076629639
4.03507137298584
0.8891679644584656
0.18528300523757935
0.08870507031679153
0.034071311354637146
0.034071311354637146
0.034071311354637146
0.034071311354637146
1.1201688051223755
3.896341323852539
6.344811916351318
6.164949893951416
6.014753818511963
6.609797954559326
4.838517189025879
1.0424754619598389
0.11796671152114868
0.06411489844322205
0.034071311354637146
0.034071311354637146
0.034071311354637146
0.034071311354637146
0.2553768754005432
1.8256008625030518
3.65932559967041
4.415295600891113
4.766390323638916
6.233342170715332
5.1803083419799805
1.0849217176437378
0.11291904002428055
0.061749737709760666
0.034071311354637146
0.034071311354637146
0.034071311354637146
0.034071311354637146
0.06077162176370621
0.2541772723197937
0.6290610432624817
0.7406771779060364
1.98360013961792
5.14475154876709
5.2213897705078125
1.1414716243743896
0.12499784678220749
0.06035621464252472
0.034071311354637146
0.034071311354637146
0.034071311354637146
0.034071311354637146
0.06089203059673309
0.11836615204811096
0.16359832882881165
0.13717740774154663
1.497360110282898
4.947394847869873
5.523972511291504
1.7609753608703613
0.17026513814926147
0.05646948516368866
0.034071311354637146
0.034071311354637146
0.034071311354637146
0.034071311354637146
0.0475974977016449
0.09758640080690384
0.1155189722776413
0.1016601026058197
1.4459483623504639
5.0286784172058105
6.268485069274902
2.6981496810913086
0.1575457602739334
0.054778244346380234
0.034071311354637146
0.034071311354637146
0.034071311354637146
0.034071311354637146
0.038613736629486084
0.054512642323970795
0.06150270253419876
0.04686723276972771
1.12028169631958
3.847851037979126
4.908736705780029
2.2208964824676514
0.14850518107414246
0.05499424785375595
0.034071311354637146
0.034071311354637146
0.034071311354637146
0.034071311354637146
0.034071311354637146
0.034071311354637146
0.034071311354637146
0.034071311354637146
0.25570744276046753
1.2516939640045166
1.708266019821167
0.7650444507598877
0.11680049449205399
0.04755091294646263
0.034071311354637146
0.03415152058005333
0.03415152058005333
0.03415152058005333
0.044603846967220306
0.038416940718889236
0.03410697728395462
0.0306093730032444
0.03635293245315552
0.030519474297761917
0.0349370539188385
0.03846823424100876
0.025973005220294
0.029539741575717926
0.03415152058005333
0.03415152058005333
0.03415152058005333
0.03415152058005333
0.04725610464811325
0.02857925184071064
0.03310570865869522
0.028193950653076172
0.034555889666080475
0.029342394322156906
0.04149745777249336
0.02925446629524231
0.02091943472623825
0.03330208733677864
0.03415152058005333
0.03415152058005333
0.03415152058005333
0.03415152058005333
0.07842892408370972
0.3043559193611145
0.18295520544052124
0.05602053925395012
0.034086525440216064
0.0
0.003970383200794458
0.0219615176320076
0.03207537531852722
0.038408778607845306
0.03415152058005333
0.03415152058005333
0.03415152058005333
0.03415152058005333
0.27011364698410034
0.3893367350101471
0.049971144646406174
0.10530023276805878
0.1949971318244934
0.04169401898980141
0.0
0.019002467393875122
0.027333784848451614
0.032752275466918945
0.03415152058005333
0.03415152058005333
0.03415152058005333
0.03415152058005333
0.46300849318504333
0.0679631382226944
0.0
0.05084293708205223
0.2392304539680481
0.1755589246749878
0.0
0.014708805829286575
0.027676589787006378
0.031711917370557785
0.03415152058005333
0.03415152058005333
0.03415152058005333
0.03415152058005333
0.35931482911109924
0.026242773979902267
0.024974513798952103
0.0
0.05011307820677757
0.0
0.06468553096055984
0.05055589973926544
0.021635880693793297
0.02917291410267353
0.03415152058005333
0.03415152058005333
0.03415152058005333
0.03415152058005333
0.2769487798213959
0.052432890981435776
0.08167813718318939
0.05676683783531189
0.10130281746387482
0.0
0.015784097835421562
0.02082163095474243
0.03433748707175255
0.03696788474917412
0.03415152058005333
0.03415152058005333
0.03415152058005333
0.03415152058005333
0.05422435328364372
0.021064843982458115
0.23046031594276428
0.16157266497612
0.10765963792800903
0.038185443729162216
0.0
0.010911927558481693
0.027827713638544083
0.03454182296991348
0.03415152058005333
0.03415152058005333
0.03415152058005333
0.03415152058005333
0.025048036128282547
0.0
0.0
0.00032431166619062424
0.3186454772949219
0.1187533289194107
0.0
0.017262116074562073
0.0274440236389637
0.032977521419525146
0.03415152058005333
0.03415152058005333
0.03415152058005333
0.03415152058005333
0.04353300482034683
0.01642782613635063
0.0153290294110775
0.01703627035021782
0.20712900161743164
0.003950833342969418
0.0
0.008601924404501915
0.03111177682876587
0.034583427011966705
0.03415152058005333
0.03415152058005333
0.03415152058005333
0.03415152058005333
0.03560538589954376
0.03428148105740547
0.027004797011613846
0.035515058785676956
0.30304229259490967
0.0007559536024928093
0.022665945813059807
0.0
0.024931859225034714
0.03240722417831421
0.03415152058005333
0.03415152058005333
0.03415152058005333
0.03415152058005333
0.03401358425617218
0.02524101920425892
0.035901956260204315
0.032155878841876984
0.2730654776096344
0.03394686058163643
0.0
0.0
0.03513608127832413
0.034009791910648346
0.03415152058005333
0.03415152058005333
0.03415152058005333
0.03415152058005333
0.03367152810096741
0.028750495985150337
0.034422338008880615
0.03429340943694115
0.051437728106975555
0.0
0.034025732427835464
0.14272579550743103
0.025885920971632004
0.034244365990161896
0.03415152058005333
0.03415152058005333
0.03415152058005333
0.03415152058005333
0.03415152058005333
0.03415152058005333
0.03415152058005333
0.03415152058005333
0.01901978999376297
0.0
0.07527536153793335
0.13387277722358704
0.03860451281070709
0.03549601137638092
0.03415152058005333
0.11350224912166595
0.11350224912166595
0.11350224912166595
0.12274295091629028
0.1464904099702835
0.15427197515964508
0.15836529433727264
0.15873828530311584
0.1485610157251358
0.13975758850574493
0.15063583850860596
0.13204017281532288
0.1157708689570427
0.11350224912166595
0.11350224912166595
0.11350224912166595
0.11350224912166595
0.1550295054912567
0.21643486618995667
0.20539192855358124
0.21094433963298798
0.22097298502922058
0.19201454520225525
0.19012203812599182
0.20286956429481506
0.1668744683265686
0.1263851821422577
0.11350224912166595
0.11350224912166595
0.11350224912166595
0.11350224912166595
0.1523146778345108
0.26519185304641724
0.4126800298690796
0.2994396388530731
0.3163532614707947
0.1826300024986267
0.09128332883119583
0.22069481015205383
0.1653628945350647
0.12381209433078766
0.11350224912166595
0.11350224912166595
0.11350224912166595
0.11350224912166595
0.23132190108299255
1.549588918685913
2.50506591796875
2.5723042488098145
2.4588310718536377
1.3961236476898193
0.27415645122528076
0.08565874397754669
0.1335466057062149
0.11816228181123734
0.11350224912166595
0.11350224912166595
0.11350224912166595
0.11350224912166595
0.9100432991981506
3.567655563354492
4.1131696701049805
3.954251289367676
4.419625759124756
3.6164166927337646
1.103259563446045
0.08891019225120544
0.14307618141174316
0.11272261291742325
0.11350224912166595
0.11350224912166595
0.11350224912166595
0.11350224912166595
1.9383587837219238
3.8462133407592773
2.1886496543884277
1.1744993925094604
3.1808695793151855
4.005110740661621
1.609948754310608
0.21539026498794556
0.1712968796491623
0.11590802669525146
0.11350224912166595
0.11350224912166595
0.11350224912166595
0.11350224912166595
2.1560990810394287
3.9900617599487305
2.0480995178222656
0.4787440299987793
1.6310838460922241
2.8144378662109375
1.2998037338256836
0.17905829846858978
0.18164366483688354
0.12393635511398315
0.11350224912166595
0.11350224912166595
0.11350224912166595
0.11350224912166595
1.9376287460327148
3.9202494621276855
3.876193046569824
2.815843343734741
3.3004066944122314
3.4886281490325928
1.3072363138198853
0.10232039541006088
0.1585504412651062
0.12239242345094681
0.11350224912166595
0.11350224912166595
0.11350224912166595
0.11350224912166595
0.7020446062088013
2.7180004119873047
3.8091092109680176
3.941354990005493
4.294113636016846
4.389029502868652
1.629440426826477
0.09746214747428894
0.14026455581188202
0.11394266784191132
0.11350224912166595
0.11350224912166595
0.11350224912166595
0.11350224912166595
0.15076574683189392
0.5705286860466003
0.9509567618370056
1.099560260772705
2.7758586406707764
4.124035835266113
1.6542916297912598
0.11545319855213165
0.14719238877296448
0.11214276403188705
0.11350224912166595
0.11350224912166595
0.11350224912166595
0.11350224912166595
0.1557541936635971
0.18796968460083008
0.19625911116600037
0.1713779866695404
2.237393379211426
3.94075345993042
1.8005434274673462
0.12002584338188171
0.14863833785057068
0.1150294691324234
0.11350224912166595
0.11350224912166595
0.11350224912166595
0.11350224912166595
0.13973402976989746
0.17876575887203217
0.1665148288011551
0.1676640808582306
2.1766910552978516
4.248926162719727
2.3860034942626953
0.4175446629524231
0.1491001546382904
0.11802252382040024
0.11350224912166595
0.11350224912166595
0.11350224912166595
0.11350224912166595
0.12298362702131271
0.14233051240444183
0.13899239897727966
0.128016859292984
1.9290544986724854
4.0176191329956055
2.892970561981201
0.7674769759178162
0.14792495965957642
0.11373353749513626
0.11350224912166595
0.11350224912166595
0.11350224912166595
0.11350224912166595
0.11350224912166595
0.11350224912166595
0.11350224912166595
0.11350224912166595
0.6979860663414001
2.0082054138183594
1.583936333656311
0.5383789539337158
0.13629630208015442
0.11411643028259277
0.11350224912166595
8.272726518043783e-06
8.272726518043783e-06
8.272726518043783e-06
0.0
0.0
0.0006700138910673559
0.0
0.0
0.0
0.0
0.0
0.002320610685274005
0.0010922575602307916
8.272726518043783e-06
8.272726518043783e-06
8.272726518043783e-06
8.272726518043783e-06
0.0
0.0
0.0020226670894771814
0.0008571742800995708
0.0
0.0028685980942100286
0.0
0.0
0.0
0.002447240985929966
8.272726518043783e-06
8.272726518043783e-06
8.272726518043783e-06
8.272726518043783e-06
0.001956717111170292
0.0
0.0
0.0
0.006593585480004549
0.03643643110990524
0.05591205507516861
0.0
0.0
0.0011511051561683416
8.272726518043783e-06
8.272726518043783e-06
8.272726518043783e-06
8.272726518043783e-06
0.0
0.0
0.0
0.0
0.0
0.0
0.0
0.026416007429361343
0.0
0.0014796075411140919
8.272726518043783e-06
8.272726518043783e-06
8.272726518043783e-06
8.272726518043783e-06
0.0
0.0
0.0
0.0
0.0
0.0
0.04757959768176079
0.0
0.0016434041317552328
0.0026251906529068947
8.272726518043783e-06
8.272726518043783e-06
8.272726518043783e-06
8.272726518043783e-06
0.0
0.0
0.027240362018346786
0.07396136969327927
0.0
0.0
0.0
0.0
0.00671995198354125
0.0007572732865810394
8.272726518043783e-06
8.272726518043783e-06
8.272726518043783e-06
8.272726518043783e-06
0.0
0.0
0.0
0.0
0.0
0.0
0.0
0.0
0.0
0.0011899936944246292
8.272726518043783e-06
8.272726518043783e-06
8.272726518043783e-06
8.272726518043783e-06
0.027490610256791115
0.0
0.0
0.0
0.0
0.0
0.05173632130026817
0.0002915022778324783
0.0
0.0005336322356015444
8.272726518043783e-06
8.272726518043783e-06
8.272726518043783e-06
8.272726518043783e-06
0.11337192356586456
0.03991250693798065
0.0
0.0
0.0
0.0
0.0
9.13501062314026e-05
0.0036912637297064066
0.0003455106052570045
8.272726518043783e-06
8.272726518043783e-06
8.272726518043783e-06
8.272726518043783e-06
0.0
0.08074207603931427
0.03604983165860176
0.00029438198544085026
0.0
0.0
0.0
0.0
0.0006078655715100467
0.0007778414292261004
8.272726518043783e-06
8.272726518043783e-06
8.272726518043783e-06
8.272726518043783e-06
0.0022506823297590017
0.0025404461193829775
0.0021940101869404316
0.0
0.0
0.0
0.0
0.020647147670388222
0.004134785383939743
0.000346498767612502
8.272726518043783e-06
8.272726518043783e-06
8.272726518043783e-06
8.272726518043783e-06
0.002807480748742819
0.0015341879334300756
0.0
0.0005536234239116311
0.0
0.0
0.0
0.034579113125801086
0.004331831354647875
0.0003673970350064337
8.272726518043783e-06
8.272726518043783e-06
8.272726518043783e-06
8.272726518043783e-06
0.0020258889999240637
0.0019325973698869348
0.0007464022492058575
0.002103915438055992
0.02977627143263817
0.0
0.0
0.0
0.0
0.0021301789674907923
8.272726518043783e-06
8.272726518043783e-06
8.272726518043783e-06
8.272726518043783e-06
8.272726518043783e-06
8.272726518043783e-06
8.272726518043783e-06
8.272726518043783e-06
0.11298318207263947
0.0961885005235672
0.0
0.0
0.002708753338083625
0.0004935037577524781
8.272726518043783e-06
