-1.8062118291854858
14.451013565063477
2.282036781311035
1.4508084058761597
3.971407651901245
2.832197904586792
-1.866432785987854
3.343143939971924
-0.5631569623947144
3.8372275829315186
-0.1908731758594513
1.7492561340332031
-0.010687790811061859
-0.011240722611546516
1.0505629777908325
-1.8420830965042114
2.0674850940704346
-2.9060468673706055
2.1360645294189453
3.2023909091949463
-2.4244561195373535
-2.0207905769348145
-1.892628788948059
-4.0955681800842285
-0.58161461353302
2.364565372467041
-3.0266575813293457
-2.78761887550354
-1.295310378074646
3.49119234085083
-3.5352976322174072
0.795717179775238
-0.8744440078735352
6.243347644805908
1.6564687490463257
0.5780535340309143
-1.8190428018569946
2.722986936569214
-1.0957266092300415
0.7928273677825928
-3.4191339015960693
-2.466716766357422
2.7069499492645264
2.2042298316955566
-0.7213410139083862
5.784193992614746
-0.11907811462879181
-1.2439807653427124
2.034943103790283
3.4302828311920166
2.9166016578674316
1.149585485458374
-1.1906102895736694
-2.8423469066619873
7.994299411773682
-4.359272003173828
-0.40211161971092224
0.11852620542049408
1.500711441040039
2.1996874809265137
6.5037641525268555
4.021754741668701
-2.803487539291382
1.9527848958969116
7.01293420791626
0.6924243569374084
7.174659729003906
0.8145986199378967
-0.4719316363334656
-3.379855155944824
-2.9154272079467773
3.4963533878326416
-4.151609420776367
2.9565916061401367
-1.201783299446106
-0.30637243390083313
4.657403469085693
28.966577529907227
-1.4832371473312378
-2.713510513305664
3.685997247695923
5.6620988845825195
-3.651106834411621
3.342538356781006
-1.765487790107727
6.496538162231445
-0.19932110607624054
4.4154205322265625
0.23476047813892365
2.59486985206604
-1.1596481800079346
5.869749546051025
-1.8497364521026611
2.1988320350646973
0.7430210709571838
-2.532299518585205
1.4574306011199951
3.5193710327148438
4.2817277908325195
3.1288793087005615
-1.5243216753005981
-0.19232484698295593
6.557506561279297
-0.4835544526576996
3.3343567848205566
-1.7664207220077515
-2.4767143726348877
9.173027992248535
4.711883544921875
-2.100277900695801
7.594241142272949
2.5261542797088623
3.85111665725708
-0.13264572620391846
-0.78138667345047
-2.5190067291259766
-2.4948418140411377
7.737536907196045
2.313533067703247
-0.8906267285346985
