1.246753454208374
1.3780043125152588
0.0
0.0
0.0
2.853423595428467
3.5132689476013184
3.9920310974121094
0.5833078622817993
0.0
4.365411281585693
3.791616439819336
1.4436315298080444
0.4706563353538513
0.0
2.3844528198242188
6.720241546630859
6.688474655151367
1.6356892585754395
0.0
0.16256989538669586
1.5946638584136963
6.262110233306885
2.3951478004455566
0.0
0.0
0.0
0.36669087409973145
4.970294952392578
3.2420706748962402
0.0
1.288164496421814
3.7041373252868652
7.826163291931152
5.6855387687683105
0.0
1.5525293350219727
1.1994638442993164
9.148957252502441
6.504162788391113
0.0
0.8124463558197021
0.0
7.877523422241211
7.401437282562256
0.0034676454961299896
0.3021409511566162
0.0
5.210991859436035
7.943757057189941
0.22777798771858215
3.515202522277832
5.732370853424072
5.242571830749512
1.7777574062347412
1.2512444257736206
4.027474403381348
3.4996910095214844
4.005492210388184
1.8445700407028198
0.14611731469631195
0.9360859394073486
3.9764740467071533
5.007695198059082
2.27066707611084
0.041798610240221024
0.0
0.12585923075675964
3.21484375
2.5407938957214355
0.008657379075884819
0.0
0.0
2.491068124771118
2.4777238368988037
2.320530652999878
8.629327774047852
8.968247413635254
5.759402751922607
2.5200424194335938
2.2189738750457764
0.735228419303894
0.12953853607177734
0.31770059466362
0.23279964923858643
0.2682532072067261
0.415762722492218
2.9051990509033203
2.3110382556915283
1.0294651985168457
0.0
0.0
0.0
0.0
0.9416921734809875
0.10966342687606812
0.14855986833572388
1.187166690826416
0.7398689985275269
0.5596310496330261
0.0
0.0
0.0
0.0
0.0
1.3556807041168213
2.2882986068725586
7.110715866088867
2.946591377258301
0.8230568170547485
4.459131717681885
6.775634765625
3.91829252243042
1.1199488639831543
0.9127891063690186
2.2414796352386475
10.042551040649414
12.07529067993164
4.461843490600586
0.8839011192321777
0.007894070819020271
0.6583064794540405
4.559501647949219
4.535511493682861
2.051262617111206
2.4385881423950195
0.09210837632417679
0.0
0.0
0.0
5.201696872711182
0.5824334025382996
0.685306191444397
0.0
0.0
6.250611782073975
2.0261528491973877
0.7527957558631897
0.0
0.0
4.351075172424316
6.369473457336426
8.297403335571289
0.0
0.0
0.8587964177131653
2.518160104751587
7.355413913726807
0.0
0.0
0.7046850919723511
2.5327136516571045
3.487839698791504
1.464158296585083
0.0
3.281517744064331
7.397915840148926
2.6207315921783447
0.8725781440734863
0.0
4.302041530609131
4.259868144989014
4.187193393707275
1.5145490169525146
0.0
2.97222900390625
2.5353410243988037
3.550215721130371
1.535966396331787
0.0
0.6412448883056641
0.452424019575119
3.201692581176758
2.238685131072998
0.0
0.0
0.0
0.0
0.0
0.0
0.0
0.0
0.0
0.0
0.0
0.0
0.0
0.0
0.0
0.0
0.0
0.0
0.0
0.0
0.0
0.0
0.0
0.0
0.0
0.0
0.36072665452957153
2.967510223388672
7.438837051391602
6.196940898895264
1.41519296169281
0.0
4.8682684898376465
3.57547926902771
6.271000862121582
2.2777154445648193
0.0
2.8195509910583496
4.418998718261719
6.364591121673584
2.0564076900482178
0.0
0.0
0.9532910585403442
5.776830196380615
2.4011874198913574
0.0
0.0
0.0
4.412702560424805
3.3269197940826416
1.5923783779144287
3.373563528060913
4.983778953552246
3.495943307876587
1.2991693019866943
3.623843193054199
4.410350322723389
4.882048606872559
2.831685781478882
1.8704946041107178
3.145000696182251
1.7609028816223145
6.4301958084106445
3.0197815895080566
2.744217872619629
1.7235100269317627
0.7270241975784302
3.830604076385498
1.950505018234253
2.982804298400879
0.272717148065567
0.34230703115463257
3.067218065261841
1.166388988494873
3.146188735961914
0.0
0.628244161605835
5.253710746765137
6.157689571380615
2.3742642402648926
0.0
1.7856113910675049
5.506869316101074
7.55999755859375
4.4480485916137695
0.0
3.3272571563720703
5.748750686645508
9.366791725158691
4.726711273193359
0.0
0.06477031856775284
0.8681132793426514
8.364699363708496
5.387633800506592
0.007972251623868942
0.026530276983976364
0.0
6.222039222717285
6.308730125427246
1.5589675903320312
2.540961742401123
2.7492003440856934
0.7590188980102539
0.7914297580718994
5.094680309295654
2.833435535430908
3.904061794281006
0.5732806921005249
1.5453664064407349
5.23555326461792
3.7197108268737793
5.521484375
0.4744895398616791
1.730593204498291
1.7247202396392822
2.4417457580566406
4.519822597503662
0.08702495694160461
1.6066099405288696
0.04280869662761688
0.6054352521896362
4.672557830810547
0.5288552045822144
1.9616210460662842
0.19118687510490417
0.0
0.0
0.0
0.2317752242088318
1.9890947341918945
1.9666286706924438
4.4264655113220215
0.0
0.7999122142791748
5.228107452392578
2.157130002975464
0.6090661287307739
0.0
0.4724716246128082
4.501691818237305
8.67323112487793
7.046751976013184
0.0446314662694931
0.4905287027359009
0.61406409740448
2.1937832832336426
4.211177349090576
0.07269954681396484
0.43624216318130493
0.06284494698047638
0.4184685945510864
0.5306260585784912
0.18826311826705933
0.7000731825828552
1.0218796730041504
4.223226547241211
6.243642330169678
2.7901387214660645
0.1798652559518814
3.0866003036499023
6.0270609855651855
3.335598945617676
3.5125668048858643
0.6017392873764038
1.9738163948059082
7.131402015686035
7.421611309051514
3.85506272315979
0.3300457000732422
0.285447359085083
1.4301317930221558
4.695774555206299
4.910511016845703
0.17157936096191406
1.8744845390319824
3.103477954864502
4.42757511138916
3.189849615097046
2.157019853591919
0.5510610342025757
0.0
1.638403296470642
2.075660467147827
2.4645071029663086
0.04234890639781952
0.5950302481651306
4.112367630004883
3.1893224716186523
3.8633790016174316
0.016178710386157036
0.0
0.6568293571472168
1.5382860898971558
4.221558094024658
0.33864104747772217
0.9302722215652466
1.470885992050171
0.949833869934082
3.348395347595215
1.417368769645691
4.4104766845703125
3.5921549797058105
0.5571539998054504
0.0
4.966765403747559
4.148634910583496
5.448887348175049
2.9976325035095215
0.3085799813270569
4.360537052154541
6.056094169616699
4.280927658081055
0.7316622734069824
0.0
0.26506951451301575
2.865962028503418
5.76194429397583
2.384495258331299
0.04003165662288666
0.0
0.02599806897342205
3.0009961128234863
2.9064207077026367
0.49292510747909546
