4.138529300689697
1.4718225002288818
0.0
0.0
2.652695894241333
0.0
2.440371036529541
3.664659261703491
4.967477798461914
0.0
3.9673290252685547
0.0
4.246468544006348
4.950982570648193
0.8248236179351807
5.988126277923584
3.0391461849212646
1.9243557453155518
0.36299046874046326
0.0
0.7872492074966431
0.0
0.0
1.884157657623291
3.6622376441955566
6.004922389984131
0.0
0.8391255140304565
0.0
0.0
4.453386306762695
0.0
1.706132411956787
0.7056363224983215
0.28213509917259216
0.0
0.8091124892234802
4.868839740753174
0.0
2.0970633029937744
0.0
1.5142571926116943
1.5555822849273682
0.0
3.4000751972198486
0.0
0.0
1.737625002861023
2.926718235015869
4.421520709991455
1.057326078414917
3.1461095809936523
4.189379692077637
0.0
0.3530833423137665
2.0133252143859863
0.0
4.186608791351318
0.0
2.0823726654052734
2.4828579425811768
4.449047088623047
3.7978100776672363
2.3894054889678955
0.5012869238853455
1.5607109069824219
4.790947914123535
0.0
5.153873920440674
0.0
0.0
1.1235285997390747
5.702817440032959
2.442185401916504
3.434739589691162
1.3942313194274902
0.0
1.5678104162216187
0.9879892468452454
1.3868638277053833
3.180011034011841
0.0
2.093632459640503
1.9904940128326416
0.0
5.5202250480651855
0.0
0.02717008627951145
2.6738481521606445
7.387506008148193
9.55473804473877
0.9663689136505127
0.6133666038513184
0.0
0.37519919872283936
5.6675896644592285
0.0
0.1608705073595047
1.3215526342391968
0.6323413252830505
1.0303336381912231
1.0819692611694336
1.6687222719192505
3.03816294670105
0.0
0.712695300579071
5.068454265594482
2.003472328186035
1.55352783203125
0.0
0.0
0.08320030570030212
0.0
0.9641854166984558
0.30920639634132385
2.479736328125
0.0
1.0939871072769165
0.0
4.916115760803223
