-2.744873523712158
3.0240490436553955
6.218783378601074
-0.8330616354942322
-5.192800998687744
-4.010562419891357
-3.5229921340942383
-3.652831792831421
1.5018168687820435
-2.151014566421509
3.6021316051483154
6.9733147621154785
-6.091396808624268
-3.58331561088562
5.464262962341309
2.4509904384613037
0.6440473794937134
1.472151756286621
3.5419750213623047
-1.0022023916244507
0.4791836142539978
0.6238595247268677
5.199479103088379
0.6295801401138306
2.546102523803711
1.7197657823562622
4.446042537689209
-5.018054485321045
-0.0667089968919754
3.515054702758789
-1.072701096534729
2.0783965587615967
3.200251340866089
6.636270046234131
0.21557749807834625
0.42034944891929626
0.9542391896247864
-4.138665199279785
2.9536819458007812
0.8543731570243835
-2.85788631439209
2.1968629360198975
0.15551766753196716
7.3058390617370605
-0.43095114827156067
4.8896803855896
-0.7839727401733398
-3.9647507667541504
-2.9675498008728027
-0.2790471911430359
3.1249260902404785
1.4217687845230103
-5.26439094543457
2.2421176433563232
1.6222214698791504
-2.3487961292266846
4.71320104598999
6.121891975402832
1.2123005390167236
4.02266788482666
2.1192586421966553
-5.915634632110596
-3.8382363319396973
1.9793776273727417
-0.10965489596128464
4.220548629760742
-1.014247179031372
-3.2164063453674316
3.2080612182617188
3.2252936363220215
2.28928542137146
1.041153907775879
1.083892822265625
5.430330753326416
4.548116207122803
5.356786251068115
0.11449531465768814
5.176532745361328
1.6383183002471924
-6.490653038024902
-2.8856701850891113
1.4702656269073486
3.485088348388672
-2.424419641494751
