0.18388645350933075
0.2758296728134155
0.735545814037323
1.2872052192687988
0.9194322824478149
0.2758296728134155
0.09194322675466537
0.0
0.0
0.0
0.18388645350933075
1.103318691253662
3.218013048171997
4.597161293029785
3.4018993377685547
1.7469213008880615
1.3791483640670776
1.5630348920822144
0.18388645350933075
0.0
0.551659345626831
3.1260697841644287
7.171571731567383
7.539344787597656
3.3099560737609863
0.0
0.6436026096343994
2.4824671745300293
0.6436026096343994
0.0
1.471091628074646
5.976309776306152
10.113755226135254
6.987685203552246
0.0
0.0
0.0
0.0
0.0
0.0
2.7582967281341553
7.9071173667907715
10.849300384521484
5.424650192260742
0.0
0.0
0.0
0.0
0.0
0.0
3.3099560737609863
6.160196304321289
6.803798675537109
3.218013048171997
0.0
0.0
0.0
0.0
0.0
0.0
3.8616154193878174
2.2985806465148926
0.45971614122390747
1.3791483640670776
3.3099560737609863
0.0
0.0
0.0
0.0
0.0
4.964934349060059
0.45971614122390747
0.0
2.4824671745300293
4.964934349060059
0.0
0.0
0.0
0.0
0.2758296728134155
5.792423248291016
1.7469213008880615
1.1952619552612305
4.413274765014648
3.218013048171997
0.0
0.0
0.0
0.0
0.45971614122390747
5.424650192260742
3.3099560737609863
2.666353464126587
2.8502399921417236
0.0
0.0
0.0
0.0
0.551659345626831
0.2758296728134155
0.45971614122390747
1.471091628074646
2.7582967281341553
2.5744104385375977
0.6436026096343994
0.0
0.0
0.0
0.0
0.0
0.551659345626831
1.103318691253662
0.0
0.0
0.0
0.0
0.0
0.0
0.0
0.0
0.735545814037323
0.45971614122390747
0.0
0.0
0.0
0.0
0.0
0.45971614122390747
0.3677729070186615
1.103318691253662
0.0
0.0
0.0
0.0
0.18388645350933075
6.160196304321289
9.562095642089844
10.113755226135254
8.918493270874023
7.3554582595825195
0.45971614122390747
0.0
0.0
0.0
0.0
3.493842601776123
4.6891045570373535
4.87299108505249
4.505218029022217
3.6777291297912598
2.4824671745300293
2.7582967281341553
3.4018993377685547
4.137444972991943
4.045502185821533
2.4824671745300293
0.9194322824478149
1.103318691253662
0.9194322824478149
0.551659345626831
0.0
2.4824671745300293
6.252139568328857
7.723230838775635
5.056877613067627
1.103318691253662
0.45971614122390747
2.206637382507324
1.8388645648956299
0.551659345626831
0.0
0.0
0.0
0.0
0.0
0.0
0.0
3.8616154193878174
3.3099560737609863
1.0113755464553833
0.0
0.0
0.0
0.0
0.0
0.0
2.666353464126587
5.148820877075195
3.4018993377685547
1.0113755464553833
2.206637382507324
0.8274890184402466
1.6549780368804932
3.218013048171997
4.229388236999512
5.148820877075195
5.608536720275879
4.597161293029785
2.2985806465148926
0.6436026096343994
0.0
0.0
0.0
0.0
0.0
0.0
0.0
0.0
0.0
0.0
0.0
0.0
0.0
0.0
0.0
0.0
0.0
1.5630348920822144
1.103318691253662
0.551659345626831
0.09194322675466537
0.2758296728134155
0.0
0.0
0.0
5.148820877075195
10.021811485290527
11.860675811767578
10.849300384521484
8.64266300201416
0.735545814037323
2.114694118499756
2.8502399921417236
2.942183256149292
4.229388236999512
5.976309776306152
6.619912147521973
7.171571731567383
7.0796284675598145
5.240764141082764
0.551659345626831
3.218013048171997
6.619912147521973
8.918493270874023
7.99906063079834
3.5857858657836914
0.0
0.0
0.8274890184402466
0.3677729070186615
0.0
1.103318691253662
6.068253040313721
10.481528282165527
9.010436058044434
2.5744104385375977
0.0
0.0
0.8274890184402466
0.18388645350933075
0.0
0.0
0.2758296728134155
3.6777291297912598
3.0341265201568604
0.0
0.0
1.3791483640670776
1.7469213008880615
0.6436026096343994
1.7469213008880615
0.0
0.0
0.0
0.0
0.6436026096343994
2.942183256149292
3.1260697841644287
1.5630348920822144
0.3677729070186615
6.987685203552246
6.252139568328857
4.6891045570373535
4.505218029022217
5.700479984283447
7.3554582595825195
6.895741939544678
3.218013048171997
0.45971614122390747
0.0
7.815174102783203
9.562095642089844
9.83792495727539
10.665413856506348
11.309017181396484
9.74598217010498
5.240764141082764
0.735545814037323
0.0
0.0
0.0
0.0
0.0
0.0
0.0
0.0
0.0
0.0
0.0
0.0
0.0
0.0
0.0
0.0
0.0
0.0
0.0
0.0
0.0
0.0
0.0
0.0
0.0
0.0
0.0
0.0
0.09194322675466537
0.8274890184402466
0.6436026096343994
0.0
0.0
0.0
0.0
0.0
0.0
0.0
0.3677729070186615
1.1952619552612305
0.6436026096343994
0.18388645350933075
0.0
0.45971614122390747
0.551659345626831
0.0
0.0
0.0
0.0
0.09194322675466537
0.0
0.0
0.0
0.45971614122390747
0.09194322675466537
0.0
0.0
0.0
0.45971614122390747
0.0
0.0
0.0
0.0
0.0
0.0
0.0
0.0
0.735545814037323
0.09194322675466537
0.0
0.6436026096343994
0.3677729070186615
0.0
0.0
0.0
0.0
0.0
0.0
0.0
0.0
1.3791483640670776
0.551659345626831
0.0
0.0
0.0
0.2758296728134155
0.0
0.0
0.0
0.3677729070186615
1.471091628074646
0.45971614122390747
0.09194322675466537
0.0
0.6436026096343994
1.3791483640670776
0.18388645350933075
0.0
0.0
1.0113755464553833
1.103318691253662
0.18388645350933075
0.09194322675466537
0.735545814037323
1.9308077096939087
3.0341265201568604
3.3099560737609863
3.218013048171997
3.6777291297912598
4.045502185821533
3.0341265201568604
1.1952619552612305
0.45971614122390747
2.114694118499756
4.505218029022217
5.700479984283447
5.608536720275879
6.160196304321289
7.723230838775635
8.182947158813477
6.803798675537109
4.505218029022217
1.1952619552612305
3.9535586833953857
6.619912147521973
6.987685203552246
5.976309776306152
5.792423248291016
6.252139568328857
6.160196304321289
5.148820877075195
3.769672393798828
1.9308077096939087
5.240764141082764
7.631288051605225
7.171571731567383
4.964934349060059
2.206637382507324
0.09194322675466537
0.0
0.0
0.0
1.7469213008880615
3.8616154193878174
4.964934349060059
5.056877613067627
4.505218029022217
2.206637382507324
0.0
0.0
0.0
0.0
1.8388645648956299
1.1952619552612305
0.735545814037323
2.2985806465148926
4.413274765014648
4.32133150100708
2.5744104385375977
0.9194322824478149
0.0
0.0
3.769672393798828
1.471091628074646
0.0
0.2758296728134155
2.206637382507324
2.390523910522461
2.390523910522461
2.4824671745300293
1.3791483640670776
0.18388645350933075
5.976309776306152
5.5165934562683105
4.32133150100708
3.4018993377685547
2.206637382507324
0.735545814037323
1.3791483640670776
1.9308077096939087
1.1952619552612305
0.3677729070186615
4.505218029022217
6.619912147521973
8.091004371643066
7.3554582595825195
4.32133150100708
1.3791483640670776
0.735545814037323
0.735545814037323
0.6436026096343994
0.2758296728134155
0.45971614122390747
2.206637382507324
4.505218029022217
4.964934349060059
2.5744104385375977
0.0
0.0
0.09194322675466537
0.3677729070186615
0.18388645350933075
0.18388645350933075
0.0
0.0
0.0
0.0
0.0
0.0
0.0
0.0
0.0
0.0
0.0
0.0
0.0
0.2758296728134155
0.45971614122390747
0.18388645350933075
0.09194322675466537
0.0
0.0
0.0
0.0
1.103318691253662
2.8502399921417236
3.493842601776123
3.6777291297912598
4.87299108505249
5.976309776306152
4.413274765014648
1.2872052192687988
0.45971614122390747
2.666353464126587
5.332706928253174
4.87299108505249
1.9308077096939087
0.9194322824478149
3.1260697841644287
5.148820877075195
4.597161293029785
2.4824671745300293
1.471091628074646
5.884366512298584
8.366833686828613
5.424650192260742
0.0
0.0
0.0
0.0
0.735545814037323
1.0113755464553833
0.9194322824478149
4.964934349060059
6.803798675537109
5.424650192260742
2.5744104385375977
0.3677729070186615
0.0
0.0
0.0
0.0
0.0
0.0
0.0
1.7469213008880615
4.597161293029785
3.8616154193878174
1.0113755464553833
0.0
0.0
0.0
1.1952619552612305
0.0
0.0
0.0
3.6777291297912598
3.3099560737609863
0.18388645350933075
0.0
0.0
0.18388645350933075
5.792423248291016
3.1260697841644287
1.9308077096939087
3.218013048171997
3.0341265201568604
0.8274890184402466
0.0
0.0
0.551659345626831
0.551659345626831
6.895741939544678
7.631288051605225
8.091004371643066
6.987685203552246
3.3099560737609863
0.2758296728134155
0.0
0.6436026096343994
1.0113755464553833
0.551659345626831
0.0
0.09194322675466537
0.09194322675466537
0.18388645350933075
0.2758296728134155
0.551659345626831
0.735545814037323
0.8274890184402466
0.735545814037323
0.45971614122390747
0.0
0.18388645350933075
0.2758296728134155
0.45971614122390747
0.9194322824478149
1.5630348920822144
2.206637382507324
2.5744104385375977
2.5744104385375977
2.206637382507324
0.09194322675466537
0.18388645350933075
0.3677729070186615
0.551659345626831
0.8274890184402466
1.6549780368804932
2.4824671745300293
2.5744104385375977
2.4824671745300293
2.4824671745300293
0.0
0.0
0.18388645350933075
0.18388645350933075
0.0
0.0
0.0
0.0
0.0
0.0
0.0
0.0
0.0
0.0
0.2758296728134155
0.0
0.0
0.0
0.0
0.0
0.0
0.0
0.0
0.0
0.3677729070186615
1.3791483640670776
1.1952619552612305
0.8274890184402466
0.3677729070186615
0.0
0.09194322675466537
0.0
0.0
0.0
0.0
0.0
0.9194322824478149
1.471091628074646
1.1952619552612305
0.2758296728134155
1.1952619552612305
0.9194322824478149
0.09194322675466537
0.0
0.0
0.0
0.551659345626831
1.2872052192687988
0.8274890184402466
0.09194322675466537
0.09194322675466537
1.7469213008880615
2.2985806465148926
1.471091628074646
0.3677729070186615
0.2758296728134155
0.9194322824478149
0.9194322824478149
0.18388645350933075
0.0
0.0
0.0
0.2758296728134155
0.6436026096343994
0.45971614122390747
0.6436026096343994
0.551659345626831
0.0
0.0
0.0
0.2758296728134155
0.0
0.0
0.0
0.735545814037323
1.8388645648956299
2.2985806465148926
2.2985806465148926
2.8502399921417236
3.769672393798828
0.09194322675466537
0.0
0.0
0.0
0.735545814037323
2.206637382507324
1.8388645648956299
1.0113755464553833
1.9308077096939087
3.9535586833953857
0.0
0.0
0.0
0.0
1.0113755464553833
3.0341265201568604
1.5630348920822144
0.0
1.103318691253662
3.8616154193878174
0.0
0.0
0.0
0.0
3.218013048171997
6.527968883514404
4.781047821044922
2.390523910522461
2.4824671745300293
3.9535586833953857
0.0
0.0
0.0
0.0
4.229388236999512
8.366833686828613
7.539344787597656
4.32133150100708
2.2985806465148926
2.114694118499756
0.0
0.0
0.0
0.0
1.6549780368804932
5.884366512298584
7.99906063079834
5.700479984283447
1.8388645648956299
0.551659345626831
0.0
1.471091628074646
1.7469213008880615
0.0
0.0
3.769672393798828
7.723230838775635
6.711855411529541
2.114694118499756
0.2758296728134155
0.0
2.206637382507324
4.137444972991943
1.1952619552612305
0.0
2.942183256149292
6.711855411529541
5.976309776306152
2.0227510929107666
0.3677729070186615
0.0
0.0
2.666353464126587
1.471091628074646
0.45971614122390747
3.218013048171997
5.5165934562683105
4.32133150100708
1.5630348920822144
0.3677729070186615
0.0
0.0
0.0
1.1952619552612305
2.7582967281341553
4.505218029022217
4.597161293029785
2.8502399921417236
0.9194322824478149
0.3677729070186615
0.45971614122390747
0.9194322824478149
1.8388645648956299
2.114694118499756
1.103318691253662
0.0
0.0
0.0
0.0
0.0
0.6436026096343994
1.2872052192687988
1.471091628074646
0.0
0.0
0.0
0.0
0.0
0.0
0.0
0.8274890184402466
1.0113755464553833
0.0
0.0
0.0
0.0
0.0
0.0
0.0
1.6549780368804932
0.6436026096343994
0.0
0.0
0.0
0.0
2.0227510929107666
2.666353464126587
2.5744104385375977
3.493842601776123
4.32133150100708
0.09194322675466537
0.0
0.0
0.0
3.493842601776123
6.344082832336426
5.608536720275879
4.229388236999512
4.137444972991943
4.045502185821533
0.2758296728134155
0.0
0.0
0.6436026096343994
3.769672393798828
4.597161293029785
3.218013048171997
2.206637382507324
1.9308077096939087
1.5630348920822144
0.45971614122390747
0.45971614122390747
1.2872052192687988
2.4824671745300293
2.2985806465148926
1.7469213008880615
1.8388645648956299
2.4824671745300293
2.0227510929107666
0.9194322824478149
0.0
1.471091628074646
2.7582967281341553
1.1952619552612305
0.0
0.18388645350933075
2.5744104385375977
3.9535586833953857
2.8502399921417236
1.103318691253662
0.0
0.0
0.3677729070186615
0.0
0.0
1.2872052192687988
3.8616154193878174
4.781047821044922
2.8502399921417236
1.0113755464553833
0.0
0.0
0.0
0.6436026096343994
2.2985806465148926
4.229388236999512
5.056877613067627
4.045502185821533
2.0227510929107666
0.735545814037323
0.3677729070186615
0.45971614122390747
1.103318691253662
2.2985806465148926
3.5857858657836914
4.6891045570373535
5.700479984283447
6.252139568328857
6.344082832336426
5.240764141082764
0.3677729070186615
0.735545814037323
2.114694118499756
4.505218029022217
6.711855411529541
8.182947158813477
8.918493270874023
9.19432258605957
9.378209114074707
8.182947158813477
0.2758296728134155
0.8274890184402466
3.493842601776123
7.723230838775635
10.573471069335938
10.481528282165527
9.010436058044434
8.458776473999023
8.826549530029297
7.263514995574951
0.18388645350933075
1.3791483640670776
6.527968883514404
13.239824295043945
15.814234733581543
12.780108451843262
8.274889945983887
6.711855411529541
6.527968883514404
4.229388236999512
0.0
1.5630348920822144
7.447401523590088
13.791483879089355
14.894803047180176
11.033186912536621
6.527968883514404
4.413274765014648
3.769672393798828
1.8388645648956299
1.7469213008880615
3.3099560737609863
7.171571731567383
10.205698013305664
10.481528282165527
9.10237979888916
6.252139568328857
3.6777291297912598
2.2985806465148926
1.0113755464553833
5.148820877075195
6.987685203552246
7.539344787597656
7.3554582595825195
8.55072021484375
9.83792495727539
7.723230838775635
3.8616154193878174
1.5630348920822144
0.6436026096343994
7.263514995574951
9.74598217010498
8.734606742858887
7.539344787597656
9.929868698120117
12.044562339782715
8.826549530029297
3.3099560737609863
0.551659345626831
0.2758296728134155
6.619912147521973
9.010436058044434
8.274889945983887
8.64266300201416
11.309017181396484
11.676790237426758
6.619912147521973
1.3791483640670776
0.0
0.18388645350933075
4.6891045570373535
6.527968883514404
7.0796284675598145
8.55072021484375
9.654038429260254
7.0796284675598145
2.2985806465148926
0.0
0.0
0.2758296728134155
0.0
0.0
0.0
0.0
0.0
0.0
0.0
0.0
0.0
0.0
0.0
0.0
0.0
0.0
0.0
1.8388645648956299
5.240764141082764
7.539344787597656
7.99906063079834
6.895741939544678
0.09194322675466537
0.2758296728134155
1.0113755464553833
2.7582967281341553
4.781047821044922
7.171571731567383
9.562095642089844
11.125130653381348
10.941244125366211
9.010436058044434
0.2758296728134155
1.5630348920822144
3.9535586833953857
5.5165934562683105
4.32133150100708
1.2872052192687988
0.0
0.0
0.0
0.0
0.0
2.0227510929107666
5.148820877075195
6.619912147521973
4.6891045570373535
0.3677729070186615
0.0
0.0
0.0
0.0
0.0
0.0
0.6436026096343994
2.206637382507324
2.5744104385375977
1.9308077096939087
0.9194322824478149
0.0
0.0
0.0
0.2758296728134155
0.0
0.0
0.0
0.0
0.0
0.551659345626831
2.0227510929107666
1.5630348920822144
0.3677729070186615
4.229388236999512
2.7582967281341553
0.0
0.0
0.0
0.0
1.5630348920822144
2.390523910522461
1.471091628074646
0.18388645350933075
5.148820877075195
6.803798675537109
8.182947158813477
8.918493270874023
7.9071173667907715
5.424650192260742
2.942183256149292
1.0113755464553833
0.3677729070186615
0.0
1.7469213008880615
4.229388236999512
8.091004371643066
10.29764175415039
7.9071173667907715
3.4018993377685547
0.0
0.0
0.0
0.0
0.18388645350933075
0.18388645350933075
0.18388645350933075
0.09194322675466537
0.0
0.0
0.0
0.0
0.0
0.0
0.18388645350933075
0.09194322675466537
0.0
0.0
0.0
0.0
0.0
0.0
0.0
0.0
0.09194322675466537
0.09194322675466537
0.0
0.0
0.0
0.0
1.0113755464553833
2.2985806465148926
2.666353464126587
1.8388645648956299
0.09194322675466537
0.0
0.09194322675466537
0.2758296728134155
0.0
0.6436026096343994
3.218013048171997
5.332706928253174
5.700479984283447
4.6891045570373535
0.2758296728134155
0.6436026096343994
1.6549780368804932
1.7469213008880615
0.2758296728134155
0.0
0.2758296728134155
1.103318691253662
1.5630348920822144
1.7469213008880615
0.0
0.9194322824478149
2.942183256149292
3.8616154193878174
3.9535586833953857
3.3099560737609863
1.2872052192687988
0.0
0.0
0.0
0.0
0.0
0.3677729070186615
2.206637382507324
4.32133150100708
4.781047821044922
2.390523910522461
0.2758296728134155
0.0
0.09194322675466537
0.09194322675466537
0.0
0.0
0.0
0.0
1.103318691253662
0.0
0.3677729070186615
1.0113755464553833
0.551659345626831
2.0227510929107666
1.103318691253662
0.0
0.0
0.0
0.0
0.0
1.5630348920822144
1.8388645648956299
0.6436026096343994
2.2985806465148926
3.1260697841644287
3.6777291297912598
3.5857858657836914
2.7582967281341553
1.9308077096939087
2.206637382507324
2.4824671745300293
1.471091628074646
0.45971614122390747
0.0
0.0
0.0
0.0
0.0
0.0
0.0
0.0
0.0
0.0
0.0
0.0
0.0
0.0
0.0
0.0
0.0
0.0
0.0
0.0
0.0
0.0
0.0
0.0
0.0
0.0
0.0
0.0
0.0
0.0
0.09194322675466537
0.45971614122390747
0.0
0.0
0.0
0.0
0.0
0.09194322675466537
0.0
0.0
0.551659345626831
1.2872052192687988
0.3677729070186615
0.0
0.0
0.0
0.0
0.0
0.0
0.0
0.0
1.103318691253662
0.6436026096343994
0.0
0.0
0.0
0.0
0.0
0.0
0.0
0.0
0.0
0.0
0.18388645350933075
0.0
0.0
0.0
0.0
0.0
0.0
0.0
0.0
0.0
0.0
0.0
0.0
0.0
0.0
0.0
0.0
0.0
0.0
0.0
0.0
0.0
0.0
0.0
0.0
0.0
0.0
0.551659345626831
0.0
0.0
0.0
0.0
0.0
0.0
0.0
0.0
0.0
0.0
0.0
0.0
0.0
0.0
0.0
0.0
0.0
0.0
0.0
0.0
0.0
0.0
0.0
0.0
0.0
0.0
0.0
0.0
0.0
0.0
0.0
0.0
0.0
0.3677729070186615
5.240764141082764
9.19432258605957
9.929868698120117
8.182947158813477
5.884366512298584
0.18388645350933075
0.45971614122390747
0.0
0.0
0.8274890184402466
3.8616154193878174
6.068253040313721
6.803798675537109
6.068253040313721
4.137444972991943
1.0113755464553833
3.1260697841644287
4.32133150100708
3.6777291297912598
1.2872052192687988
0.0
0.0
0.0
0.2758296728134155
0.18388645350933075
0.0
2.7582967281341553
6.527968883514404
8.274889945983887
5.056877613067627
0.0
0.0
0.0
0.0
0.0
0.0
0.0
0.18388645350933075
3.218013048171997
2.5744104385375977
0.0
0.0
0.18388645350933075
0.735545814037323
0.45971614122390747
0.0
0.0
0.0
0.0
0.0
0.0
1.2872052192687988
2.0227510929107666
1.0113755464553833
0.18388645350933075
4.413274765014648
1.5630348920822144
0.0
0.0
2.0227510929107666
4.137444972991943
4.597161293029785
2.4824671745300293
0.3677729070186615
0.0
7.3554582595825195
8.55072021484375
8.182947158813477
7.723230838775635
7.539344787597656
6.436026096343994
3.493842601776123
0.6436026096343994
0.0
0.0
0.09194322675466537
0.0
0.0
0.0
0.0
0.09194322675466537
0.0
0.0
0.0
0.8274890184402466
0.0
0.0
0.0
0.0
1.103318691253662
0.551659345626831
0.0
0.0
0.0
0.09194322675466537
0.0
0.0
0.0
2.7582967281341553
5.056877613067627
4.32133150100708
3.3099560737609863
3.6777291297912598
4.137444972991943
2.666353464126587
0.0
0.0
1.8388645648956299
6.436026096343994
7.631288051605225
6.619912147521973
6.252139568328857
6.803798675537109
6.895741939544678
4.597161293029785
0.0
1.3791483640670776
5.332706928253174
7.631288051605225
5.608536720275879
3.3099560737609863
2.666353464126587
2.4824671745300293
2.7582967281341553
2.0227510929107666
0.551659345626831
4.045502185821533
7.447401523590088
7.631288051605225
5.240764141082764
3.3099560737609863
1.3791483640670776
0.0
0.0
0.0
0.6436026096343994
3.5857858657836914
4.87299108505249
5.148820877075195
6.619912147521973
7.263514995574951
3.5857858657836914
0.0
0.0
0.0
1.1952619552612305
1.3791483640670776
0.18388645350933075
1.0113755464553833
5.240764141082764
7.263514995574951
3.4018993377685547
0.0
0.0
0.0
4.137444972991943
2.8502399921417236
0.3677729070186615
0.6436026096343994
4.229388236999512
5.424650192260742
2.2985806465148926
0.0
0.0
0.0
5.976309776306152
6.711855411529541
5.424650192260742
5.240764141082764
5.608536720275879
4.229388236999512
1.2872052192687988
0.0
0.0
0.0
0.09194322675466537
0.2758296728134155
0.18388645350933075
0.0
0.0
0.0
0.0
0.0
0.0
0.0
0.09194322675466537
0.0
0.0
0.0
0.0
0.0
0.0
0.0
0.0
0.0
0.18388645350933075
0.0
0.0
0.0
0.0
0.0
0.0
0.0
0.0
0.0
0.18388645350933075
0.09194322675466537
0.0
0.0
0.0
0.45971614122390747
4.137444972991943
6.895741939544678
6.619912147521973
4.781047821044922
0.8274890184402466
1.6549780368804932
1.8388645648956299
0.09194322675466537
0.0
0.0
0.0
1.8388645648956299
3.1260697841644287
3.0341265201568604
0.8274890184402466
3.1260697841644287
5.332706928253174
5.5165934562683105
2.942183256149292
0.0
0.0
0.0
0.0
0.0
0.0
0.0
2.7582967281341553
5.5165934562683105
5.792423248291016
2.942183256149292
0.0
0.0
0.0
0.0
0.0
0.0
0.0
0.0
0.2758296728134155
0.2758296728134155
0.0
0.0
0.0
0.0
0.8274890184402466
0.0
0.0
0.0
0.0
0.0
0.0
0.3677729070186615
0.45971614122390747
0.09194322675466537
4.505218029022217
4.413274765014648
3.4018993377685547
1.7469213008880615
0.551659345626831
0.551659345626831
1.6549780368804932
1.8388645648956299
0.735545814037323
0.09194322675466537
