0.15454576909542084
0.25530412793159485
0.7174121737480164
1.2547446489334106
0.9472087025642395
0.31370824575424194
0.05382351577281952
0.009470205754041672
-0.46000149846076965
-1.89168119430542
0.21133407950401306
1.062899112701416
3.254354476928711
4.590227127075195
3.3850133419036865
1.7338390350341797
1.349042296409607
1.6021087169647217
0.1657458245754242
-3.1510910987854004
0.587838888168335
3.155113458633423
7.205893516540527
7.556851387023926
3.340801954269409
-0.052453555166721344
0.6777075529098511
2.4541049003601074
0.605490505695343
-3.592717170715332
1.487738847732544
5.937116622924805
10.077536582946777
7.009281158447266
-1.0212408304214478
-5.3212385177612305
-3.41469407081604
-0.3437274396419525
-1.104973316192627
-3.813147783279419
2.74520206451416
7.887951374053955
10.848788261413574
5.423436164855957
-2.5337984561920166
-5.61926794052124
-4.478901386260986
-2.0081124305725098
-1.3875929117202759
-2.040825366973877
3.3496899604797363
6.143002033233643
6.78806209564209
3.175224781036377
-0.03035987913608551
-2.264122486114502
-4.071747779846191
-2.9412457942962646
-1.153436541557312
-0.5070081353187561
3.897017240524292
2.31174635887146
0.4830287992954254
1.3720183372497559
3.308675765991211
-0.2019193172454834
-5.388548851013184
-4.543732166290283
-1.2483935356140137
-0.09587087482213974
4.9728522300720215
0.49350759387016296
-1.44879949092865
2.5034899711608887
4.952809810638428
-0.8587919473648071
-7.412191390991211
-5.529993057250977
-0.8496294617652893
0.29687032103538513
5.807560443878174
1.7383220195770264
1.2073438167572021
4.378306865692139
3.2004570960998535
-4.135456562042236
-7.91964864730835
-4.018150329589844
0.036034781485795975
0.47484830021858215
5.43059778213501
3.280393123626709
2.6920065879821777
2.81569766998291
-0.6600233912467957
-5.443222522735596
-5.098960876464844
-1.3407752513885498
0.5660079121589661
0.31189852952957153
0.4355713129043579
1.4372586011886597
2.766371726989746
2.586827278137207
0.6169225573539734
-1.381264090538025
-2.3552377223968506
-3.125509262084961
-3.8822758197784424
-3.9045042991638184
0.5706260800361633
1.0969077348709106
-0.09940842539072037
-4.162753582000732
-9.002720832824707
-11.40757942199707
-11.607507705688477
-11.352246284484863
-10.371175765991211
-7.65337610244751
0.7022539377212524
0.43631216883659363
-1.619799017906189
-4.627390384674072
-5.549832820892334
-3.2955162525177
-0.5794084072113037
0.46210333704948425
0.4132508337497711
1.1007561683654785
-0.011667296290397644
-1.5051344633102417
-3.5532779693603516
-3.927659034729004
0.20064988732337952
6.141211032867432
9.54245662689209
10.13530158996582
8.940503120422363
7.322946548461914
0.4961213171482086
-1.3350275754928589
-3.449695348739624
-3.6887004375457764
-0.24410563707351685
3.512843370437622
4.698529243469238
4.86220121383667
4.497415542602539
3.7220358848571777
2.4561374187469482
2.7441322803497314
3.378659725189209
4.104617118835449
4.044609069824219
2.455044746398926
0.9396763443946838
1.0942548513412476
0.9508156180381775
0.5207880735397339
-0.11315210908651352
2.4943039417266846
6.251462936401367
7.737647533416748
5.013421535491943
1.1139518022537231
0.4354608952999115
2.1836042404174805
1.8741967678070068
0.5485622882843018
-4.879889488220215
-3.5832571983337402
-1.6951828002929688
-1.5460234880447388
-3.1989920139312744
-3.6862876415252686
-0.08363562077283859
3.8804969787597656
3.2697503566741943
1.025207757949829
-3.920503616333008
-6.329474925994873
-6.7042131423950195
-6.015135288238525
-4.979223251342773
-2.013087272644043
2.7066872119903564
5.141961574554443
3.3653976917266846
0.9954740405082703
2.178560495376587
0.8164236545562744
1.6193746328353882
3.2557566165924072
4.190555572509766
5.143179893493652
5.651397228240967
4.585115432739258
2.2831575870513916
0.6336867809295654
0.0009813643991947174
-0.3253752291202545
-1.1993234157562256
-3.0438640117645264
-5.644811630249023
-7.392574310302734
-7.470548152923584
-7.2361249923706055
-7.363142967224121
-6.745519638061523
-0.03153039887547493
-0.2982596755027771
-1.363066554069519
-3.617924451828003
-5.124000072479248
-3.460057258605957
-0.09794943034648895
1.572455883026123
1.0832563638687134
0.5411108136177063
0.09276788681745529
0.28278112411499023
-0.3421301245689392
-1.5203534364700317
-0.014907848089933395
5.117667198181152
10.038117408752441
11.836654663085938
10.88682746887207
8.6861572265625
0.7487124800682068
2.1202452182769775
2.89577054977417
2.9779696464538574
4.236855983734131
5.970026016235352
6.597591876983643
7.134944438934326
7.0495805740356445
5.258887767791748
0.593591570854187
3.2602524757385254
6.611326217651367
8.921263694763184
8.04297924041748
3.5801236629486084
-0.39175453782081604
-0.3774879574775696
0.7930969595909119
0.33623334765434265
-1.2863481044769287
1.1200783252716064
6.111296653747559
10.512492179870605
9.025291442871094
2.592360496520996
-1.1938616037368774
-0.2533329427242279
0.7938157916069031
0.205270916223526
-2.227999210357666
-2.5314650535583496
0.24922433495521545
3.710845708847046
3.0090487003326416
-0.3510216474533081
-0.7167466878890991
1.351955533027649
1.7646443843841553
0.6755781173706055
1.7295812368392944
-0.2711429297924042
-1.2803282737731934
-1.2283926010131836
-0.8981190919876099
0.629539966583252
2.905374765396118
3.1048712730407715
1.5583938360214233
0.4094526469707489
6.965997219085693
6.291070938110352
4.672459125518799
4.514410018920898
5.730913162231445
7.342324256896973
6.906930446624756
3.193071126937866
0.421455442905426
-0.01628892496228218
7.796413898468018
9.588611602783203
9.87267017364502
10.68344783782959
11.353309631347656
9.764631271362305
5.203235149383545
0.6921285390853882
-0.508213222026825
-0.08609592914581299
-0.16244833171367645
-0.47056302428245544
-0.9994176626205444
-1.3015096187591553
-1.1604106426239014
-1.211227536201477
-1.6082606315612793
-1.700551152229309
-1.2580171823501587
-0.8303741812705994
-0.3083527088165283
-0.8608499765396118
-1.3258758783340454
-1.0621417760849
-0.6912303566932678
-1.0679315328598022
-1.3873790502548218
-1.1385434865951538
-0.7598907947540283
-0.8577561378479004
-0.5021352171897888
-1.055846929550171
-0.9669673442840576
-0.21911008656024933
-0.30696532130241394
-0.7040270566940308
0.06767480075359344
0.8526273965835571
0.6349373459815979
-0.04684632271528244
-0.5130777359008789
-0.6015623807907104
-0.21236708760261536
-0.43109744787216187
-1.831687569618225
-1.6090593338012695
0.4065512716770172
1.1608095169067383
0.6374877691268921
0.18708376586437225
-0.24723857641220093
0.41842931509017944
0.5109726786613464
-1.228684902191162
-2.8672678470611572
-1.8074294328689575
-0.006047696806490421
0.09964096546173096
-0.18469572067260742
-0.08233223110437393
-0.2634137272834778
0.48572465777397156
0.09682154655456543
-1.4850692749023438
-1.820294976234436
-0.08901134878396988
0.4919421076774597
-0.07153885066509247
-0.049761898815631866
-0.040245480835437775
-0.654956042766571
-0.9306508302688599
-1.588278889656067
-1.637582540512085
-0.5346238017082214
0.7138381004333496
0.07650193572044373
-0.05979399383068085
0.6213646531105042
0.32214438915252686
-0.8319562077522278
-2.2688117027282715
-2.707169532775879
-1.5762609243392944
-0.21647338569164276
-0.4306807816028595
-1.6031415462493896
-0.12693096697330475
1.3410625457763672
0.5377157926559448
-0.2562902867794037
-1.3278915882110596
-0.8779628872871399
0.3152068257331848
0.020354680716991425
-1.37290620803833
-1.7777185440063477
0.38303470611572266
1.5109435319900513
0.4674794673919678
0.13138216733932495
-0.24083185195922852
0.6404117941856384
1.3601030111312866
0.1534215360879898
-0.8289077877998352
-0.2562451958656311
1.0425376892089844
1.0832817554473877
0.21483713388442993
0.10846356302499771
0.7064448595046997
1.9572690725326538
3.0102627277374268
3.318857192993164
3.2484066486358643
3.6479811668395996
4.02690315246582
3.068851947784424
1.180443525314331
0.4245980679988861
2.157862424850464
4.540175914764404
5.659123420715332
5.6485466957092285
6.199130058288574
7.701386451721191
8.189290046691895
6.807991981506348
4.522670745849609
1.1601309776306152
3.988736867904663
6.616459846496582
6.949156761169434
5.990314483642578
5.75619649887085
6.20991849899292
6.188144683837891
5.157779693603516
3.7554514408111572
1.912889003753662
5.285242557525635
7.615294933319092
7.212723731994629
4.990699291229248
2.22133207321167
0.12297508120536804
-0.6912212371826172
-1.0189357995986938
-0.8334606289863586
1.7450263500213623
3.818465232849121
4.967553615570068
5.029928684234619
4.479951858520508
2.188774585723877
-0.6816979646682739
-2.5190672874450684
-2.8454580307006836
-2.1989216804504395
1.881238341331482
1.2017438411712646
0.7543659806251526
2.3393819332122803
4.397819519042969
4.2814764976501465
2.5390625
0.8736182451248169
-0.13372546434402466
-0.5188180804252625
3.7987091541290283
1.4554904699325562
-0.7820332050323486
0.25790485739707947
2.2357075214385986
2.369830846786499
2.376326084136963
2.491689682006836
1.3476765155792236
0.22915489971637726
5.94598388671875
5.487757205963135
4.283598899841309
3.3985893726348877
2.1822142601013184
0.76084303855896
1.399806261062622
1.9618570804595947
1.2122619152069092
0.32380715012550354
4.493330955505371
6.6474528312683105
8.072894096374512
7.378904819488525
4.303006172180176
1.4241269826889038
0.7614169716835022
0.7460762858390808
0.6739764213562012
0.2978130578994751
0.4756844639778137
2.1879630088806152
4.503793716430664
4.997026443481445
2.6160247325897217
-0.03393736109137535
-0.5188170671463013
0.0800885558128357
0.4071589708328247
0.1787760853767395
0.14328977465629578
-0.7170432806015015
-2.13199520111084
-2.9990944862365723
-3.1349499225616455
-3.103001117706299
-3.332871198654175
-3.508350133895874
-3.04933500289917
-2.1710445880889893
-0.1326552778482437
-1.149773120880127
-1.592193603515625
-0.7516833543777466
0.2368544638156891
0.43051818013191223
0.1928010731935501
0.050277091562747955
-0.6449579000473022
-1.9278146028518677
-0.32479411363601685
-0.4186175763607025
1.0810784101486206
2.853529930114746
3.5089304447174072
3.6972689628601074
4.905857086181641
5.930355072021484
4.426545143127441
1.2704534530639648
0.45897820591926575
2.6559321880340576
5.330044746398926
4.853184700012207
1.94871187210083
0.9255855083465576
3.1011714935302734
5.156335353851318
4.633895397186279
2.4647953510284424
1.5100401639938354
5.9075140953063965
8.396064758300781
5.3950958251953125
-0.27626338601112366
-2.730238676071167
-1.7642828226089478
-0.2814568281173706
0.7696611881256104
1.0416851043701172
0.8933151960372925
4.951076507568359
6.848634243011475
5.416481018066406
2.6133151054382324
0.3546227514743805
-1.046278476715088
-1.749201774597168
-0.9974949359893799
0.03164999932050705
-0.4373907744884491
-0.29050683975219727
-0.21424183249473572
1.7786929607391357
4.560609340667725
3.8634912967681885
1.0060436725616455
-0.944062352180481
-0.8679395914077759
-0.07760860025882721
1.17135751247406
-2.5329344272613525
-4.0094194412231445
-0.5593122243881226
3.7151694297790527
3.296329975128174
0.19924485683441162
-0.7522257566452026
-0.1995130479335785
0.2178393006324768
5.772284507751465
3.126936197280884
1.948103427886963
3.2601842880249023
3.0600857734680176
0.7880185842514038
-0.9990049600601196
-0.24821621179580688
0.584571361541748
0.5227935314178467
6.934006690979004
7.651366710662842
8.132654190063477
6.97730827331543
3.3227484226226807
0.23486460745334625
-0.21748501062393188
0.6403162479400635
0.9685350656509399
0.5496792793273926
0.001142643392086029
0.08404824137687683
0.12638092041015625
0.14253847301006317
0.2687883675098419
0.5656020641326904
0.7807676196098328
0.869696319103241
0.7632626295089722
0.4838695526123047
0.02356351539492607
0.15701621770858765
0.2859485447406769
0.45917370915412903
0.8872053623199463
1.578476905822754
2.2109696865081787
2.531114339828491
2.5899569988250732
2.2217862606048584
0.08112786710262299
0.17785191535949707
0.3819628059864044
0.5873684883117676
0.8694144487380981
1.6990532875061035
2.5039803981781006
2.5784378051757812
2.510695219039917
2.517033100128174
-0.02572970651090145
0.026740193367004395
0.15754638612270355
0.17878198623657227
-0.013726893812417984
-0.23314949870109558
-0.7352343797683716
-1.3906863927841187
-1.3879197835922241
-0.7038580775260925
-0.5540791153907776
-0.938295304775238
-0.994067907333374
-0.5261008143424988
0.3032292425632477
-0.0059878211468458176
-1.3766895532608032
-2.0471410751342773
-2.1152985095977783
-1.68967866897583
-0.7352615594863892
-1.9429277181625366
-2.11472225189209
-1.17974054813385
0.3633003532886505
1.4105892181396484
1.152031660079956
0.8075751662254333
0.3238023817539215
-0.18323667347431183
0.08261818438768387
-1.7609148025512695
-2.7409920692443848
-2.539809226989746
-1.6548882722854614
-0.11871702969074249
0.9075698256492615
1.4704593420028687
1.150688886642456
0.29939883947372437
1.2342722415924072
0.9202720522880554
0.061585433781147
-1.0336580276489258
-1.4562748670578003
-0.6565853953361511
0.5171447396278381
1.2699626684188843
0.8211860656738281
0.12235971540212631
0.09398730844259262
1.7051525115966797
2.31969952583313
1.4423081874847412
0.3566019535064697
0.2849217653274536
0.905820369720459
0.9561281204223633
0.17644701898097992
-0.10710237175226212
-1.9862850904464722
-0.8865745663642883
0.31267595291137695
0.6364225149154663
0.4926316738128662
0.6630533933639526
0.5345418453216553
-0.024177400395274162
-0.34032121300697327
-0.14365985989570618
0.26551544666290283
-0.098140649497509
-0.534689724445343
-0.23891276121139526
0.7491114735603333
1.856041431427002
2.3107800483703613
2.301870584487915
2.864978313446045
3.781559705734253
0.06414968520402908
-0.9144067764282227
-1.7808526754379272
-1.1983228921890259
0.7460319399833679
2.2496426105499268
1.882063388824463
0.9914080500602722
1.8998630046844482
3.952962875366211
-0.38158291578292847
-2.1947414875030518
-3.731905698776245
-2.5717458724975586
1.0550100803375244
3.0036892890930176
1.5667461156845093
-0.09560173004865646
1.0722886323928833
3.8177032470703125
-1.017657995223999
-3.919172525405884
-5.86698579788208
-2.9722793102264404
3.1965062618255615
6.522200107574463
4.806822776794434
2.355698823928833
2.440744161605835
3.9257378578186035
-1.084430456161499
-4.062390327453613
-5.338569641113281
-1.8894060850143433
4.190432071685791
8.337591171264648
7.553534507751465
4.349492073059082
2.264343738555908
2.08996319770813
-0.6785901188850403
-1.9757393598556519
-2.5865275859832764
-1.697613000869751
1.6526752710342407
5.91510009765625
7.981802463531494
5.70684814453125
1.8634033203125
0.5636509656906128
-0.6995289921760559
1.4999397993087769
1.747748851776123
-0.006307527422904968
-0.023650184273719788
3.786548376083374
7.7303466796875
6.753638744354248
2.143400192260742
0.2350115180015564
-2.294325113296509
2.180264472961426
4.164017677307129
1.202746868133545
-0.6461679339408875
2.91866397857666
6.704997539520264
5.949741840362549
2.0408217906951904
0.34901076555252075
-4.024941921234131
-0.4600275158882141
2.705814838409424
1.4666796922683716
0.4205287992954254
3.2264368534088135
5.542008876800537
4.355240345001221
1.5900577306747437
0.4058007299900055
-3.6458747386932373
-2.537477731704712
-0.5711638331413269
1.1888179779052734
2.7513043880462646
4.520240783691406
4.605838775634766
2.808961868286133
0.9388272166252136
0.3777361214160919
0.4948657155036926
0.9404208660125732
1.8368582725524902
2.1197352409362793
1.1120567321777344
0.04114969074726105
-0.061265163123607635
0.03293825685977936
-0.4147878587245941
-0.9930832386016846
0.6502687931060791
1.2696462869644165
1.4259270429611206
-0.2428991198539734
-2.5316078662872314
-3.3035075664520264
-2.6086065769195557
-1.9670982360839844
-1.5153976678848267
-0.5260220170021057
0.8323602080345154
1.0225017070770264
-0.2732740044593811
-2.638549566268921
-3.8195137977600098
-3.2016782760620117
-1.979560375213623
-1.1653767824172974
0.007752656936645508
1.6679623126983643
0.6061460971832275
-0.49454668164253235
-2.477341890335083
-2.6564900875091553
-0.3887570798397064
2.047422170639038
2.667902708053589
2.6128807067871094
3.509208917617798
4.33887243270874
0.07123671472072601
-2.3703627586364746
-3.525416612625122
-0.9741615056991577
3.523729085922241
6.3877363204956055
5.599939346313477
4.189967155456543
4.156158447265625
4.066930770874023
0.2319592535495758
-2.0100414752960205
-2.273447275161743
0.6677381992340088
3.7601046562194824
4.566873073577881
3.2410082817077637
2.2029881477355957
1.930684208869934
1.5342295169830322
0.4491925537586212
0.43097490072250366
1.2712886333465576
2.5015881061553955
2.3306000232696533
1.7171287536621094
1.8650364875793457
2.466848850250244
2.040046453475952
0.9404581189155579
-0.4642274081707001
1.4521522521972656
2.777095317840576
1.2290509939193726
-0.7602190375328064
0.16564927995204926
2.5293731689453125
3.970062255859375
2.855255365371704
1.1256881952285767
-1.566602349281311
-0.4455871284008026
0.32273244857788086
-0.8749781847000122
-1.2388458251953125
1.249598741531372
3.8835442066192627
4.742240905761719
2.815981388092041
1.0127145051956177
-0.6095843315124512
-0.43129870295524597
-0.08065814524888992
0.6553402543067932
2.2695579528808594
4.22792387008667
5.070929050445557
4.074934959411621
2.005983352661133
0.7609920501708984
0.32264935970306396
0.49978333711624146
1.1101126670837402
2.2766010761260986
3.564199209213257
4.729996681213379
5.679773330688477
6.282942771911621
6.333982944488525
5.23490571975708
0.3324810266494751
0.7144312858581543
2.089367151260376
4.474399089813232
6.677008628845215
8.200177192687988
8.913894653320312
9.151192665100098
9.405623435974121
8.15146255493164
0.27380597591400146
0.8485330939292908
3.4979608058929443
7.753788471221924
10.612813949584961
10.494461059570312
9.021028518676758
8.426607131958008
8.818623542785645
7.298408508300781
0.17734774947166443
1.4030324220657349
6.498262405395508
13.218770027160645
15.804089546203613
12.776089668273926
8.300060272216797
6.687752723693848
6.482216835021973
4.247894287109375
0.03601609170436859
1.5795209407806396
7.470132350921631
13.822389602661133
14.866691589355469
11.074519157409668
6.510268688201904
4.441712379455566
3.749382257461548
1.874560832977295
1.7435173988342285
3.292186737060547
7.135261058807373
10.17828369140625
10.494580268859863
9.05674934387207
6.2310075759887695
3.6669371128082275
2.260380268096924
1.0206377506256104
5.131545543670654
7.019444942474365
7.494105339050293
7.388147354125977
8.51506519317627
9.875076293945312
7.76205587387085
3.8558976650238037
1.556702971458435
0.6261919140815735
7.268293380737305
9.73770809173584
8.77670669555664
7.565296649932861
9.92131519317627
12.006383895874023
8.793380737304688
3.27323055267334
0.5892189145088196
0.27577462792396545
6.651256084442139
9.022957801818848
8.241472244262695
8.616991996765137
11.326580047607422
11.648059844970703
6.590641498565674
1.3508095741271973
-0.1850600242614746
0.1985374391078949
4.667282581329346
6.511739730834961
7.077899932861328
8.534452438354492
9.63741397857666
7.080672264099121
2.313971996307373
-0.3181043863296509
-0.15720291435718536
0.31230708956718445
0.021528426557779312
-0.006566863507032394
-0.7841580510139465
-2.6026079654693604
-4.63087797164917
-5.85750675201416
-5.746799468994141
-5.183658599853516
-4.83380126953125
-4.230618476867676
0.030868880450725555
-0.17953164875507355
-0.9736368060112
-1.4980663061141968
-0.6390663981437683
1.8497627973556519
5.242298126220703
7.5315423011779785
7.993181228637695
6.879637718200684
0.12734191119670868
0.2673914432525635
1.0175199508666992
2.762214183807373
4.8207478523254395
7.166884899139404
9.600088119506836
11.150511741638184
10.977436065673828
8.973115921020508
0.24092312157154083
1.5296670198440552
3.9660227298736572
5.521789073944092
4.332059383392334
1.2872639894485474
-1.4834234714508057
-2.372386932373047
-1.8883041143417358
-1.2982310056686401
-0.041559185832738876
2.042192220687866
5.11860466003418
6.619927406311035
4.714273929595947
0.3618379831314087
-4.0816826820373535
-6.484381198883057
-6.044404029846191
-4.455734729766846
-0.9689404368400574
-0.48244503140449524
0.6193197965621948
2.1995937824249268
2.5681090354919434
1.9482682943344116
0.8801934123039246
-0.41683652997016907
-0.9306746125221252
-0.9977546334266663
0.2589261829853058
-1.7881747484207153
-5.090285301208496
-6.919970512390137
-5.805878162384033
-2.4859354496002197
0.5228927135467529
2.0185420513153076
1.5230815410614014
0.4099586308002472
4.260069847106934
2.8023815155029297
-1.1659198999404907
-4.224201202392578
-3.9119486808776855
-1.0135077238082886
1.5859143733978271
2.394770383834839
1.4285091161727905
0.22828756272792816
5.193301677703857
6.779520034790039
8.1522216796875
8.952011108398438
7.88925313949585
5.452008247375488
2.9395015239715576
1.0382568836212158
0.32586708664894104
-0.04973161593079567
1.743456482887268
4.256959438323975
8.095617294311523
10.268519401550293
7.9430131912231445
3.4428598880767822
0.019169757142663002
-0.9421049952507019
-0.3864579498767853
-0.03885141387581825
0.14939099550247192
0.14648078382015228
0.1783503293991089
0.09771470725536346
-0.04441521316766739
-0.21826905012130737
-0.7413359880447388
-1.464742660522461
-1.8235176801681519
-1.7603790760040283
0.14068050682544708
0.08968952298164368
-0.08884471654891968
-0.5748450756072998
-1.2020211219787598
-2.231233835220337
-3.4703497886657715
-4.0291900634765625
-4.034947872161865
-3.9713544845581055
0.11923491209745407
0.06307140737771988
-0.09670476615428925
-0.12493099272251129
-0.13116280734539032
-0.030853206291794777
1.0139107704162598
2.3402421474456787
2.694113254547119
1.8005510568618774
0.11478328704833984
-0.018885860219597816
0.06426023691892624
0.3107517659664154
-0.08031175285577774
0.6128039956092834
3.1860899925231934
5.316637992858887
5.739557266235352
4.6895318031311035
0.27263113856315613
0.6261543035507202
1.6960842609405518
1.7011457681655884
0.2545962333679199
-0.16549324989318848
0.3127968907356262
1.09579336643219
1.5649126768112183
1.701671838760376
-0.038916148245334625
0.9493102431297302
2.9687998294830322
3.8684825897216797
3.916261672973633
3.3106813430786133
1.2948009967803955
-0.3422369658946991
-0.6026058197021484
-0.1115642786026001
-0.707406222820282
-0.7698584794998169
0.3842497766017914
2.2373106479644775
4.311663627624512
4.765567779541016
2.3983395099639893
0.2792303264141083
-0.11965534090995789
0.06475427746772766
0.112397201359272
-1.447873592376709
-2.664048433303833
-2.1258835792541504
-0.1508227437734604
1.0585346221923828
0.04596620425581932
0.3976801633834839
1.0207290649414062
0.5423368811607361
2.041407346725464
1.1281944513320923
-0.6597176194190979
-2.0896482467651367
-1.9647995233535767
-1.2874255180358887
-0.37368741631507874
1.5608879327774048
1.8252015113830566
0.6651049256324768
2.2683403491973877
3.144362211227417
3.7034571170806885
3.5940732955932617
2.7757015228271484
1.963637113571167
2.211329698562622
2.4437155723571777
1.45515775680542
0.4341413974761963
-0.16044940054416656
-0.4684837758541107
-0.8046973943710327
-0.901003360748291
-0.8901715874671936
-0.8911293148994446
-0.7176156044006348
-0.6752217411994934
-0.6760620474815369
-0.26616376638412476
-0.21289755403995514
-0.4679606854915619
-0.603728175163269
-0.6414850354194641
-0.6537334322929382
-0.7521371841430664
-1.0980687141418457
-1.6226550340652466
-2.190106153488159
-2.1976380348205566
-0.2554338574409485
-0.2928001284599304
-0.4823605716228485
-0.9662105441093445
-1.218947172164917
-0.9784495234489441
-0.8835469484329224
-1.2185274362564087
-1.9685823917388916
-2.382431983947754
0.09574587643146515
0.4515398442745209
-0.019391346722841263
-1.592239260673523
-2.426622152328491
-1.3612580299377441
-0.04533075541257858
0.13662056624889374
-0.4753074049949646
-0.8397622108459473
0.5099120140075684
1.2646204233169556
0.3990577757358551
-1.9033138751983643
-3.586200475692749
-3.236445903778076
-2.004887819290161
-0.9693758487701416
-0.696811318397522
-0.6846917271614075
0.005465812981128693
1.0664498805999756
0.6154030561447144
-0.9486450552940369
-2.178332567214966
-3.0811121463775635
-2.7338333129882812
-1.4159694910049438
-0.7053535580635071
-0.43693554401397705
-1.2390632629394531
-0.9722399115562439
-0.362893670797348
0.2059917002916336
-0.3027917444705963
-1.7648839950561523
-1.9675322771072388
-1.1636052131652832
-0.6551719903945923
-0.30873000621795654
-1.5718990564346313
-2.7875473499298096
-2.1433358192443848
-0.49775680899620056
-0.3102547824382782
-1.6090062856674194
-1.8368334770202637
-1.327261209487915
-0.9014312028884888
-0.3709065616130829
-0.21996235847473145
-1.598742127418518
-1.983577847480774
-1.6205525398254395
-1.688200831413269
-2.442370653152466
-1.9604823589324951
-1.1714162826538086
-0.7892053127288818
-0.33867210149765015
0.5271545052528381
0.03185020759701729
-0.6063348054885864
-1.4930514097213745
-2.2912020683288574
-2.2298200130462646
-1.192711591720581
-0.7381157279014587
-0.57612144947052
-0.264643132686615
0.04118537902832031
-0.37150394916534424
-1.5832250118255615
-3.594817638397217
-5.727355003356934
-7.4057745933532715
-8.241279602050781
-8.591813087463379
-8.317442893981934
-6.5494384765625
-0.13746649026870728
-1.0009899139404297
-2.8864691257476807
-5.16552209854126
-6.219254970550537
-5.424633979797363
-3.6194345951080322
-2.743833303451538
-2.868507146835327
-2.211120367050171
-0.17020055651664734
-0.7055268287658691
-1.7015043497085571
-2.0585265159606934
0.39328670501708984
5.222486972808838
9.170259475708008
9.930116653442383
8.185277938842773
5.874180316925049
0.1493089497089386
0.43958020210266113
-0.015742018818855286
-0.5693803429603577
0.7899654507637024
3.8722786903381348
6.068114757537842
6.758578300476074
6.085313320159912
4.132890224456787
0.9820618033409119
3.123790979385376
4.340353965759277
3.669423818588257
1.2587499618530273
-1.19249427318573
-1.7912533283233643
-0.7717039585113525
0.27616602182388306
0.2214236557483673
-0.6848848462104797
2.724951982498169
6.5706586837768555
8.304243087768555
5.079422473907471
-0.25034278631210327
-2.198793411254883
-1.114614486694336
-0.039658427238464355
0.006511669605970383
-4.247926235198975
-3.0665836334228516
0.1683957576751709
3.25656795501709
2.586282253265381
-0.47549712657928467
-1.2269806861877441
0.16953548789024353
0.7599282264709473
0.4141858220100403
-2.3732070922851562
-5.224562168121338
-5.621260643005371
-4.158387660980225
-2.337179183959961
-0.6900505423545837
1.2483450174331665
1.9879704713821411
0.9841247797012329
0.18576793372631073
4.453690052032471
1.5326822996139526
-0.4088418483734131
-0.13271896541118622
2.0444815158843994
4.142014980316162
4.6269402503967285
2.4580581188201904
0.32411980628967285
-0.13440993428230286
7.359530448913574
8.535521507263184
8.16369342803955
7.7441487312316895
7.510025501251221
6.404968738555908
3.5160410404205322
0.6785187125205994
-0.3297121524810791
-0.08143830299377441
0.10500824451446533
-0.422179639339447
-1.2999720573425293
-1.313059687614441
-0.28780192136764526
0.12558123469352722
-0.47002214193344116
-0.827894926071167
-0.028453238308429718
0.8603225350379944
-0.18435314297676086
-1.3451529741287231
-2.0478897094726562
-0.6076701283454895
1.0927534103393555
0.5084941983222961
-0.9814842343330383
-1.2211941480636597
-0.2210414856672287
0.04741017520427704
-0.6404761672019958
-1.9237993955612183
-1.0282318592071533
2.7231762409210205
5.09162712097168
4.307635307312012
3.323054313659668
3.6704728603363037
4.180218696594238
2.664004325866699
-0.9504743218421936
-1.2549147605895996
1.8102856874465942
6.402958393096924
7.6356201171875
6.57417106628418
6.214072227478027
6.7741594314575195
6.917619705200195
4.6211042404174805
-0.3937033414840698
1.3626618385314941
5.351090908050537
7.590863227844238
5.577106475830078
3.319962978363037
2.6488187313079834
2.4824600219726562
2.7968780994415283
2.0445168018341064
0.5468928813934326
4.052206993103027
7.4692301750183105
7.6052141189575195
5.252614974975586
3.277236223220825
1.4063953161239624
-0.7090598344802856
-0.7484380006790161
-0.00010768696665763855
0.6425691843032837
3.6097230911254883
4.877031326293945
5.150641918182373
6.597933769226074
7.271684169769287
3.5463414192199707
-0.9461281895637512
-1.5795936584472656
-0.26929283142089844
1.189839482307434
1.3554770946502686
0.22841668128967285
0.988783061504364
5.237602710723877
7.252325057983398
3.396045446395874
-0.8356760144233704
-1.377685546875
-0.26602500677108765
4.179730415344238
2.8818562030792236
0.3454839587211609
0.6850243210792542
4.25304651260376
5.413487911224365
2.299326181411743
-0.560081422328949
-0.8573042154312134
-0.16309209167957306
5.988524913787842
6.688769340515137
5.426490783691406
5.2005205154418945
5.591338634490967
4.188539505004883
1.2692210674285889
-0.42445850372314453
-0.3950091004371643
0.040693216025829315
0.10223811864852905
0.2422369420528412
0.19123737514019012
-0.46014195680618286
-1.2183507680892944
-1.6637587547302246
-2.288445472717285
-3.1399567127227783
-3.5093436241149902
-2.940415382385254
0.10146986693143845
0.04576149210333824
-0.8316988348960876
-2.4978878498077393
-4.038018703460693
-5.569064140319824
-7.268206596374512
-8.385926246643066
-8.704596519470215
-7.829643726348877
0.17626050114631653
0.034786537289619446
-0.8131744861602783
-1.6952183246612549
-1.902798056602478
-1.7204455137252808
-0.8692691922187805
-0.0323387086391449
-0.6770716905593872
-1.7423313856124878
0.190773144364357
0.09345927834510803
-0.5753543376922607
-1.390202283859253
-1.3859055042266846
0.42682790756225586
4.099853515625
6.875183582305908
6.64375114440918
4.762125492095947
0.8691325783729553
1.6936112642288208
1.8269710540771484
0.09876426309347153
-2.0359458923339844
-2.319451332092285
-0.5851627588272095
1.8845294713974
3.135251045227051
2.9911270141601562
0.8653120994567871
3.125572443008423
5.367791175842285
5.51692008972168
2.967820405960083
-0.2746560573577881
-2.0612881183624268
-2.22884202003479
-1.27381432056427
0.04515186697244644
-1.5916050672531128
-0.20395410060882568
2.731264591217041
5.543656349182129
5.786329746246338
2.928187131881714
-0.05524218827486038
-1.8975560665130615
-1.849127173423767
-0.5208016633987427
-2.641587734222412
-4.520914554595947
-4.619200229644775
-2.1771273612976074
0.29047632217407227
0.3055732846260071
-1.0083261728286743
-1.2713066339492798
-0.8244670629501343
-0.17119091749191284
0.8539757132530212
-2.09576416015625
-4.609559535980225
-5.483662128448486
-4.297547340393066
-2.819870948791504
-1.2067700624465942
0.39726102352142334
0.4511656165122986
0.08608035743236542
4.524150848388672
4.379430294036865
3.40714430809021
1.774560809135437
0.5351126194000244
0.5730985999107361
1.6867631673812866
1.7963558435440063
0.7098504900932312
0.06554076820611954
