-3.9620447158813477
-6.4728169441223145
7.7254319190979
1.3374228477478027
-4.352926254272461
-6.1234588623046875
-7.3789381980896
-4.966703414916992
1.6399167776107788
-0.5245689749717712
6.69655704498291
5.875029563903809
-8.481496810913086
-5.983515739440918
1.484244704246521
2.5234150886535645
-0.44985806941986084
0.38630515336990356
6.27099609375
-4.52950382232666
8.92162799835205
-8.670696258544922
-9.038372039794922
9.81502914428711
2.4335134029388428
0.7684330940246582
8.28233814239502
-4.673798084259033
5.296126365661621
6.076381683349609
-5.018609523773193
2.690045118331909
1.8174785375595093
9.954391479492188
4.6388163566589355
10.609070777893066
7.179734706878662
-5.011489391326904
5.587292194366455
-7.31461238861084
-5.230234146118164
3.826477527618408
1.0095261335372925
11.214700698852539
-1.9524420499801636
3.772627830505371
-3.8649935722351074
-2.5101191997528076
-1.9060722589492798
7.782515048980713
4.378829479217529
15.047968864440918
-5.106940269470215
5.977650165557861
3.7926013469696045
0.7730984091758728
8.320473670959473
10.641582489013672
5.067021369934082
3.2082366943359375
8.0070219039917
-3.9283711910247803
-4.878177642822266
11.772218704223633
9.810515403747559
-1.8587446212768555
5.188253402709961
-8.818978309631348
0.9859204888343811
10.717263221740723
3.5993335247039795
10.559990882873535
4.5831298828125
-0.7133462429046631
4.068122863769531
2.2471156120300293
5.09929084777832
14.211286544799805
3.4449238777160645
2.6681671142578125
2.694011926651001
1.76409912109375
7.988320827484131
-8.731013298034668
