0.0
5.374447345733643
2.2233097553253174
1.3075546026229858
0.0
2.55556321144104
0.0
0.0
0.0
7.628700256347656
0.2360667586326599
3.334890127182007
0.0
0.0
3.7973546981811523
0.6267592906951904
0.0
1.7730605602264404
4.526492118835449
0.0
0.0
1.904476523399353
0.0
0.1839047521352768
1.2217601537704468
5.544124603271484
0.5583765506744385
0.0
0.0
4.349226951599121
2.575648069381714
1.5217227935791016
1.6836826801300049
3.953638792037964
3.2414870262145996
1.0937132835388184
5.759897708892822
0.0
4.757133960723877
0.0
0.09476288408041
0.0
4.049302577972412
5.646913528442383
0.0
8.381521224975586
0.0
0.0
0.0
0.733950674533844
0.0
1.2104978561401367
0.0
5.355905055999756
3.017559051513672
0.9957901835441589
6.3385009765625
12.459599494934082
2.8681254386901855
0.0
0.0
0.6186151504516602
0.0
1.8969707489013672
4.936967372894287
0.0
1.2315754890441895
0.0
1.7955580949783325
3.6832590103149414
5.05270528793335
5.577133655548096
1.9942281246185303
5.353271007537842
0.0
0.0
4.211456298828125
4.30759859085083
3.8617494106292725
0.0
0.0
0.0
0.16744913160800934
0.0
