0.0
0.0
7.7254319190979
1.3374228477478027
0.0
0.0
0.0
0.0
1.6399167776107788
0.0
6.69655704498291
5.875029563903809
0.0
0.0
1.484244704246521
2.5234150886535645
0.0
0.38630515336990356
6.27099609375
0.0
8.92162799835205
0.0
0.0
9.81502914428711
2.4335134029388428
0.7684330940246582
8.28233814239502
0.0
5.296126365661621
6.076381683349609
0.0
2.690045118331909
1.8174785375595093
9.954391479492188
4.6388163566589355
10.609070777893066
7.179734706878662
0.0
5.587292194366455
0.0
0.0
3.826477527618408
1.0095261335372925
11.214700698852539
0.0
3.772627830505371
0.0
0.0
0.0
7.782515048980713
4.378829479217529
15.047968864440918
0.0
5.977650165557861
3.7926013469696045
0.7730984091758728
8.320473670959473
10.641582489013672
5.067021369934082
3.2082366943359375
8.0070219039917
0.0
0.0
11.772218704223633
9.810515403747559
0.0
5.188253402709961
0.0
0.9859204888343811
10.717263221740723
3.5993335247039795
10.559990882873535
4.5831298828125
0.0
4.068122863769531
2.2471156120300293
5.09929084777832
14.211286544799805
3.4449238777160645
2.6681671142578125
2.694011926651001
1.76409912109375
7.988320827484131
0.0
