-3.377504348754883
5.374447345733643
2.2233097553253174
1.3075546026229858
-2.5399181842803955
2.55556321144104
-2.770625591278076
-3.657719373703003
-0.3565497100353241
7.628700256347656
0.2360667586326599
3.334890127182007
-3.860543966293335
-4.793962001800537
3.7973546981811523
0.6267592906951904
-1.7062950134277344
1.7730605602264404
4.526492118835449
-2.90142822265625
-2.6653921604156494
1.904476523399353
-0.6183499693870544
0.1839047521352768
1.2217601537704468
5.544124603271484
0.5583765506744385
-4.363450527191162
-0.5372176170349121
4.349226951599121
2.575648069381714
1.5217227935791016
1.6836826801300049
3.953638792037964
3.2414870262145996
1.0937132835388184
5.759897708892822
-3.375359535217285
4.757133960723877
-0.18099871277809143
0.09476288408041
-0.24933350086212158
4.049302577972412
5.646913528442383
-1.1651387214660645
8.381521224975586
-1.4188342094421387
-3.3502464294433594
-2.061707019805908
0.733950674533844
-0.7304075956344604
1.2104978561401367
-2.7161312103271484
5.355905055999756
3.017559051513672
0.9957901835441589
6.3385009765625
12.459599494934082
2.8681254386901855
-0.2119273543357849
-1.184308648109436
0.6186151504516602
-7.2923383712768555
1.8969707489013672
4.936967372894287
-2.726184606552124
1.2315754890441895
-6.3517680168151855
1.7955580949783325
3.6832590103149414
5.05270528793335
5.577133655548096
1.9942281246185303
5.353271007537842
-1.3572757244110107
-2.1747069358825684
4.211456298828125
4.30759859085083
3.8617494106292725
-1.0279452800750732
-0.9531435966491699
-0.7658304572105408
0.16744913160800934
-0.11138292402029037
