0.01077671442180872
0.5843438506126404
1.2317146062850952
1.0816311836242676
-0.09778355062007904
-0.7134661674499512
-0.7210045456886292
-0.6533549427986145
-0.9675636887550354
-0.6147257685661316
0.703321635723114
1.336303949356079
0.877341628074646
-1.0020354986190796
-2.545334815979004
-2.5131967067718506
-2.671814203262329
-2.8988969326019287
-2.7358126640319824
-1.152443528175354
1.6797142028808594
2.366978883743286
1.3493446111679077
0.36165791749954224
0.989957869052887
1.1997328996658325
-1.098460078239441
-3.4361941814422607
-3.3091068267822266
-1.3118371963500977
1.4016441106796265
3.0226433277130127
3.9398980140686035
5.119213581085205
6.465733528137207
5.305751323699951
1.598136305809021
-2.156873941421509
-2.552579879760742
-1.2208333015441895
0.34719613194465637
3.0531728267669678
4.73425817489624
4.569456100463867
4.474921226501465
4.039393424987793
1.5058822631835938
-2.1044511795043945
-2.459357738494873
-1.175584077835083
0.5836958289146423
2.67154598236084
2.998157501220703
1.6142011880874634
1.6478065252304077
2.1075844764709473
-0.5596685409545898
-3.225010871887207
-2.588871717453003
-1.0478309392929077
0.8768133521080017
2.4117929935455322
3.575218677520752
3.7901813983917236
4.096602439880371
3.3874921798706055
-0.4808509349822998
-2.5211846828460693
-1.621639370918274
-0.6664549112319946
0.06767797470092773
1.644010305404663
4.818574905395508
6.782777309417725
6.216330528259277
4.122368335723877
0.5004245042800903
-1.0267045497894287
-0.6946888566017151
-0.29397034645080566
-0.23188048601150513
0.805435061454773
3.3998818397521973
5.8383259773254395
5.284505367279053
2.539275884628296
-0.294800728559494
-0.8390188217163086
-0.27148616313934326
-0.04975716769695282
0.044084060937166214
0.5716474056243896
1.9952819347381592
4.470618724822998
4.021707534790039
0.5578799247741699
-1.6847970485687256
-1.1929982900619507
-0.0750175416469574
0.14487476646900177
-0.46259358525276184
-1.6806600093841553
-2.7378952503204346
-2.315181255340576
-1.1098390817642212
-0.03589951992034912
1.151017427444458
2.7284903526306152
2.979621648788452
1.6086841821670532
-1.6338818073272705
-4.498067855834961
-5.877678871154785
-3.659196615219116
-1.2559269666671753
-1.128539800643921
0.8320452570915222
5.005496978759766
5.605867385864258
2.373204231262207
-1.9875539541244507
-5.581535816192627
-6.051671981811523
-1.6933315992355347
0.4397958219051361
-1.733416199684143
1.4516719579696655
8.587735176086426
8.139260292053223
2.569587469100952
-1.6863259077072144
-5.057448863983154
-4.183131217956543
1.4124001264572144
1.3612648248672485
-2.4630515575408936
3.4924135208129883
12.066330909729004
8.89197063446045
2.030454158782959
-1.8554874658584595
-4.32074499130249
-3.058239698410034
0.35702213644981384
-2.239630699157715
-3.873652935028076
6.384048938751221
14.076598167419434
7.9156622886657715
1.432081937789917
-1.3526113033294678
-3.6967713832855225
-4.632018566131592
-4.344205856323242
-6.3929901123046875
-2.5810089111328125
10.061091423034668
13.869598388671875
6.2610764503479
1.1987190246582031
-0.546303927898407
-3.1107895374298096
-5.2862935066223145
-6.218994140625
-5.578020095825195
2.4918839931488037
13.21249008178711
12.049629211425781
4.4517951011657715
1.161847472190857
-0.7009928226470947
-2.3092916011810303
-3.559664487838745
-5.747385501861572
-4.371120452880859
6.337322235107422
14.33485221862793
9.319076538085938
2.5613481998443604
0.6498883962631226
-0.459776371717453
-1.0619275569915771
-2.7353715896606445
-6.872568607330322
-4.253933429718018
8.750500679016113
13.602852821350098
6.075338840484619
0.8541896343231201
0.23462709784507751
-0.022648092359304428
-0.382142573595047
-3.5381922721862793
-8.442316055297852
-3.544849157333374
9.434642791748047
11.228799819946289
3.3594563007354736
0.20316383242607117
0.26602962613105774
-0.030472055077552795
0.2169993668794632
1.070402979850769
2.4528751373291016
3.4806716442108154
3.925823450088501
3.966536283493042
3.604218006134033
2.3371219635009766
0.7694653868675232
-0.32940196990966797
0.16263902187347412
2.009521961212158
3.819314479827881
4.377536296844482
4.6110310554504395
4.929707050323486
4.9008026123046875
2.992737293243408
0.9169594645500183
0.2272006720304489
1.4215612411499023
2.7387094497680664
3.025059461593628
2.679814100265503
2.9989194869995117
4.095797061920166
4.286665916442871
2.344684362411499
0.6591658592224121
0.870566189289093
0.8530797958374023
0.34228894114494324
0.010852167382836342
1.3091497421264648
2.765660524368286
3.8656234741210938
3.742025852203369
1.9217418432235718
0.6299517750740051
-0.2172328233718872
-1.1247140169143677
-1.5349708795547485
0.5724331736564636
3.5365536212921143
4.348282337188721
4.5611395835876465
3.6215546131134033
1.9240026473999023
0.7602839469909668
-0.5912113785743713
-0.5842632055282593
0.45098721981048584
2.7381160259246826
4.346771240234375
4.420158863067627
4.277629375457764
3.0415782928466797
1.526407241821289
0.6854227185249329
0.5367799997329712
0.8169212341308594
0.6655230522155762
1.5436506271362305
2.2673141956329346
2.926034450531006
2.8538057804107666
1.4349912405014038
0.6595026254653931
0.2990909218788147
0.3707009553909302
-0.07345721125602722
-0.8683363795280457
-0.21384292840957642
0.8940937519073486
1.9661247730255127
1.630420207977295
0.45423129200935364
0.10409308224916458
0.1162579283118248
-0.17418250441551208
-0.8450061082839966
-0.6507104635238647
0.1291910707950592
0.8688751459121704
2.0626065731048584
1.893211007118225
0.6842201352119446
0.269546777009964
0.14845047891139984
0.006358759477734566
-0.08828781545162201
0.24258418381214142
0.34532690048217773
0.5711348056793213
1.7803661823272705
1.7225959300994873
0.8032966256141663
0.26077717542648315
0.09759646654129028
0.17620670795440674
1.155648946762085
3.75160813331604
6.792636871337891
8.742828369140625
9.188859939575195
8.140433311462402
6.387016296386719
4.3477911949157715
1.7976797819137573
1.3821094036102295
4.3339924812316895
7.537846565246582
8.500679969787598
7.595508098602295
6.632787704467773
5.6465888023376465
4.79885196685791
3.0913572311401367
1.1064404249191284
1.6911150217056274
2.4668984413146973
0.9060999751091003
-2.588674545288086
-4.05525016784668
-2.0471882820129395
-0.5907350182533264
-0.10671684145927429
-0.7117302417755127
-0.45796114206314087
-0.6885193586349487
-2.813307523727417
-5.702618598937988
-6.748073577880859
-3.499878406524658
0.27743446826934814
0.6414906978607178
-0.8466656804084778
-1.5094794034957886
-0.20347528159618378
-0.8717352747917175
-0.8488562703132629
0.6897821426391602
3.8838841915130615
7.386641979217529
7.270362854003906
4.234569072723389
0.7043962478637695
-0.08740760385990143
0.802393913269043
1.0343161821365356
2.8779079914093018
4.231166839599609
5.258378505706787
5.197543144226074
2.996802568435669
0.3754991292953491
-1.6326727867126465
-1.0675722360610962
0.20056134462356567
0.23647305369377136
-0.25757700204849243
-1.7635263204574585
-2.593594789505005
-3.367668867111206
-4.498107433319092
-5.171176910400391
-4.878352165222168
-2.6407229900360107
-0.7369173169136047
-0.5408196449279785
-1.937241792678833
-2.919527053833008
-2.46417236328125
-2.8403661251068115
-3.9709270000457764
-4.716941833496094
-3.6250224113464355
-1.3877458572387695
-0.22323839366436005
-0.03305159509181976
-0.01429036259651184
0.7328898906707764
1.6602966785430908
0.8763877153396606
-0.9138192534446716
-1.789566993713379
-0.45942258834838867
0.44393664598464966
0.2465115338563919
0.17471908032894135
0.5289703607559204
1.020369291305542
1.1908824443817139
-0.481400728225708
-2.168828010559082
-2.141724109649658
-0.16009308397769928
0.4463975429534912
0.1123092770576477
-0.700940728187561
-2.788078784942627
-5.831030368804932
-8.460633277893066
-9.94284725189209
-10.406759262084961
-9.327075004577637
-6.486625671386719
-3.5257184505462646
-1.0085564851760864
-0.5155966281890869
-2.2057125568389893
-4.207746505737305
-4.678744792938232
-4.128021717071533
-4.428569316864014
-5.18268346786499
-4.51249361038208
-2.3811988830566406
-0.38771361112594604
1.8872939348220825
3.719956874847412
5.45461368560791
7.592319965362549
8.597559928894043
5.601138591766357
2.051571846008301
0.7307783961296082
1.2185673713684082
0.9256625175476074
2.743104934692383
4.600644588470459
5.235498905181885
6.106725215911865
5.819325923919678
3.1718268394470215
2.043393135070801
2.6427695751190186
2.985685110092163
1.1718138456344604
-0.09805722534656525
-0.287954181432724
-1.4953533411026
-2.420984983444214
-3.3419668674468994
-2.99235463142395
-0.5473765134811401
1.9433337450027466
2.1977617740631104
0.5854793787002563
-0.2160811871290207
0.6569598913192749
1.4118918180465698
1.0784757137298584
0.2073175609111786
1.4611597061157227
3.214665651321411
4.395811557769775
3.0196173191070557
0.7112221717834473
1.644433856010437
4.086904525756836
6.797297954559326
7.783021450042725
7.3181586265563965
8.134042739868164
8.440308570861816
7.580741882324219
4.256676197052002
1.1555116176605225
0.527738094329834
1.871777892112732
4.61535120010376
5.644254207611084
5.585848331451416
7.128498077392578
8.010749816894531
6.504546165466309
3.140519142150879
0.9139290452003479
-0.4822555184364319
-0.3268674910068512
1.4534729719161987
2.0303661823272705
1.859618067741394
3.369020700454712
4.8028717041015625
3.4978084564208984
1.3535174131393433
0.4819721579551697
-0.05288460850715637
0.4468393623828888
1.8645334243774414
2.841392755508423
3.6291396617889404
4.27911376953125
4.200826168060303
2.2151360511779785
0.49909698963165283
0.2464531511068344
1.3533002138137817
1.64090895652771
0.24388882517814636
-1.8824224472045898
-2.954197883605957
-4.240569114685059
-5.721334457397461
-5.085488319396973
-2.8326494693756104
-1.0663548707962036
1.7681834697723389
1.5286046266555786
-1.3554409742355347
-3.9503674507141113
-4.260481834411621
-5.441610813140869
-7.7174458503723145
-7.4297943115234375
-4.613592147827148
-1.7242326736450195
1.7687294483184814
2.334531784057617
0.7299550771713257
-0.2277834117412567
0.6227582693099976
-1.2390540838241577
-5.500078201293945
-6.566187858581543
-4.09241247177124
-1.1767343282699585
3.0724360942840576
5.139286518096924
4.511969089508057
4.034578800201416
4.7844390869140625
1.6753286123275757
-3.9642162322998047
-5.316761493682861
-2.5555717945098877
-0.0059829652309417725
3.5576300621032715
5.332521915435791
3.9188239574432373
3.056145191192627
2.8689420223236084
-1.1746779680252075
-5.983781814575195
-5.897759437561035
-2.1251232624053955
0.18065078556537628
1.9958500862121582
2.916088581085205
2.645536422729492
2.6277644634246826
0.7609010934829712
-4.110036373138428
-7.112306594848633
-5.41922664642334
-1.4811837673187256
0.028953377157449722
1.4278329610824585
3.0193591117858887
4.708998203277588
5.5927557945251465
2.152276039123535
-3.0166118144989014
-4.741125583648682
-2.487607955932617
0.3281685411930084
0.4540744125843048
1.7119592428207397
3.831953287124634
6.768621921539307
7.648054122924805
3.0195353031158447
-1.7247982025146484
-2.351038932800293
0.03319331631064415
1.453122615814209
0.6703867316246033
1.055572271347046
2.621507167816162
6.034915447235107
6.838657379150391
1.4829562902450562
-3.152656078338623
-2.4329497814178467
0.5762947797775269
1.4357013702392578
0.5497279763221741
0.31279993057250977
1.3605037927627563
4.7931599617004395
5.324760437011719
-0.05134499818086624
-3.989319324493408
-2.539409637451172
0.3974003195762634
0.7115114331245422
0.26310786604881287
0.7345355749130249
0.9500017762184143
0.8469563722610474
0.6574162244796753
0.5156002044677734
0.2948607802391052
0.05534575879573822
-0.5361576676368713
-0.871839702129364
-0.31835901737213135
0.24334588646888733
0.9079680442810059
1.9680052995681763
2.724447727203369
3.1245369911193848
3.8196990489959717
3.47859525680542
1.2048283815383911
-0.15849874913692474
-0.01956559717655182
-0.23708857595920563
1.8482141494750977
4.73745584487915
5.66481351852417
4.985162734985352
5.195589065551758
4.257253646850586
0.852196216583252
-0.3613346815109253
0.0009459853172302246
1.28292977809906
4.580178260803223
6.426826000213623
3.6851487159729004
1.0762251615524292
2.7326865196228027
1.671343445777893
-2.157303810119629
-2.3398165702819824
-0.6318765878677368
1.7734893560409546
4.031795978546143
3.6413421630859375
-0.26740920543670654
-0.12449389696121216
4.0579447746276855
1.2667440176010132
-3.893909454345703
-3.3175363540649414
-0.7205715179443359
0.31998971104621887
1.3685228824615479
2.127171516418457
1.8985295295715332
5.669673919677734
8.127632141113281
1.9947293996810913
-3.145638942718506
-2.0201914310455322
-0.06003531813621521
0.10579486191272736
1.8248995542526245
4.000325679779053
5.347325325012207
8.142433166503906
6.649848937988281
-0.21250130236148834
-3.126983404159546
-1.3795382976531982
-0.056684136390686035
0.7781367301940918
2.7939491271972656
3.7384660243988037
4.390310764312744
5.938642501831055
2.4173550605773926
-3.330785036087036
-4.179234027862549
-1.9328508377075195
-0.3615054488182068
0.617170512676239
1.3025164604187012
1.6117486953735352
4.116598129272461
5.367134094238281
-0.054891347885131836
-4.924846649169922
-3.9102163314819336
-1.3730080127716064
-0.2646588683128357
0.2439943104982376
0.12566989660263062
1.0791655778884888
5.595462799072266
6.322275161743164
-0.318559467792511
-3.8347177505493164
-1.8514782190322876
-0.21440868079662323
-0.017765700817108154
-0.6880413293838501
-1.5354373455047607
-1.9563946723937988
-1.8078593015670776
-1.7943841218948364
-2.1209046840667725
-1.3218713998794556
-0.3784588873386383
-0.3359324634075165
-0.29961085319519043
-0.7986180782318115
-1.5162121057510376
-1.4262956380844116
-1.1312425136566162
-2.147494316101074
-2.565291166305542
-1.4867238998413086
-0.5858156681060791
-0.6503677368164062
-0.351285845041275
-0.2768831253051758
-0.6863032579421997
-1.1013801097869873
-1.6417486667633057
-2.9742889404296875
-3.293517589569092
-2.0607991218566895
-1.1739428043365479
-1.3012325763702393
-0.6243109107017517
-0.48835185170173645
-1.9192997217178345
-2.6901180744171143
-3.2350733280181885
-4.482213020324707
-4.4604692459106445
-2.632549524307251
-1.5934160947799683
-1.6722959280014038
-0.8649948239326477
-1.0217374563217163
-2.3647377490997314
-2.9212939739227295
-3.1882758140563965
-4.31318998336792
-4.108729362487793
-2.036271810531616
-1.435836911201477
-1.5017051696777344
-0.6865876913070679
-0.3933747410774231
-0.9909483790397644
-1.7247017621994019
-2.490246295928955
-3.5324554443359375
-3.1271495819091797
-1.7182869911193848
-1.574988842010498
-1.3160383701324463
-0.5833439826965332
-0.016768738627433777
-0.5531119108200073
-1.5895192623138428
-2.883791446685791
-3.586354970932007
-2.9966177940368652
-2.017505645751953
-1.9196434020996094
-1.2887569665908813
-0.5353947877883911
-0.3985574543476105
-1.0558453798294067
-2.235650062561035
-3.514416217803955
-3.6884992122650146
-2.6016178131103516
-2.1251845359802246
-1.7550452947616577
-1.0539189577102661
-0.46664857864379883
-0.19035524129867554
-0.6670162677764893
-1.825722575187683
-3.2051827907562256
-3.0606093406677246
-1.4932634830474854
-1.712352991104126
-1.3392763137817383
-0.5159837007522583
-0.15181243419647217
-0.052915289998054504
-0.17224915325641632
-1.0963720083236694
-2.4199771881103516
-2.1724348068237305
-0.8794943690299988
-1.3074527978897095
-1.003308892250061
-0.17171548306941986
-0.04539591446518898
0.4785359799861908
1.0014610290527344
1.433727741241455
2.055699586868286
3.0284883975982666
3.4660613536834717
3.2041425704956055
2.456371307373047
1.4887701272964478
0.47021111845970154
0.06316810101270676
0.22483916580677032
1.502110242843628
4.123791694641113
6.0615410804748535
6.543067455291748
6.419997215270996
5.756666660308838
3.360933542251587
0.8606674671173096
-1.1968227624893188
-1.203709602355957
1.5283342599868774
5.036465167999268
5.509280204772949
4.971535682678223
6.849635124206543
7.3757476806640625
3.9806368350982666
0.8180801272392273
-1.5380579233169556
-1.154718279838562
1.2741854190826416
1.9832977056503296
-0.12537148594856262
0.6552509665489197
5.134113311767578
5.966585636138916
2.5169503688812256
0.41905203461647034
-0.7401122450828552
-0.7406241297721863
-0.26347512006759644
-0.7729282379150391
-0.9930244088172913
2.25004506111145
6.05867862701416
4.703433036804199
1.4236412048339844
0.4515266418457031
-0.6938995122909546
-1.338552713394165
-0.32575806975364685
1.0332880020141602
3.1292307376861572
6.489043235778809
7.469043254852295
4.352267742156982
1.6288012266159058
0.6796516180038452
-1.08585524559021
-1.6775060892105103
-0.41892704367637634
1.034530520439148
3.131650924682617
6.319855213165283
6.260066986083984
2.924605369567871
1.2154889106750488
0.533119797706604
-0.750408947467804
-1.1936066150665283
-1.8214013576507568
-2.4711380004882812
0.1682150512933731
4.05173921585083
3.152811050415039
0.14266301691532135
-0.2027539163827896
0.18981236219406128
-0.18588948249816895
-0.7298595905303955
-2.422792434692383
-2.918790102005005
0.8610145449638367
3.877795457839966
1.7326688766479492
-0.7935066223144531
-0.5002105236053467
0.03800872713327408
-0.024333272129297256
-0.5804874300956726
-2.0513808727264404
-1.5406428575515747
2.5671310424804688
4.313285827636719
1.9543012380599976
-0.034802380949258804
-0.12538844347000122
-0.0064839208498597145
0.5271639823913574
1.159111499786377
1.5359289646148682
2.2394790649414062
3.117755174636841
3.2988626956939697
2.8175177574157715
2.373929262161255
1.6411960124969482
0.584688663482666
0.7933387160301208
1.5720219612121582
2.166109800338745
3.392712354660034
4.6139044761657715
4.209762096405029
3.119266986846924
2.983520984649658
2.326575756072998
0.7266891002655029
1.2471637725830078
2.160088300704956
2.4813923835754395
3.242205858230591
4.200008869171143
3.2292661666870117
2.113462209701538
2.7642455101013184
2.165219783782959
0.5194821357727051
1.8966588973999023
2.7438957691192627
1.9849345684051514
2.2908337116241455
3.854102849960327
3.3505566120147705
2.251197338104248
2.92885160446167
2.33953857421875
0.7785998582839966
1.6043827533721924
1.7975032329559326
0.6134989261627197
2.149935483932495
5.7740983963012695
5.295370578765869
2.8391757011413574
2.955965518951416
2.828099489212036
1.293675184249878
0.9422134757041931
1.255708932876587
1.2068722248077393
3.9265928268432617
6.517641544342041
4.14192533493042
1.7623143196105957
2.3862695693969727
2.459805965423584
1.0055713653564453
0.9879607558250427
1.913130283355713
2.4539668560028076
3.970290422439575
4.216701984405518
2.0379207134246826
1.2173383235931396
1.8728001117706299
1.6173326969146729
0.5660032629966736
0.8947596549987793
1.7061612606048584
2.291435480117798
2.958960771560669
2.3294577598571777
1.4720656871795654
1.650228500366211
1.648345947265625
1.1979711055755615
0.6135376691818237
0.42152726650238037
0.8369424343109131
1.9313864707946777
2.892169713973999
1.398975133895874
0.9308619499206543
1.9745852947235107
1.7399284839630127
0.9805540442466736
0.4927605986595154
0.11447767913341522
0.6368374228477478
2.5547966957092285
2.911611557006836
0.18401838839054108
0.006812918931245804
2.1427862644195557
1.7154767513275146
0.528494119644165
0.1562604308128357
-0.07794936001300812
-0.08095220476388931
0.16343002021312714
0.6300601959228516
1.4682941436767578
2.257366180419922
2.7476727962493896
2.3122572898864746
1.8165580034255981
0.8608003854751587
-0.599271833896637
-0.7537184357643127
0.04997764527797699
1.98612380027771
3.7640721797943115
4.972568511962891
5.64639949798584
5.374828815460205
4.483381271362305
1.866115927696228
-1.4356380701065063
-2.1674842834472656
-0.8895557522773743
1.5516804456710815
3.472954273223877
4.5620036125183105
6.034160137176514
7.479671955108643
6.433799743652344
2.370588541030884
-2.170478343963623
-3.2481637001037598
-1.4644486904144287
0.9112786054611206
1.3750314712524414
2.119551181793213
5.012922286987305
8.03683090209961
6.232087135314941
1.7720919847488403
-1.666964054107666
-2.121680974960327
0.29339736700057983
1.3588517904281616
0.7591598033905029
2.372152805328369
6.79677152633667
9.317607879638672
5.481812477111816
1.2649178504943848
-0.9027993083000183
-1.418779730796814
-0.2251887023448944
0.13621650636196136
1.1588032245635986
4.850423336029053
9.816365242004395
9.994153022766113
4.931802272796631
1.3606196641921997
-1.0761958360671997
-2.37945818901062
-2.627716064453125
-1.9738212823867798
1.1802747249603271
6.018171310424805
10.336174011230469
8.419318199157715
3.5792665481567383
1.3159053325653076
-1.0130864381790161
-2.2665812969207764
-3.0783417224884033
-2.588278293609619
0.7062960863113403
5.4733123779296875
9.06437873840332
5.9034199714660645
1.6766269207000732
0.5708181858062744
-0.26521363854408264
-0.8447752594947815
-2.3619699478149414
-2.5718817710876465
1.3088338375091553
6.453577041625977
8.304267883300781
3.805283546447754
0.39765864610671997
0.1332910656929016
0.02992377057671547
-0.6171256899833679
-2.798083543777466
-3.0960819721221924
2.01947283744812
7.124271869659424
7.4116668701171875
2.7365357875823975
0.2644881010055542
0.23977042734622955
0.19945265352725983
-0.15977635979652405
-0.6508762240409851
-0.968784511089325
-0.9293258786201477
-1.1044548749923706
-1.0140124559402466
-0.83861243724823
0.04555293545126915
0.35399937629699707
1.4645558595657349
2.1991195678710938
2.651454210281372
3.3155434131622314
4.140880107879639
3.631495237350464
1.5431698560714722
0.45941561460494995
1.2166812419891357
0.9933629035949707
2.963501453399658
5.022176742553711
5.424158096313477
5.757023334503174
6.144935131072998
4.787766456604004
1.296338677406311
0.7142290472984314
1.7033828496932983
1.3373812437057495
2.945085048675537
3.4868886470794678
1.676153540611267
0.8213890790939331
2.1649329662323
1.8129403591156006
-0.7547369599342346
-0.005031321197748184
1.4505459070205688
1.356968641281128
1.4426957368850708
1.051954746246338
-0.5801886916160583
0.053882896900177
2.7867350578308105
1.8068710565567017
-0.7959492802619934
-0.03709162026643753
1.4009326696395874
1.4039579629898071
1.1776878833770752
2.7159769535064697
3.7613401412963867
5.229820251464844
6.212522029876709
3.28835129737854
0.8080074787139893
1.276708960533142
2.053840398788452
1.4252147674560547
1.7748157978057861
3.8216443061828613
5.385918617248535
6.258729457855225
4.764648914337158
1.6562997102737427
1.0128505229949951
1.6996729373931885
1.7974838018417358
0.8829881548881531
1.0191361904144287
1.893170952796936
3.1391260623931885
3.505558490753174
1.2829521894454956
-0.7978713512420654
0.018377486616373062
1.2038673162460327
1.0804539918899536
0.46111899614334106
0.03379487991333008
0.6230362057685852
3.0235390663146973
3.334540367126465
-0.04578050598502159
-1.716795802116394
-0.153425395488739
1.4111608266830444
0.8716225028038025
0.274442583322525
0.08018137514591217
1.059226155281067
4.0628862380981445
4.20263671875
0.6269237399101257
-1.0317610502243042
0.5071437954902649
1.9098005294799805
0.6191512942314148
0.07428523898124695
-0.07210354506969452
-1.3179302215576172
-3.261793851852417
-5.017122745513916
-5.655028343200684
-5.608726501464844
-4.763338565826416
-2.948575735092163
-0.854882538318634
0.28896385431289673
0.047972384840250015
-2.0027260780334473
-4.503503322601318
-5.2248854637146
-4.653916835784912
-5.326793670654297
-5.753870487213135
-3.529297351837158
-0.6494672298431396
0.5508676767349243
1.82770574092865
1.3292797803878784
0.9059642553329468
2.7710936069488525
3.8195271492004395
0.5155045390129089
-2.257098913192749
-0.8213381767272949
1.0200378894805908
1.0262784957885742
3.467559337615967
4.901317119598389
5.439155101776123
6.732172012329102
5.803205966949463
1.2095524072647095
-0.8164500594139099
0.9245837330818176
1.7004663944244385
0.9595457315444946
2.58429217338562
2.6596872806549072
0.6034638285636902
0.021459175273776054
-1.0371607542037964
-3.316563129425049
-2.238032579421997
0.30397215485572815
0.8319489359855652
0.3632296919822693
1.506126046180725
1.0033453702926636
-0.5236194729804993
-0.5363264679908752
-1.5145761966705322
-2.5259406566619873
-0.6482554078102112
1.0655697584152222
0.8383941054344177
0.25991833209991455
1.990140676498413
3.504056215286255
4.924212455749512
5.542102336883545
3.306670904159546
2.3729445934295654
3.4531970024108887
3.2208430767059326
1.4638910293579102
0.48811081051826477
1.914705514907837
3.9554827213287354
6.67802619934082
6.248423099517822
2.990675926208496
2.9466896057128906
4.037530899047852
3.2101612091064453
1.0492483377456665
0.23800507187843323
0.7924328446388245
1.8127477169036865
4.134477615356445
2.772808313369751
-0.24538388848304749
0.6178305149078369
1.9499586820602417
1.51677668094635
0.23782110214233398
-0.025724351406097412
0.2772809565067291
1.358469843864441
3.9909965991973877
2.4158947467803955
-0.07686591893434525
0.6486425399780273
1.2717458009719849
0.9187746644020081
0.1997937262058258
0.13490700721740723
0.17197589576244354
-0.5204927325248718
-1.2300742864608765
-0.9133207201957703
-0.3247411251068115
-0.46727874875068665
-0.5252253413200378
0.6076682209968567
1.126969814300537
0.865613579750061
0.10027581453323364
-0.6124217510223389
-0.9148073792457581
-0.03126256912946701
0.298403263092041
-0.7931161522865295
-1.4224592447280884
-0.38444098830223083
0.34896525740623474
0.4301369786262512
0.3503263294696808
1.380130410194397
2.1826353073120117
3.0872457027435303
2.6016132831573486
1.346717357635498
0.9102343916893005
0.7808625102043152
0.010299522429704666
-0.2862462103366852
0.7889556288719177
2.573906660079956
4.17718505859375
4.818481922149658
4.5462846755981445
4.7512688636779785
4.987850666046143
3.3173840045928955
0.6913679838180542
-0.23105353116989136
0.45008036494255066
2.2971372604370117
3.6271252632141113
3.3785181045532227
3.4282894134521484
5.29439640045166
6.27773904800415
3.599210262298584
0.7808437943458557
0.06999535858631134
0.12462195754051208
1.6206976175308228
2.6519627571105957
1.5668952465057373
1.6033964157104492
4.329216480255127
5.061611175537109
2.2297446727752686
-0.130528524518013
-0.32293206453323364
0.16650763154029846
1.5809684991836548
3.3668549060821533
3.606682062149048
4.027615070343018
6.1292829513549805
5.429358959197998
2.014913558959961
-0.24879585206508636
-0.4279870092868805
0.01877264678478241
1.4247419834136963
3.5854709148406982
5.186785697937012
6.309715270996094
7.666943550109863
5.551353454589844
2.234574556350708
0.3383598327636719
-0.034581735730171204
0.07462717592716217
0.821567177772522
2.304351806640625
4.207087516784668
5.638763904571533
6.401951789855957
3.9225387573242188
1.3728653192520142
0.5860235095024109
0.2447262704372406
0.0870802104473114
0.09520326554775238
0.8542233109474182
3.474074602127075
5.143779754638672
4.22855281829834
1.4339420795440674
0.020522087812423706
0.18013815581798553
0.14354875683784485
1.2555873394012451
1.6606013774871826
2.0149714946746826
3.641355514526367
5.5845232009887695
5.072290897369385
3.847585916519165
3.8583250045776367
3.224748134613037
1.4956421852111816
1.4707722663879395
1.5429284572601318
1.8750543594360352
3.6508736610412598
4.362509250640869
2.0517990589141846
1.510566234588623
2.955904483795166
2.8110616207122803
1.1118812561035156
0.41009798645973206
-0.5601846575737
-1.970463514328003
-2.0616354942321777
-2.346611261367798
-3.046739339828491
-0.9904758334159851
1.4685063362121582
1.8649173974990845
0.6281371712684631
-0.6420723795890808
-1.756587266921997
-3.165789842605591
-1.9742424488067627
-0.0915723368525505
1.1859289407730103
1.9725373983383179
2.714639902114868
3.059316635131836
1.4131807088851929
0.6073648929595947
0.8514323830604553
1.540982723236084
4.033219337463379
5.729658603668213
5.140324592590332
3.682356595993042
4.232743740081787
4.298724174499512
1.9073463678359985
0.9980142116546631
1.3991914987564087
2.4463326930999756
2.426340103149414
1.6455501317977905
0.9890366792678833
1.1879541873931885
3.194897174835205
3.080329418182373
1.0846619606018066
-0.40777939558029175
-0.946307361125946
-1.2041258811950684
-3.400940418243408
-3.8458759784698486
-2.1240453720092773
-0.06439714878797531
1.9240554571151733
1.573315143585205
0.5863078236579895
-0.42637428641319275
-0.4379497170448303
-0.4740711450576782
-2.0322999954223633
-1.5918388366699219
0.22849908471107483
2.1629176139831543
3.0317904949188232
1.8728656768798828
0.8281453847885132
0.2827102541923523
0.9736726880073547
1.3901737928390503
0.5903838872909546
0.42129403352737427
1.687179684638977
4.29113245010376
4.040180683135986
1.89488685131073
0.764295756816864
0.21251288056373596
0.4774913787841797
0.6123093962669373
-0.4118216335773468
-1.210455298423767
0.11583995819091797
3.36623477935791
2.8083786964416504
0.8951609134674072
0.33523669838905334
-0.4550408124923706
-1.1914303302764893
-1.5287408828735352
-1.4761444330215454
-2.119480848312378
-2.85782790184021
-2.709645986557007
-2.116300344467163
-1.4491770267486572
-0.64040607213974
1.2247463464736938
3.0839085578918457
4.680610179901123
4.895700454711914
4.336419582366943
3.369194507598877
1.6252802610397339
-0.4550108313560486
-1.1331837177276611
-0.5112030506134033
3.7945966720581055
7.469374179840088
8.930341720581055
8.495780944824219
8.808717727661133
8.569756507873535
5.636301517486572
1.7741422653198242
0.32573384046554565
0.26378828287124634
2.0834603309631348
2.7559449672698975
1.3746283054351807
0.9398923516273499
3.305004119873047
4.731338977813721
2.571451425552368
0.5963031649589539
0.6837021708488464
0.5413413643836975
-1.2861266136169434
-2.013801097869873
-2.8154032230377197
-2.2222936153411865
0.010891430079936981
0.5320960283279419
-1.0224909782409668
-1.39566969871521
-0.1409122794866562
0.1330757439136505
0.23909685015678406
2.164518117904663
4.585392475128174
5.710821151733398
5.622272491455078
3.8970863819122314
1.2574890851974487
0.2799062132835388
0.42376792430877686
0.0715697631239891
1.596601963043213
4.130157470703125
6.740996360778809
8.126436233520508
7.797191619873047
5.384757041931152
2.7215323448181152
1.8580492734909058
1.3810123205184937
0.47020435333251953
-0.2959563732147217
-0.40810656547546387
1.0997542142868042
2.931042194366455
2.6424500942230225
0.9503993391990662
0.1039612889289856
0.6462823748588562
0.8299252986907959
0.3588441014289856
-0.9200896620750427
-1.6837259531021118
-0.1843397319316864
1.368561029434204
-0.144406259059906
-2.222700595855713
-1.7059301137924194
-0.4397602677345276
-0.017469897866249084
0.01158917136490345
-0.12246403098106384
0.4551866054534912
2.33917236328125
3.837172269821167
2.3034143447875977
-0.22319258749485016
-0.3653441071510315
0.054426126182079315
-0.12882088124752045
-0.05856548994779587
