1.2203025817871094
3.0850000381469727
3.0201308727264404
1.2251865863800049
0.0
0.0
0.0
0.0
0.0
0.0
1.5919371843338013
3.6138877868652344
4.16105842590332
3.7472457885742188
3.809009552001953
6.268311977386475
6.826855182647705
2.0618391036987305
0.0
0.0
0.8483942747116089
2.863039255142212
4.7256293296813965
5.090256690979004
6.229340553283691
8.900745391845703
9.752373695373535
4.100056171417236
0.0
0.0
0.02587524801492691
1.974057674407959
4.138594150543213
4.794825553894043
5.402632713317871
6.1250433921813965
5.77773904800415
1.9092086553573608
0.0
0.0
0.0
1.3331027030944824
3.563225269317627
4.592731952667236
4.079287528991699
2.6315712928771973
2.069641351699829
0.922569990158081
0.0
0.0
0.31450068950653076
2.083757162094116
3.810969114303589
3.6396126747131348
2.0291478633880615
1.4018930196762085
2.5879948139190674
2.3925881385803223
0.4253893494606018
0.0
1.6277216672897339
2.8784472942352295
2.6413886547088623
1.4145020246505737
0.970265805721283
1.5148824453353882
1.654463529586792
0.0
0.0
0.0
2.434561252593994
1.838739037513733
0.7927088737487793
1.1971396207809448
2.1541261672973633
1.5295122861862183
0.0
0.0
0.0
0.0
3.3177340030670166
3.0302929878234863
3.1711554527282715
4.2770233154296875
5.053998947143555
4.202902317047119
2.639309883117676
0.5192009806632996
0.0
0.0
5.182949542999268
6.770679473876953
7.275983810424805
7.012109756469727
6.891933441162109
6.672323703765869
6.640322685241699
6.169460773468018
3.539609432220459
0.4887154996395111
0.0
0.0
0.0
0.0
0.00072464719414711
0.8062505722045898
0.0
2.3683321475982666
9.245342254638672
9.545904159545898
0.0
0.0
0.0
0.0
5.577654838562012
2.541905164718628
0.0
1.8916065692901611
11.77704906463623
12.284947395324707
0.0
0.0
0.0
3.7864558696746826
6.217493057250977
0.0
0.0
2.1847617626190186
14.516441345214844
13.470499038696289
0.0
0.0
0.0
3.1697800159454346
0.0
0.0
0.0
6.1743011474609375
17.36776351928711
12.34950065612793
0.0
0.0
0.0
0.0
0.0
0.0
0.0
12.82660961151123
17.315914154052734
8.978857040405273
0.0
0.0
0.0
0.0
0.0
0.0
8.49766731262207
16.316377639770508
13.790379524230957
6.187074661254883
0.0
0.0
0.0
0.0
0.0
4.3268842697143555
12.495308876037598
12.797894477844238
8.78979206085205
5.9103875160217285
0.0
0.0
0.0
0.0
1.927803874015808
8.531693458557129
9.199758529663086
6.0371623039245605
6.146233558654785
7.961226463317871
0.0
0.0
0.0
3.0458762645721436
7.781798362731934
8.861578941345215
5.919206619262695
4.312941074371338
7.403933525085449
9.637410163879395
0.0
0.0
3.4958577156066895
7.144178867340088
8.67844009399414
7.516300678253174
5.484889030456543
5.661209583282471
7.973902702331543
7.828730583190918
0.0
0.9147777557373047
3.015377998352051
5.162757396697998
5.459885120391846
4.267982482910156
4.181471347808838
5.437333583831787
6.196523666381836
4.456364631652832
0.5101255178451538
1.5587843656539917
2.000413179397583
1.796445369720459
0.5318443775177002
0.0
1.1413568258285522
4.053668975830078
5.595773220062256
3.9496800899505615
0.6389127969741821
0.3825327157974243
0.0
0.0
0.0
0.0
2.8719990253448486
4.894913196563721
4.995855808258057
2.926485776901245
0.195503830909729
0.0
0.0
0.0
0.3913077414035797
4.03369140625
5.771721363067627
5.154644012451172
3.544833183288574
1.689092755317688
0.0
0.0
0.0
1.6140378713607788
5.339135646820068
7.6099724769592285
6.217258453369141
3.633471965789795
1.8427612781524658
1.0602408647537231
0.16651156544685364
0.5797595977783203
2.7448227405548096
6.2299418449401855
8.751884460449219
7.929157733917236
4.926605224609375
3.0486948490142822
2.8925540447235107
2.570406436920166
0.7426002621650696
3.2372055053710938
6.770614147186279
8.796515464782715
7.75672721862793
5.35823917388916
4.192154407501221
5.155828475952148
5.919067859649658
4.94011926651001
1.9800533056259155
5.158873558044434
7.1281208992004395
6.251218318939209
4.353042125701904
3.5888705253601074
4.489067077636719
5.799386501312256
5.783858299255371
4.40399694442749
2.5354602336883545
3.317638635635376
2.948335886001587
1.962783932685852
1.437930941581726
1.6979598999023438
2.048694133758545
1.832433819770813
1.3899649381637573
0.9760688543319702
0.3005777597427368
0.0
0.0
0.0
0.0
0.0
0.0
0.0
0.0
0.0
1.305466890335083
4.100822925567627
5.886509418487549
4.3600335121154785
0.11289715766906738
0.0
0.0
0.14235451817512512
2.0486338138580322
2.5143961906433105
0.7736281156539917
0.757962167263031
0.0
0.0
0.0
0.0
0.0
0.0
0.0
0.0
0.0
0.0
0.0
0.0
0.0
0.0
4.358004093170166
3.838258743286133
0.16562779247760773
0.0
0.0
0.0
0.0
0.0
4.958784580230713
11.006453514099121
10.265277862548828
3.5547919273376465
0.0
0.0
0.0
0.0
1.8416725397109985
7.097841262817383
12.263853073120117
11.487015724182129
3.975801706314087
0.0
0.0
0.0
0.8156713247299194
3.7285799980163574
9.025429725646973
13.460299491882324
12.092934608459473
4.973299503326416
0.0
0.0
0.0
2.93045711517334
4.789547443389893
10.0747652053833
14.1663818359375
13.107719421386719
7.320011615753174
2.178319215774536
1.8219482898712158
5.788477420806885
8.978850364685059
8.045062065124512
7.660874843597412
9.875750541687012
8.169205665588379
3.4870402812957764
0.0
0.0
1.1874103546142578
3.529874563217163
3.1685168743133545
1.0695664882659912
1.9007328748703003
0.0
0.0
0.0
0.0
0.0
0.0
0.0
0.0
0.0
0.0
0.0
0.0
0.0
0.0
0.0
0.0
0.0
0.0
0.0
0.744898796081543
1.4467597007751465
2.1502034664154053
4.506763935089111
8.421059608459473
10.505866050720215
6.620293617248535
0.6240875124931335
0.0
0.0
2.186248540878296
5.061917781829834
8.482080459594727
12.851693153381348
16.77842903137207
16.431312561035156
11.4271240234375
5.409814834594727
2.5661709308624268
2.018587350845337
1.752332091331482
3.900350570678711
6.664430618286133
8.459961891174316
8.032549858093262
5.362357139587402
2.887737512588501
2.478851795196533
4.00324821472168
4.730799198150635
0.33233577013015747
1.0368585586547852
2.0855815410614014
0.7718621492385864
0.0
0.0
0.0
2.4330782890319824
6.7025957107543945
6.477421283721924
0.0
0.0
0.0
0.0
0.0
0.0
1.0937079191207886
7.820163726806641
9.408477783203125
5.862847805023193
0.0
0.0
0.0
0.0
0.0
0.0
2.381347179412842
4.621795177459717
2.154224395751953
0.0
0.0
0.0
0.0
0.0
0.0
0.0
0.0
0.0
0.0
0.0
0.0
0.0
0.0
3.909099817276001
8.253633499145508
10.47707462310791
9.110574722290039
4.718740463256836
1.0318154096603394
0.12186389416456223
7.063578128814697
10.725285530090332
15.341453552246094
19.845897674560547
23.04682159423828
23.98029136657715
22.469451904296875
18.704078674316406
13.83774471282959
9.222724914550781
9.901609420776367
14.766626358032227
18.724201202392578
20.1662540435791
19.880489349365234
18.756498336791992
17.42685890197754
15.8084135055542
12.904500961303711
8.584269523620605
2.156543254852295
3.365328788757324
1.0546875
0.0
0.0
0.0
0.0
0.0
0.0
0.0
2.6839916706085205
4.823966026306152
4.093994617462158
2.522521734237671
4.081000328063965
7.234616279602051
4.4263129234313965
0.0
0.0
0.0
3.025178909301758
5.520308971405029
5.6194987297058105
5.829713821411133
8.198729515075684
10.222827911376953
5.143494606018066
0.0
0.0
0.0
2.5265004634857178
4.137362480163574
4.580862045288086
4.894747257232666
6.086705684661865
5.468064308166504
0.0
0.0
0.0
0.0
1.8341808319091797
2.9122514724731445
3.3052847385406494
2.8811209201812744
1.9421623945236206
0.0
0.0
0.0
0.0
0.0
2.0257036685943604
2.148813247680664
1.57584547996521
0.46964964270591736
0.0
0.0
0.0
0.0
0.0
0.0
2.0921175479888916
0.49715402722358704
0.0
0.0
0.0
0.0
0.0
0.0
0.0
0.0
2.0669760704040527
0.012727461755275726
0.0
0.0
0.0
0.0
0.0
0.0
0.0
0.0
4.139917373657227
3.488827705383301
2.3492865562438965
1.7026492357254028
1.887844443321228
2.7280149459838867
3.0504727363586426
1.1257476806640625
0.0
0.0
6.864375114440918
7.253713607788086
7.238681316375732
7.734692573547363
8.347976684570312
8.95893383026123
8.762215614318848
6.512121200561523
3.4961729049682617
2.0657448768615723
0.0
0.9177648425102234
4.195100784301758
6.2697529792785645
6.547806739807129
6.885124683380127
7.443948745727539
5.761439800262451
1.7896742820739746
0.0
0.021085694432258606
3.2421302795410156
7.958114147186279
8.453760147094727
5.825250148773193
3.7835965156555176
4.364203929901123
3.1024770736694336
0.0
0.0
0.8279918432235718
4.827028274536133
7.406222820281982
4.201639652252197
0.0
0.0
2.414949893951416
1.7251980304718018
0.0
0.0
1.2942169904708862
4.016570091247559
3.4669296741485596
0.0
0.0
0.8859822154045105
6.170089244842529
3.959674835205078
0.0
0.0
1.183732032775879
2.0810868740081787
0.4904332756996155
0.0
0.34684616327285767
6.595834255218506
9.556831359863281
3.5915420055389404
0.0
0.0
0.9449443221092224
0.7672247290611267
0.19846892356872559
1.75199294090271
6.844943046569824
10.643543243408203
7.284154891967773
0.0
0.0
0.0
0.9457264542579651
1.4335576295852661
2.964536428451538
7.481211185455322
11.450571060180664
9.255590438842773
1.8633843660354614
0.0
0.0
0.0
2.2198808193206787
5.321160793304443
9.054107666015625
11.788809776306152
10.139451026916504
4.3513898849487305
0.16343513131141663
0.7315232753753662
2.1663126945495605
1.5170201063156128
5.14850378036499
9.477442741394043
11.37947940826416
9.934087753295898
5.766668319702148
2.1594347953796387
2.0582149028778076
3.9221999645233154
3.234978675842285
0.5688090324401855
7.191162586212158
8.153809547424316
6.131173133850098
3.343329429626465
0.9566527605056763
0.0
0.3500715494155884
0.18680405616760254
0.0
0.0
0.0
0.0
0.0
0.0
0.0
0.0
0.0
0.0
0.0
0.0
0.0
0.0
0.0
0.0
0.0
0.0
0.0
0.0
0.0
0.0
0.0
0.0
0.0
0.0
0.0
0.0
0.0
0.0
0.0
0.0
0.0
0.0
0.0
0.0
0.0
0.0
0.0
0.0
0.0
0.0
0.0
0.0
0.0
0.0
0.0
0.0
0.0
0.0
0.0
0.0
0.0
0.0
0.0
0.0
0.0
0.0
0.0
0.0
0.0
0.0
0.0
0.0
0.0
0.0
0.0
0.0
0.0
0.0
0.0
0.0
0.0
0.0
0.0
0.0
0.0
0.0
0.0
0.0
0.0
0.0
0.0
0.0
0.0
0.0
0.0
0.0
0.0
0.0
0.0
0.0
0.0
0.0
0.0
0.0
0.0
0.0
0.0
0.0
0.0
0.0
0.0
0.0
0.2797618508338928
4.7280426025390625
7.955881595611572
8.390748023986816
9.007641792297363
10.196877479553223
9.42480182647705
5.539857387542725
0.0
0.0
0.0
3.547037363052368
3.6056485176086426
1.2112523317337036
1.8440955877304077
6.2259674072265625
8.869115829467773
6.178983688354492
0.0
0.0
0.0
0.4428924024105072
0.0
0.0
0.0
4.398714065551758
7.549675941467285
4.72840690612793
0.0
0.0
0.0
0.0
0.0
0.0
2.0325307846069336
7.291868209838867
6.453286170959473
2.384662389755249
0.03992293030023575
0.3089010715484619
0.11894737184047699
0.0
0.0
3.070507526397705
8.034183502197266
8.67568302154541
3.9195094108581543
0.29099541902542114
1.0943717956542969
1.1289316415786743
0.7957019805908203
1.0283347368240356
4.463218688964844
9.078326225280762
10.020484924316406
5.7542243003845215
1.0524729490280151
0.0
1.3701624870300293
1.645752191543579
2.78265118598938
5.889207363128662
9.744263648986816
11.13241958618164
8.34564208984375
4.557717323303223
3.421743631362915
3.3752546310424805
0.19488543272018433
2.5682992935180664
6.192351341247559
8.732779502868652
9.352553367614746
7.93784761428833
6.449908256530762
7.144660949707031
8.548605918884277
7.263237953186035
0.0
2.7611887454986572
5.333392143249512
5.128393173217773
3.684356689453125
2.1705210208892822
2.5435216426849365
5.072209358215332
6.937132835388184
5.415854454040527
0.0
0.0
0.0
0.0
0.0
0.0
0.0
0.0
0.0
0.0
1.1831419467926025
2.707825183868408
3.5153279304504395
4.44398307800293
5.504787445068359
5.532729625701904
4.60163688659668
3.45042085647583
3.730980157852173
3.4331748485565186
1.7403583526611328
3.411543369293213
3.3223235607147217
2.9110195636749268
3.4109902381896973
4.134967803955078
3.646178722381592
2.567223072052002
3.8069233894348145
3.913205623626709
1.8202626705169678
2.710616111755371
1.2102503776550293
0.008969180285930634
1.7430055141448975
4.629094123840332
4.765554428100586
3.3492696285247803
3.914130687713623
3.9380171298980713
1.3323147296905518
1.3644688129425049
0.0
0.0
3.5304811000823975
6.830678462982178
6.2220892906188965
3.140657663345337
2.4287497997283936
2.84086012840271
0.8004631400108337
0.8688644766807556
0.7893892526626587
2.822740077972412
6.400029182434082
8.322771072387695
5.999446392059326
1.8008322715759277
1.0147068500518799
1.997215986251831
1.1989068984985352
2.0671029090881348
3.710477113723755
6.51814603805542
9.045917510986328
8.412090301513672
4.831658840179443
1.7568702697753906
1.9601187705993652
3.0359678268432617
2.378541946411133
4.345519542694092
7.199281692504883
9.584152221679688
9.137479782104492
6.330273151397705
4.079866886138916
3.9539105892181396
4.966152667999268
4.802706718444824
3.6458449363708496
5.9892048835754395
8.543375015258789
8.491320610046387
6.0001420974731445
4.14564847946167
4.561623573303223
5.463259220123291
5.049426078796387
3.7467098236083984
4.17540168762207
5.290915489196777
5.487432479858398
4.219711780548096
3.074683666229248
3.314262866973877
4.157927513122559
3.4017417430877686
1.6585428714752197
1.1143269538879395
3.1761128902435303
2.151824712753296
1.3618943691253662
1.1438727378845215
1.3995780944824219
1.8963353633880615
1.8991672992706299
0.6157935857772827
0.0
0.2822381854057312
0.0
0.0
0.0
0.6692587733268738
4.845149040222168
6.373795986175537
7.390590667724609
9.278640747070312
9.87751579284668
7.86170768737793
0.0
0.0
0.0
0.5906042456626892
4.156556129455566
3.1309564113616943
3.4314682483673096
7.0868024826049805
10.134688377380371
9.24588394165039
0.0
0.0
0.0
2.1062850952148438
3.0297985076904297
0.0
0.0
5.392349720001221
10.255904197692871
9.239274024963379
0.0
0.0
0.3064572513103485
2.02604341506958
0.2819669544696808
0.0
0.13358794152736664
8.00334644317627
12.114534378051758
8.53372573852539
0.0
0.0
0.17302843928337097
0.0
0.0
0.0
4.31016206741333
11.306615829467773
11.658245086669922
5.872325420379639
0.0
0.0
0.0
0.0
0.0
3.1229894161224365
9.486908912658691
12.254301071166992
8.581125259399414
3.1457042694091797
0.0
0.0
0.0
0.0
3.695889949798584
9.555479049682617
13.348590850830078
12.206786155700684
7.846184253692627
4.459888935089111
0.0
0.0
0.5502917170524597
4.2913312911987305
9.040148735046387
12.479008674621582
12.47568130493164
10.713786125183105
9.519421577453613
8.146516799926758
0.0
0.0
2.4088401794433594
6.491445541381836
8.414517402648926
8.229836463928223
6.65447473526001
6.901923179626465
8.488582611083984
8.086444854736328
0.0
0.0
2.3160171508789062
4.258861541748047
4.264518737792969
3.2586286067962646
2.0779523849487305
2.9355642795562744
4.722036838531494
4.3221516609191895
2.2906622886657715
5.053118705749512
6.72491979598999
7.173695087432861
8.865748405456543
9.58185863494873
6.769478797912598
2.5289230346679688
0.6936305165290833
1.5490715503692627
3.2576754093170166
6.2322998046875
6.103485107421875
4.955921649932861
5.000475883483887
6.375437259674072
4.479537010192871
1.0065488815307617
0.19787955284118652
2.1074631214141846
2.587193012237549
3.5558958053588867
1.5238579511642456
0.0
0.018413163721561432
3.27321457862854
2.5563063621520996
0.0
0.0
2.1253154277801514
1.1244723796844482
0.6098588705062866
0.0
0.0
1.0749385356903076
4.33385705947876
3.323065757751465
0.6414483189582825
0.705740749835968
2.0037975311279297
0.06396235525608063
0.0
0.0
1.0494922399520874
4.129528522491455
5.565005779266357
3.3424360752105713
0.7857381701469421
0.5250162482261658
1.1889925003051758
0.0
0.0
1.330655813217163
4.001443862915039
5.242388725280762
3.619251251220703
0.0
0.0
0.0
0.0
0.9346497654914856
2.2399446964263916
4.9342169761657715
7.017304420471191
5.738807201385498
2.301900863647461
0.0
0.0
0.0
0.7806375026702881
5.5050835609436035
7.679450035095215
9.483366966247559
9.53536605834961
7.526456356048584
6.531598091125488
6.907192230224609
6.2367353439331055
4.3653035163879395
2.911724328994751
8.702007293701172
9.666287422180176
9.224720001220703
8.294601440429688
7.7674241065979
8.345852851867676
8.61453628540039
6.614864826202393
3.5121655464172363
2.0291075706481934
5.2463836669921875
4.406009674072266
3.041372299194336
2.470876455307007
2.4046194553375244
2.5450870990753174
2.296109914779663
0.8239551186561584
0.0
0.0
1.3850369453430176
0.8201631903648376
0.0
0.0
1.9341164827346802
3.1347904205322266
0.0
0.0
0.0
0.0
2.941859483718872
4.441106796264648
5.4869561195373535
8.445611000061035
11.84326171875
11.605165481567383
4.646862983703613
0.0
0.0
0.7028393745422363
3.4976580142974854
5.589768886566162
6.87394905090332
8.057390213012695
8.240320205688477
5.998800277709961
0.19517764449119568
0.0
0.0
1.8531396389007568
2.518070697784424
3.4496703147888184
3.4802489280700684
2.367341995239258
0.17616283893585205
0.0
0.0
0.0
2.15641450881958
2.2565271854400635
0.9349048733711243
0.7095738053321838
0.0
0.0
0.0
0.0
0.014408160001039505
3.495147943496704
4.309746742248535
2.0326075553894043
0.0
0.0
0.0
0.0
0.0
0.0
2.627732753753662
3.055128574371338
1.2920414209365845
0.0
0.0
0.0
0.0
0.0
0.0
0.0
0.0
0.0
0.0
0.0
0.0
0.0
0.0
1.6518296003341675
3.1972968578338623
2.384351968765259
0.0
0.0
0.0
0.0
3.6853525638580322
5.756576061248779
8.627224922180176
10.896429061889648
11.76147747039795
11.30359172821045
9.529582977294922
6.304519176483154
4.122084617614746
3.211928606033325
9.274727821350098
12.178422927856445
13.605223655700684
13.77635669708252
13.516376495361328
13.045997619628906
11.922932624816895
9.427281379699707
6.473126411437988
3.77612042427063
0.10103091597557068
0.41496098041534424
1.1289243698120117
2.8360824584960938
3.87300181388855
3.373244524002075
1.2363667488098145
0.0
0.0
0.0
0.1462869495153427
1.8562871217727661
4.531696319580078
7.251145362854004
7.434882640838623
6.469174861907959
5.713125228881836
4.185840606689453
2.404863119125366
0.32936686277389526
0.16770420968532562
2.735600233078003
6.240692138671875
7.97524356842041
6.37100076675415
5.451543807983398
7.415674686431885
8.200220108032227
5.744904518127441
1.488059163093567
0.24405381083488464
2.493655204772949
4.821073532104492
4.274716854095459
1.7946500778198242
2.4181036949157715
6.6446099281311035
8.950309753417969
5.731179237365723
1.1151268482208252
0.28625714778900146
1.2050158977508545
1.491028904914856
0.3226739466190338
0.20099002122879028
3.173532009124756
7.982854843139648
8.384121894836426
4.189368724822998
0.47705355286598206
0.0
0.0
0.0
0.024005956947803497
2.337559223175049
6.243110179901123
8.482540130615234
6.399062633514404
2.8283143043518066
1.2289754152297974
0.0
0.0
0.0
2.296373128890991
5.51073694229126
7.298712253570557
6.12174129486084
2.8313517570495605
0.6647803783416748
0.8733893036842346
0.0
0.16524173319339752
2.3100316524505615
5.49785041809082
8.068899154663086
7.693058013916016
4.89786958694458
1.7037376165390015
0.0
0.0
2.5535295009613037
4.856307506561279
7.222682476043701
9.037814140319824
9.876737594604492
8.861013412475586
7.07404088973999
5.404399394989014
2.9089019298553467
0.2494966685771942
5.349498271942139
8.79659652709961
10.425090789794922
10.324577331542969
9.796472549438477
9.008564949035645
8.759620666503906
8.515060424804688
6.134093284606934
2.625096082687378
1.291812539100647
0.5186625123023987
0.0
0.0
0.0
0.0
0.0
0.0
2.092729091644287
3.8289358615875244
0.0
0.0
0.0
0.0
0.0
0.0
0.0
0.0
2.987456798553467
3.9859185218811035
0.0
0.0
0.0
0.0
1.7817442417144775
3.4926323890686035
3.6073474884033203
3.865769863128662
4.408120632171631
4.167757987976074
0.0
0.05570578947663307
0.9150745272636414
3.095914125442505
5.809569835662842
6.254476547241211
5.301583766937256
3.460294008255005
2.758124351501465
3.4251439571380615
0.8835200667381287
1.869056224822998
3.0735039710998535
4.327422618865967
5.239234924316406
4.286080360412598
1.9574499130249023
0.0
1.1055583953857422
3.415945291519165
2.1258277893066406
3.3034656047821045
4.7474517822265625
5.460551738739014
4.715718746185303
2.4327940940856934
1.0160809755325317
2.000278949737549
5.189653396606445
6.522432327270508
3.092268943786621
4.348364353179932
5.512621879577637
5.019810199737549
3.1765854358673096
2.895047664642334
5.0142340660095215
7.809711933135986
9.186115264892578
7.575759410858154
1.9786028861999512
1.8914365768432617
0.9240403771400452
0.0
0.0
1.2071815729141235
3.8248090744018555
4.546663761138916
3.5429840087890625
2.134711503982544
0.0
0.0
0.0
0.0
0.0
0.0
0.0
0.0
0.0
0.0
0.0
0.0
0.0
0.0
0.0
0.0
0.0
0.0
0.0
0.6496402025222778
2.305452823638916
6.731283664703369
10.891313552856445
12.45496940612793
12.755889892578125
12.82496166229248
10.96211051940918
6.425954341888428
1.7060621976852417
0.0
3.0025672912597656
6.810483932495117
8.143896102905273
6.802175521850586
6.282653331756592
8.317100524902344
9.958894729614258
7.624016761779785
3.2276451587677
0.8699737787246704
1.1914860010147095
1.4546399116516113
0.0
0.0
0.0
0.32169556617736816
3.7386157512664795
2.9982402324676514
0.7248143553733826
0.638735830783844
0.0
0.0
0.0
0.0
0.0
1.9810469150543213
2.7547144889831543
0.6893269419670105
0.0
0.6339389085769653
0.0
0.0
0.0
0.6464540958404541
4.781254291534424
5.521056652069092
2.9734365940093994
0.6948696970939636
0.567817747592926
0.9757255911827087
0.0
0.0
0.9645076394081116
4.5038228034973145
5.105024814605713
1.6060534715652466
0.0
0.0
0.0
0.0
0.13962788879871368
2.6846954822540283
5.708084583282471
6.563620090484619
3.998204469680786
0.0
0.0
0.0
0.0
0.0
7.459893226623535
10.250432014465332
11.025890350341797
10.072412490844727
8.806363105773926
8.778575897216797
9.413910865783691
7.931609153747559
3.85937237739563
0.6360699534416199
11.847271919250488
13.109414100646973
12.001981735229492
10.839824676513672
11.005334854125977
12.373140335083008
13.414122581481934
11.664010047912598
7.687056541442871
4.115866661071777
4.818066120147705
4.448550701141357
3.5731260776519775
2.517500638961792
1.7966610193252563
1.6045894622802734
1.8404200077056885
2.1643924713134766
2.0644736289978027
1.7829915285110474
