4.138529300689697
1.4718225002288818
-1.2583123445510864
-1.6985734701156616
2.652695894241333
-3.6650402545928955
2.440371036529541
3.664659261703491
4.967477798461914
-1.2729225158691406
3.9673290252685547
-1.2382333278656006
4.246468544006348
4.950982570648193
0.8248236179351807
5.988126277923584
3.0391461849212646
1.9243557453155518
0.36299046874046326
-2.325749397277832
0.7872492074966431
-1.486472487449646
-1.0693293809890747
1.884157657623291
3.6622376441955566
6.004922389984131
-1.3688950538635254
0.8391255140304565
-2.076761484146118
-2.7747819423675537
4.453386306762695
-2.5694165229797363
1.706132411956787
0.7056363224983215
0.28213509917259216
-2.3400285243988037
0.8091124892234802
4.868839740753174
-0.38565778732299805
2.0970633029937744
-1.303816795349121
1.5142571926116943
1.5555822849273682
-1.5632667541503906
3.4000751972198486
-2.517772674560547
-0.06430038064718246
1.737625002861023
2.926718235015869
4.421520709991455
1.057326078414917
3.1461095809936523
4.189379692077637
-0.44950783252716064
0.3530833423137665
2.0133252143859863
-1.5006682872772217
4.186608791351318
-0.24870002269744873
2.0823726654052734
2.4828579425811768
4.449047088623047
3.7978100776672363
2.3894054889678955
0.5012869238853455
1.5607109069824219
4.790947914123535
-2.510209798812866
5.153873920440674
-1.6781047582626343
-0.6066892743110657
1.1235285997390747
5.702817440032959
2.442185401916504
3.434739589691162
1.3942313194274902
-3.2674174308776855
1.5678104162216187
0.9879892468452454
1.3868638277053833
3.180011034011841
-1.0526970624923706
2.093632459640503
1.9904940128326416
-3.048696279525757
5.5202250480651855
-2.3204119205474854
0.02717008627951145
2.6738481521606445
7.387506008148193
9.55473804473877
0.9663689136505127
0.6133666038513184
-1.8836456537246704
0.37519919872283936
5.6675896644592285
-2.1194379329681396
0.1608705073595047
1.3215526342391968
0.6323413252830505
1.0303336381912231
1.0819692611694336
1.6687222719192505
3.03816294670105
-1.1568589210510254
0.712695300579071
5.068454265594482
2.003472328186035
1.55352783203125
-1.8015804290771484
-1.4431421756744385
0.08320030570030212
-1.0451486110687256
0.9641854166984558
0.30920639634132385
2.479736328125
-1.2867079973220825
1.0939871072769165
-3.441406726837158
4.916115760803223
