0.4247512221336365
2.463557243347168
1.6140546798706055
0.7645522356033325
0.08495024591684341
2.8033580780029297
7.985322952270508
0.849502444267273
0.7645522356033325
0.16990049183368683
5.012064456939697
6.541169166564941
0.0
0.0
0.0
2.88830828666687
1.1043531894683838
2.0388059616088867
0.0
0.08495024591684341
4.077611923217773
2.8033580780029297
0.7645522356033325
0.0
0.33980098366737366
0.9344527125358582
1.3592039346694946
0.16990049183368683
0.0
0.0
0.33980098366737366
0.0
1.6140546798706055
5.012064456939697
4.417412757873535
1.444154143333435
1.8689054250717163
2.463557243347168
2.88830828666687
2.3786067962646484
0.5946516990661621
3.4829599857330322
1.529104471206665
1.6140546798706055
1.699004888534546
0.7645522356033325
1.1893033981323242
2.3786067962646484
4.502363204956055
1.8689054250717163
0.0
0.0
0.0
0.4247512221336365
0.4247512221336365
0.7645522356033325
1.444154143333435
3.822761058807373
8.91977596282959
7.985322952270508
1.1893033981323242
7.985322952270508
5.77661657333374
0.0
0.5097014904022217
0.4247512221336365
1.0194029808044434
0.9344527125358582
1.8689054250717163
1.1043531894683838
7.645522117614746
7.390671253204346
8.495024681091309
3.992661476135254
0.08495024591684341
0.0
0.0
0.0
0.0
0.0
0.0
0.0
0.0
0.5946516990661621
0.33980098366737366
0.25485074520111084
0.16990049183368683
0.0
0.16990049183368683
0.0
0.0
0.0
0.16990049183368683
0.0
0.7645522356033325
0.0
0.5946516990661621
0.08495024591684341
0.33980098366737366
0.7645522356033325
0.849502444267273
3.822761058807373
4.587313175201416
5.946516990661621
3.9077112674713135
3.05820894241333
7.1358208656311035
4.757213592529297
3.1431591510772705
2.2087063789367676
2.123756170272827
3.228109359741211
3.822761058807373
0.849502444267273
0.0
4.162561893463135
2.0388059616088867
1.8689054250717163
2.0388059616088867
0.7645522356033325
3.4829599857330322
6.2013678550720215
2.0388059616088867
0.4247512221336365
0.33980098366737366
0.08495024591684341
0.0
0.16990049183368683
0.08495024591684341
0.0
0.7645522356033325
3.5679104328155518
2.463557243347168
4.757213592529297
3.228109359741211
3.3130595684051514
6.541169166564941
0.7645522356033325
0.0
0.4247512221336365
0.33980098366737366
0.4247512221336365
3.822761058807373
0.33980098366737366
0.08495024591684341
5.86156702041626
5.097014904022217
1.8689054250717163
0.16990049183368683
0.6796019673347473
0.08495024591684341
0.25485074520111084
0.849502444267273
1.6140546798706055
1.529104471206665
0.08495024591684341
0.33980098366737366
0.5946516990661621
1.2742537260055542
1.2742537260055542
0.0
0.0
0.5097014904022217
0.5097014904022217
0.08495024591684341
0.5097014904022217
0.0
0.0
1.0194029808044434
0.5946516990661621
0.4247512221336365
1.1893033981323242
0.4247512221336365
0.5946516990661621
0.08495024591684341
0.08495024591684341
0.0
1.3592039346694946
1.8689054250717163
3.1431591510772705
0.0
0.0
3.4829599857330322
2.2087063789367676
2.88830828666687
0.0
0.0
5.012064456939697
6.371268272399902
1.699004888534546
0.9344527125358582
1.7839552164077759
1.699004888534546
6.796019554138184
1.1893033981323242
0.0
1.3592039346694946
2.7184078693389893
4.332462310791016
0.7645522356033325
0.849502444267273
1.3592039346694946
0.25485074520111084
0.0
0.0
0.5946516990661621
0.0
0.5097014904022217
1.2742537260055542
2.3786067962646484
0.08495024591684341
0.16990049183368683
4.587313175201416
3.822761058807373
2.88830828666687
0.5946516990661621
1.9538556337356567
1.0194029808044434
2.7184078693389893
1.699004888534546
0.0
0.25485074520111084
1.9538556337356567
4.417412757873535
1.6140546798706055
0.5097014904022217
2.463557243347168
5.77661657333374
7.475621700286865
7.305721282958984
0.6796019673347473
7.730472564697266
12.402735710144043
8.155223846435547
6.711069583892822
1.6140546798706055
9.684328079223633
11.383333206176758
5.181964874267578
2.2087063789367676
7.305721282958984
7.815422534942627
10.109079360961914
5.946516990661621
0.7645522356033325
6.711069583892822
8.155223846435547
9.939178466796875
2.5485074520111084
0.08495024591684341
0.0
0.0
0.4247512221336365
3.228109359741211
3.7378108501434326
0.5097014904022217
3.3130595684051514
4.417412757873535
5.181964874267578
5.012064456939697
0.5097014904022217
3.652860641479492
2.3786067962646484
0.25485074520111084
0.0
1.7839552164077759
0.0
0.0
1.6140546798706055
0.9344527125358582
4.502363204956055
8.83482551574707
6.2013678550720215
1.0194029808044434
0.08495024591684341
0.16990049183368683
0.08495024591684341
0.0
0.0
0.0
0.08495024591684341
0.08495024591684341
0.16990049183368683
2.9732584953308105
3.7378108501434326
0.4247512221336365
2.5485074520111084
1.8689054250717163
0.6796019673347473
0.849502444267273
0.0
0.6796019673347473
2.5485074520111084
0.7645522356033325
0.4247512221336365
2.123756170272827
1.7839552164077759
1.1893033981323242
1.529104471206665
1.1043531894683838
0.0
0.0
0.0
0.0
0.0
0.16990049183368683
0.0
0.0
0.0
0.0
0.7645522356033325
0.25485074520111084
0.0
0.0
0.0
0.0
0.08495024591684341
0.0
0.0
0.0
0.16990049183368683
0.0
0.0
0.0
0.0
0.0
0.0
0.0
0.0
0.0
0.16990049183368683
0.0
2.5485074520111084
7.985322952270508
6.031467437744141
1.699004888534546
5.691666603088379
1.6140546798706055
0.0
0.08495024591684341
0.0
0.849502444267273
0.6796019673347473
0.849502444267273
0.5946516990661621
5.4368157386779785
3.992661476135254
5.012064456939697
2.8033580780029297
0.08495024591684341
0.0
0.0
0.4247512221336365
0.0
0.25485074520111084
0.0
2.7184078693389893
5.946516990661621
5.012064456939697
4.587313175201416
1.529104471206665
7.050870418548584
4.332462310791016
1.6140546798706055
1.1893033981323242
1.699004888534546
2.8033580780029297
6.626119136810303
1.7839552164077759
0.0
4.927114486694336
2.88830828666687
4.842164039611816
0.9344527125358582
0.0
0.08495024591684341
0.08495024591684341
0.0
0.0
0.0
0.08495024591684341
0.0
0.08495024591684341
2.7184078693389893
2.88830828666687
1.6140546798706055
3.228109359741211
0.7645522356033325
0.4247512221336365
1.529104471206665
0.0
2.0388059616088867
2.293656587600708
0.0
0.0
2.463557243347168
1.2742537260055542
0.25485074520111084
0.9344527125358582
0.33980098366737366
