0.06521181762218475
0.10432541370391846
-0.06304993480443954
0.11546672135591507
-0.016917483881115913
-0.03176458179950714
-0.10583221912384033
0.1530546247959137
-0.0791136771440506
-0.10795679688453674
0.02713787741959095
-0.020958412438631058
-0.010598408058285713
-0.03476709499955177
0.09229826182126999
0.15774983167648315
0.002725352765992284
-0.15432628989219666
-0.15533627569675446
-0.05777988210320473
-0.14383211731910706
-0.0008789788116700947
-0.14179888367652893
0.07754334062337875
-0.12821665406227112
-0.12609121203422546
-2.0766352463397197e-05
0.1223127618432045
-0.02043820545077324
0.13224256038665771
-0.07045262306928635
-0.026269568130373955
-0.1644963175058365
-0.15770162642002106
0.12834207713603973
-0.11101619154214859
0.04076617211103439
0.07591363042593002
-0.007111409213393927
0.0028280115220695734
0.002966035157442093
0.016388429328799248
0.09925436973571777
-0.12710759043693542
-0.0814317986369133
0.13944408297538757
0.10644693672657013
0.1417732983827591
0.106904037296772
-0.16414164006710052
-0.14405740797519684
0.004454785957932472
-0.15320540964603424
0.0456707663834095
0.0810805931687355
0.13705451786518097
0.14180389046669006
-0.09429395198822021
0.16105689108371735
0.06668765097856522
0.017951495945453644
0.16200436651706696
-0.06947959214448929
0.16403254866600037
-0.05621777102351189
-0.15542036294937134
-0.12732841074466705
-0.13394437730312347
0.023494193330407143
-0.09644640237092972
0.014395632781088352
-0.04270795360207558
0.11905151605606079
-0.11695099622011185
-0.03554224967956543
0.01810588128864765
-0.11728403717279434
-0.09763254225254059
-0.027114037424325943
-0.16106750071048737
0.06648819148540497
0.08568421751260757
0.0201015193015337
-0.12420937418937683
0.046373527497053146
0.10299728810787201
0.08442840725183487
-0.05665474385023117
0.08490891009569168
-0.15186098217964172
0.06142095476388931
-0.08751391619443893
-0.06769465655088425
0.008974923752248287
-0.04593304172158241
-0.0722181648015976
0.029471134766936302
0.15219227969646454
-0.02223661169409752
0.03438078984618187
0.03105016052722931
-0.14894409477710724
-0.13490904867649078
-0.0583680123090744
-0.08933775871992111
0.12943202257156372
-0.029384244233369827
0.10029570013284683
-0.034864623099565506
0.16883641481399536
-0.05186263099312782
-0.1499354988336563
-0.013248697854578495
0.04076726362109184
0.032883137464523315
0.045486025512218475
-0.1589697301387787
-0.03290779888629913
-0.03579709306359291
-0.0077979061752557755
