-0.06031880900263786
0.07513894885778427
0.11910051852464676
0.08550936728715897
0.17066973447799683
-0.06073959916830063
0.08847469091415405
-0.08783960342407227
-0.07996474951505661
-0.021141236647963524
0.05720515549182892
-0.06085338443517685
-0.03569703921675682
0.06276889145374298
-0.11996954679489136
0.16464567184448242
-0.04593260958790779
-0.10074213892221451
-0.13548874855041504
-0.036282237619161606
0.030823711305856705
-0.012192199006676674
-0.0823182612657547
-0.059753816574811935
0.13333949446678162
0.15002378821372986
-0.019225720316171646
0.009563718922436237
-0.16929440200328827
0.12477871775627136
-0.09421994537115097
0.07388187199831009
-0.16025395691394806
0.11746615916490555
0.11550772935152054
-0.10911896824836731
-0.16877631843090057
0.19596731662750244
0.036185555160045624
0.11632324010133743
-0.01544972974807024
0.13577504456043243
-0.15104016661643982
-0.14527587592601776
0.05264146625995636
-0.1349669247865677
0.1411060392856598
0.02005098946392536
0.049686457961797714
0.0599575899541378
0.10608907043933868
0.0745859369635582
0.1621295064687729
0.04353654384613037
-0.07925403863191605
0.19397637248039246
0.04735494777560234
0.08634699136018753
0.02185058780014515
-0.02689172327518463
-0.015563777647912502
-0.1505770981311798
-0.13461749255657196
-0.05338972806930542
-0.07447762042284012
-0.13100647926330566
0.17381662130355835
-0.045337166637182236
-0.07386455684900284
0.05105149745941162
-0.1596515029668808
-0.022193018347024918
0.0034457147121429443
-0.049615949392318726
0.040400054305791855
-0.05951380357146263
-0.1090405061841011
0.08936053514480591
-0.035357169806957245
0.13080164790153503
0.05452992394566536
-0.1486956924200058
-0.06976335495710373
0.03668969124555588
0.09137898683547974
0.04035704955458641
0.11495951563119888
0.11691096425056458
-0.05396945774555206
0.08486544340848923
0.13153085112571716
0.11598636955022812
0.15682688355445862
0.17409953474998474
-0.01679251901805401
0.08425135165452957
-0.12958991527557373
-0.09693242609500885
-0.0886145830154419
-0.06896665692329407
0.14739102125167847
-0.08681704849004745
-0.15834450721740723
0.07826748490333557
0.16271422803401947
0.005832777824252844
0.011810378171503544
0.10427691787481308
-0.03421240299940109
0.1838369518518448
-0.15113161504268646
0.004146719351410866
-0.09141161292791367
-0.04240373522043228
0.06679040193557739
0.10414718836545944
0.11865571141242981
0.01124101784080267
0.04943903163075447
-0.06328678131103516
