0.16314303874969482
0.2365439385175705
-0.32010558247566223
-0.17218312621116638
0.22846154868602753
-0.1039394661784172
-0.24835196137428284
-0.2738483250141144
-0.021323461085557938
-0.026488427072763443
-0.03228641673922539
0.017688393592834473
0.11741186678409576
-0.20567239820957184
-0.07407710701227188
-0.10391249507665634
0.09703124314546585
-0.023654891178011894
-0.16256208717823029
0.04468254745006561
0.09337259829044342
-0.23879249393939972
-0.12312844395637512
-0.17531666159629822
-0.18778657913208008
-0.039896223694086075
-0.28560593724250793
-0.35160794854164124
-0.10172254592180252
-0.12885692715644836
-0.154397651553154
0.25717899203300476
-0.09371524304151535
0.030137093737721443
0.0774853453040123
0.0779838114976883
0.2836737334728241
0.14532577991485596
-0.019660117104649544
-0.19735568761825562
0.14456942677497864
0.06159782037138939
0.24801713228225708
-0.23941312730312347
-0.2483716458082199
-0.20353735983371735
0.052620645612478256
0.20161943137645721
0.279372900724411
-0.0038085489068180323
0.31179913878440857
0.18535609543323517
0.2114514857530594
0.2378385215997696
0.30088403820991516
-0.19677644968032837
0.1435311883687973
0.22657270729541779
-0.1790657341480255
-0.3300720453262329
-0.2216273695230484
0.1092761680483818
-0.22432009875774384
0.016975706443190575
0.0637282207608223
-0.20820176601409912
0.28741464018821716
0.08013933151960373
0.20695096254348755
0.05717901512980461
-0.2317972332239151
-0.18016313016414642
0.162742018699646
0.08360783010721207
0.2238108366727829
-0.3082296848297119
-0.08161143213510513
-0.24701978266239166
0.18736663460731506
0.1921575963497162
-0.08817793428897858
-0.06081705167889595
-0.12236195057630539
-0.19402416050434113
0.04704740643501282
0.16976773738861084
-0.10037915408611298
-0.00997878797352314
0.22580866515636444
0.16638430953025818
0.22339919209480286
0.24644127488136292
-0.04047606512904167
-0.27909472584724426
0.1508208066225052
0.10627880692481995
0.09000075608491898
0.12222208827733994
-0.1617680937051773
0.13589414954185486
0.2886788547039032
-0.3146829605102539
-0.09755507856607437
-0.05829470604658127
-0.06203809008002281
0.05905976518988609
0.1645004004240036
-0.33170366287231445
0.1370183825492859
-0.3585785925388336
-0.21920691430568695
0.06146179512143135
0.12697787582874298
0.2594759166240692
0.2402404546737671
0.28430473804473877
0.17056646943092346
-0.0666186511516571
0.09298756718635559
-0.0016382153844460845
-0.1659720093011856
-0.32591426372528076
0.2065024971961975
0.24003197252750397
0.05671617016196251
0.19247491657733917
-0.280956506729126
-0.07887888699769974
-0.22378914058208466
-0.12655824422836304
0.2179589420557022
0.25508812069892883
-0.2294774353504181
0.055315595120191574
0.147905170917511
-0.13079167902469635
0.25707435607910156
0.20407985150814056
-0.11852186173200607
-0.1550583392381668
-0.0460272878408432
-0.30016225576400757
-0.184854656457901
-0.08780942857265472
-0.17271777987480164
0.06003613397479057
-0.07008229941129684
-0.26495566964149475
-0.13407953083515167
0.239080548286438
-0.16689641773700714
0.12849223613739014
0.1172325611114502
0.0943855419754982
0.26299628615379333
0.15697598457336426
0.08714413642883301
0.11892601102590561
-0.11289680004119873
0.10449850559234619
0.1495978832244873
0.24523231387138367
0.23240524530410767
-0.25956350564956665
-0.03636902943253517
0.13729774951934814
0.059496428817510605
-0.2246158868074417
-0.10951533168554306
-0.17696702480316162
-0.24581922590732574
0.1301826387643814
0.05203850194811821
0.23360376060009003
0.30005455017089844
-0.04285762831568718
-0.20401564240455627
-0.2913879454135895
-0.22632598876953125
-0.1902330368757248
0.09793663769960403
0.10742338001728058
0.2446129471063614
-0.27890530228614807
0.2711338698863983
0.15723586082458496
-0.25628742575645447
-0.28308287262916565
-0.05218489468097687
-0.27848029136657715
0.00017926169675774872
-0.005407213233411312
-0.08225850015878677
-0.21573427319526672
-0.2907622754573822
-0.14159078896045685
-0.2937583923339844
-0.20505620539188385
-0.008368724025785923
0.2545696496963501
-0.0255559254437685
0.1501769870519638
0.26229995489120483
0.11262664943933487
0.2158561497926712
-0.10934054851531982
0.17918117344379425
-0.08198755234479904
0.08737652003765106
-0.2643306255340576
0.12959231436252594
0.20177802443504333
0.03386930748820305
0.026167040690779686
0.09868837147951126
0.1775505095720291
0.27904707193374634
-0.14633424580097198
-0.21996890008449554
-0.05256896838545799
0.1164863258600235
0.17274560034275055
-0.008614021353423595
0.06150536611676216
-0.3224219083786011
-0.1688818335533142
0.18241159617900848
0.11751677840948105
0.038377270102500916
-0.05005377531051636
0.07504419982433319
-0.13051384687423706
-0.2220992147922516
0.11124598979949951
-0.014791736379265785
0.07709654420614243
0.04521956667304039
-0.1790231615304947
-0.05073849856853485
0.1843956708908081
-0.28306490182876587
0.30143314599990845
-0.19443988800048828
-0.18768514692783356
0.30053573846817017
0.08020003139972687
0.07346940785646439
0.1888500303030014
-0.09476391226053238
0.22017773985862732
0.28587934374809265
0.1574093997478485
-0.1638522893190384
-0.2777782678604126
0.3029763400554657
-0.2047095000743866
-0.1745578944683075
0.02143699862062931
0.25790396332740784
0.2146795094013214
0.08566337078809738
-0.09599829465150833
0.3300310969352722
0.19600896537303925
-0.03237837180495262
0.25137853622436523
0.19645366072654724
-0.24492193758487701
-0.19708296656608582
-0.07673370093107224
-0.12486301362514496
-0.26301491260528564
0.1787404865026474
0.12392224371433258
-0.21956495940685272
-0.3292500674724579
-0.10780356079339981
0.20882968604564667
-0.3617541491985321
0.10774701833724976
0.044516898691654205
0.03246597573161125
-0.17308422923088074
-0.2822323441505432
0.15720093250274658
-0.3026033937931061
0.18941451609134674
0.14702659845352173
-0.25787457823753357
-3.93744048778899e-05
0.21414026618003845
-0.017495496198534966
0.08559900522232056
-0.08215068280696869
-0.047572631388902664
-0.0476888008415699
-0.2922278046607971
-0.11205323040485382
0.017758656293153763
0.2231183499097824
0.2281995713710785
0.03903048112988472
-0.2952282130718231
0.3312990665435791
-0.17357471585273743
-0.23931598663330078
0.12271972745656967
-0.08740673959255219
0.0029626553878188133
0.089043527841568
0.06717488169670105
-0.036769527941942215
0.23988880217075348
0.012137006968259811
-0.24968713521957397
-0.1716691255569458
0.17360825836658478
-0.07829342782497406
-0.13893583416938782
-0.21283650398254395
-0.03994807228446007
0.1255275309085846
-0.252743124961853
-0.05744478106498718
0.16258051991462708
0.04008461534976959
0.21247781813144684
-0.2869757413864136
-0.23525920510292053
-0.16273118555545807
0.1944711059331894
0.004030743148177862
0.02138522081077099
-0.19501018524169922
0.20689965784549713
0.018199121579527855
0.09271585196256638
-0.032609354704618454
-0.2720814347267151
0.11189431697130203
0.20310078561306
-0.31267040967941284
-0.19753152132034302
0.20898257195949554
-0.05814722925424576
0.22414638102054596
-0.187913179397583
0.056616511195898056
-0.1940026730298996
-0.10429250448942184
-0.08516038209199905
0.29463139176368713
0.008757371455430984
0.017828285694122314
0.15595857799053192
-0.13838906586170197
-0.2508414387702942
0.13734811544418335
-0.29663461446762085
0.24517390131950378
-0.22646112740039825
0.14978952705860138
0.04298323765397072
-0.24275068938732147
0.14966800808906555
0.21415075659751892
0.30896496772766113
0.3318324685096741
0.08109717071056366
-0.24988135695457458
-0.07783136516809464
0.07417959719896317
-0.0343211367726326
0.1434165984392166
-0.21282994747161865
0.031959742307662964
-0.0873851478099823
-0.32319167256355286
0.1260550320148468
-0.21464687585830688
0.2695438265800476
-0.22700518369674683
-0.10572249442338943
0.18472611904144287
-0.09747127443552017
-0.055508989840745926
-0.06076677888631821
-0.1405898630619049
-0.13540877401828766
0.16822549700737
-0.3371688425540924
-0.19273599982261658
-0.07063686847686768
0.21236154437065125
0.07092951238155365
0.20112517476081848
0.038358695805072784
-0.1260940283536911
-0.02552277222275734
-0.3170298635959625
0.08019620180130005
-0.024358876049518585
-0.27238115668296814
0.23052163422107697
-0.08182881027460098
0.036560021340847015
-0.24739569425582886
0.13242509961128235
0.012616418302059174
-0.04725266247987747
-0.23808297514915466
-0.17010313272476196
0.041468389332294464
-0.09812973439693451
-0.0358118936419487
-0.20915307104587555
-0.06868992000818253
0.1067880243062973
-0.152993306517601
-0.3033170998096466
-0.09213381260633469
-0.025608215481042862
0.12013065069913864
-0.2710535526275635
-0.06164148077368736
-0.02305593341588974
-0.09454214572906494
-0.13890863955020905
0.24847112596035004
-0.2508690059185028
0.17200317978858948
0.017286881804466248
0.3034663796424866
-0.0622042715549469
-0.19540518522262573
-0.01644960232079029
0.12436869740486145
-0.2434505969285965
-0.07659631222486496
0.09809479862451553
-0.005373201798647642
0.2169027030467987
0.09743767976760864
-0.05356476828455925
0.1797361522912979
-0.22736653685569763
0.2696305811405182
-0.18285873532295227
-0.1083030179142952
-0.23302018642425537
-0.29938754439353943
-0.15603069961071014
-0.09512566030025482
-0.011086986400187016
0.11860539764165878
-0.10036470741033554
-0.31024542450904846
0.1687331348657608
0.053170669823884964
0.1374691128730774
0.043952103704214096
-0.16830220818519592
-0.1990772783756256
-0.21526704728603363
0.08018931746482849
0.24122808873653412
0.11086917668581009
0.03050236962735653
-0.11028772592544556
0.146100252866745
-0.39731740951538086
0.18318089842796326
0.16913384199142456
-0.15045270323753357
-0.023191941902041435
0.14604276418685913
0.18039196729660034
0.2020949274301529
-0.2437114715576172
0.06735767424106598
0.1464880257844925
0.13507211208343506
-0.19098107516765594
0.01789725385606289
0.21240681409835815
-0.14480996131896973
0.1175474002957344
-0.1452036052942276
0.14508020877838135
0.0877675861120224
0.16849958896636963
-0.3098764419555664
0.16944578289985657
-0.28906553983688354
0.00554735166952014
0.392162024974823
-0.13480718433856964
-0.220757856965065
-0.09057723730802536
0.0035763841588050127
-0.1317942887544632
-0.15092237293720245
0.05877646803855896
-0.029164521023631096
0.2806112468242645
0.04459353908896446
-0.31461578607559204
-0.2842051088809967
0.043129753321409225
-0.1527903974056244
0.0609273798763752
-0.2511664628982544
-0.2234639823436737
-0.2564845085144043
0.24436499178409576
-0.31035715341567993
0.29105597734451294
0.05980929359793663
0.1254660189151764
-0.12767495214939117
-0.09961511939764023
0.2979278564453125
-0.32556238770484924
0.08407997339963913
-0.02116534486413002
-0.30725592374801636
-0.19585444033145905
-0.026145894080400467
-0.10135017335414886
-0.23997871577739716
0.22133636474609375
0.1009797751903534
0.29077455401420593
-0.23791807889938354
-0.17628641426563263
0.28449559211730957
-0.07341121882200241
-0.1438227742910385
-0.08182891458272934
0.1048336774110794
0.1715976744890213
-0.01808294467628002
-0.06848558038473129
0.0459342896938324
0.2349131554365158
-0.0762663334608078
-0.11902519315481186
-0.3433995246887207
0.21057894825935364
0.16479945182800293
-0.23743481934070587
-0.21407580375671387
-0.16480623185634613
0.010560857132077217
0.12892690300941467
-0.03015892393887043
0.10421542078256607
0.19564354419708252
-0.13473643362522125
-0.004193445667624474
-0.12127950042486191
-0.1507696807384491
-0.12580479681491852
-0.014061713591217995
-0.15322111546993256
0.04895104467868805
-0.2787987291812897
0.18256768584251404
-0.008267184719443321
0.14559334516525269
0.17112307250499725
-0.03397786617279053
0.16246265172958374
-0.21138806641101837
0.0014648903161287308
-0.07176648825407028
0.025220930576324463
0.05119349807500839
-0.018395915627479553
0.24876391887664795
0.21458974480628967
0.11687857657670975
-0.03683259338140488
-0.1746727079153061
-0.059792015701532364
0.07255219668149948
0.06953641027212143
0.14375895261764526
-0.09331230819225311
-0.08468272536993027
0.27096864581108093
-0.04602321237325668
0.0838770791888237
0.20091474056243896
-0.14797431230545044
0.07050886005163193
-0.1355375498533249
0.12259914726018906
-0.00895477645099163
0.09301404654979706
0.028139609843492508
0.10451707988977432
-0.1145237535238266
0.25908464193344116
0.0680556371808052
-0.33426395058631897
-0.02563355676829815
-0.2169904261827469
0.11142939329147339
0.20330707728862762
0.25472280383110046
-0.23031704127788544
-0.0056573511101305485
0.05884181708097458
0.15246619284152985
-0.3451653718948364
0.16644835472106934
0.06986723095178604
0.1419442892074585
-0.05920789763331413
-0.3081796169281006
0.0969417542219162
0.16615892946720123
0.04700789600610733
-0.12777191400527954
-0.15783675014972687
0.1339625120162964
0.23189041018486023
0.28319495916366577
0.09730469435453415
-0.12275108695030212
0.27087295055389404
0.2675275504589081
0.2054571658372879
0.2702986001968384
0.2207299768924713
-0.09680595993995667
0.22583499550819397
-0.24527546763420105
0.14487649500370026
0.13254444301128387
-0.17882424592971802
-0.22758114337921143
-0.015469896607100964
-0.2418076992034912
-0.43273651599884033
0.041881442070007324
0.2171931117773056
-0.3761058449745178
0.16469451785087585
-0.1991734653711319
0.14846055209636688
0.28238359093666077
0.18258406221866608
0.32306164503097534
-0.08906539529561996
-0.21272440254688263
-0.1853306144475937
-0.09514116495847702
-0.14340603351593018
-0.07215026021003723
0.0013259126571938396
0.1306023746728897
-0.21578377485275269
0.14724388718605042
0.19141025841236115
0.029592294245958328
0.0008090402698144317
0.13003413379192352
0.13565345108509064
-0.23233307898044586
0.09776163846254349
0.15134172141551971
-0.3233289420604706
-0.12123164534568787
-0.053413618355989456
0.223496675491333
0.03145481273531914
-0.061510615050792694
-0.3800640404224396
-0.03955250233411789
-0.1422155499458313
-0.3208248019218445
0.15547361969947815
0.05171230807900429
-0.05980575084686279
0.15226230025291443
-0.1481202095746994
0.24322007596492767
0.2967474162578583
0.042046256363391876
-0.3458617627620697
-0.015958314761519432
-0.2072790563106537
0.21386681497097015
-0.17401713132858276
0.019656941294670105
0.2386506348848343
0.16878236830234528
0.061965275555849075
0.0884259045124054
0.20610736310482025
-0.2816372811794281
0.0017158689443022013
-0.0999142974615097
-0.26631757616996765
0.17395150661468506
0.03638095036149025
-0.06401600688695908
0.11891456693410873
-0.20537233352661133
0.10528235882520676
-0.1514749675989151
0.31440454721450806
0.11513936519622803
-0.004631934687495232
0.20590931177139282
-0.13553370535373688
0.03703952580690384
-0.13979412615299225
-0.22309836745262146
-0.07286771386861801
-0.28356361389160156
0.06831761449575424
0.22995583713054657
0.1500786542892456
-0.03902801498770714
-0.22934456169605255
-0.24825333058834076
-0.206389382481575
-0.0938870757818222
0.07242521643638611
-0.10731349885463715
0.011466441676020622
0.15876030921936035
0.21411745250225067
-0.1489681750535965
-0.0356670618057251
-0.24511754512786865
0.20641010999679565
0.14883433282375336
0.13839775323867798
0.004145198035985231
0.17385894060134888
0.2731039524078369
0.04888731986284256
0.22534768283367157
-0.16880296170711517
0.086225725710392
-0.3754708766937256
0.16567924618721008
0.11629914492368698
0.033921822905540466
0.28464868664741516
-0.00892708357423544
0.1567050665616989
0.0696130022406578
0.2714141309261322
0.1714945286512375
0.048525139689445496
-0.03905487433075905
0.10248444229364395
-0.04458142817020416
0.1661853790283203
0.127886101603508
0.15650001168251038
-0.07869268953800201
-0.20408843457698822
0.12811273336410522
0.07945484668016434
0.23974543809890747
0.2579467296600342
-0.3498130738735199
0.09884685277938843
0.2815971374511719
-0.08584823459386826
-0.3168710470199585
-0.09579788893461227
0.19143520295619965
-0.05970492959022522
0.14131319522857666
0.27696558833122253
0.20717425644397736
0.1233193501830101
-0.25837036967277527
0.1996706873178482
-0.01916613057255745
-0.2185458391904831
-0.24177095293998718
-0.04896742105484009
-0.298758327960968
-0.07463907450437546
0.084874227643013
-0.23831336200237274
-0.0879378467798233
0.10815169662237167
0.10851504653692245
0.2836938500404358
0.19802144169807434
-0.12715093791484833
-0.21390949189662933
0.08904331922531128
-0.006610510405153036
0.10427100211381912
0.08360129594802856
-0.25630679726600647
0.10280082374811172
-0.1749802529811859
-0.13693968951702118
0.23885196447372437
0.1612328290939331
-0.08037905395030975
-0.09216633439064026
0.03585879132151604
-0.3217400014400482
-0.21967023611068726
0.2181226760149002
0.22142118215560913
0.15003813803195953
-0.22675234079360962
-0.104606032371521
-0.1991529017686844
-0.08183726668357849
-0.03827432915568352
0.24411341547966003
-0.24565757811069489
-0.2126992642879486
0.11783842742443085
-0.26098254323005676
-0.0560041218996048
0.10942360013723373
-0.07158324122428894
0.017035219818353653
0.13905112445354462
0.004473390989005566
-0.11650287359952927
0.15001212060451508
-0.10860796272754669
0.1830064207315445
-0.3655582666397095
