0.03295445814728737
0.08416227251291275
0.20375163853168488
0.017439033836126328
0.12405217438936234
-0.12978051602840424
-0.0397987961769104
0.05575612559914589
-0.12406635284423828
-0.01592225208878517
-0.1261604279279709
-0.15513792634010315
0.0983988344669342
-0.03008590079843998
-0.04560880362987518
0.06327816098928452
0.1331932544708252
-0.154932901263237
0.17432603240013123
0.08027263730764389
-0.09145770967006683
-0.14974841475486755
0.07032431662082672
-0.05088469758629799
-0.03765315189957619
-0.14298312366008759
0.009828420355916023
-0.07563464343547821
-0.1263343095779419
0.18568141758441925
0.15705756843090057
-0.011804226785898209
-0.09485790878534317
-0.13787470757961273
-0.004786259960383177
-0.10597117990255356
0.1142299622297287
0.1941857635974884
0.09255537390708923
-0.015991048887372017
-0.1296818107366562
-0.10601107031106949
0.04346957057714462
0.08673187345266342
0.00554811954498291
0.014171397313475609
-0.09427304565906525
0.16222235560417175
-0.06063330918550491
-0.12670691311359406
0.15081043541431427
0.016502872109413147
0.032631583511829376
0.1533328741788864
-0.15409693121910095
-0.030168993398547173
-0.020067693665623665
0.16416990756988525
0.06340092420578003
0.04797930642962456
-0.08273594081401825
0.07266539335250854
0.032325293868780136
0.1305123120546341
0.14588600397109985
0.16622088849544525
0.08961783349514008
-0.07202515006065369
0.07789236307144165
-0.1404031217098236
0.038113005459308624
-0.141864612698555
-0.11467819660902023
-0.018877439200878143
-0.026236504316329956
0.020223967730998993
-0.012560322880744934
-0.11783908307552338
0.02911941520869732
-0.060102690011262894
0.0873899832367897
0.1962025761604309
-0.16442033648490906
-0.015858080238103867
-0.0502985455095768
0.175608828663826
-0.13707001507282257
0.028516408056020737
-0.11034831404685974
-0.09656144678592682
-0.12558159232139587
-0.0976385548710823
0.14491777122020721
-0.1057775542140007
0.11468622833490372
-0.13990060985088348
0.10060039907693863
0.03797197714447975
0.1627148538827896
0.17233878374099731
0.05426390841603279
-0.15777282416820526
0.06313000619411469
0.165630042552948
-0.07198537141084671
-0.14076422154903412
-0.09757447987794876
-0.008834712207317352
-0.08223538100719452
0.15380705893039703
-0.008554245345294476
0.18324899673461914
0.15491320192813873
-0.0604395866394043
-0.08155651390552521
-0.12167233973741531
0.0005057972157374024
-0.0006846774485893548
0.11900313198566437
0.1507418006658554
