-0.07260929048061371
-0.008938788436353207
-0.008513552136719227
-0.11412984877824783
-0.033650804311037064
0.008581962436437607
-0.03756735101342201
0.14631833136081696
0.06100735440850258
0.09481257945299149
0.09036914259195328
-0.044458117336034775
0.017846889793872833
0.13353949785232544
-0.04963251203298569
-0.03583226725459099
-0.12259150296449661
0.11968088150024414
0.11270839720964432
0.10435713827610016
-0.1274636685848236
-0.11529966443777084
0.09547892957925797
-0.078229159116745
-0.13814085721969604
0.008602729998528957
0.15494824945926666
-0.1424795687198639
-0.00944143533706665
0.14399254322052002
0.03282470256090164
-0.07492689788341522
-0.05070779472589493
0.03461765870451927
0.13446739315986633
-0.0221804678440094
-0.037123072892427444
-0.08130363374948502
0.11342374235391617
0.08097819983959198
-0.10592792928218842
-0.15168322622776031
-0.0020657554268836975
-0.06112106889486313
0.03235417231917381
0.12953829765319824
0.17290617525577545
0.13218051195144653
-0.08165224641561508
0.044381283223629
-0.029865583404898643
0.029778841882944107
-0.07732687890529633
-0.007651863154023886
-0.052136730402708054
-0.09682443737983704
0.008837322704494
0.008664811961352825
-0.0580502450466156
0.15845268964767456
0.1523037999868393
0.13099366426467896
0.027954937890172005
0.1171780452132225
-0.15251664817333221
-0.13415338099002838
-0.11533796787261963
-0.07517863810062408
0.13764293491840363
0.17028245329856873
-0.12460590898990631
-0.037432074546813965
0.1314944624900818
-0.09881369024515152
0.16010929644107819
0.058936748653650284
-0.11578460782766342
-0.06561125814914703
-0.03841086104512215
-0.12152978032827377
-0.047459669411182404
-0.1130247637629509
-0.006933600641787052
0.06023784354329109
0.11159925162792206
0.007244432345032692
0.052728939801454544
-0.09331323951482773
-0.0073823085986077785
-0.14110933244228363
-0.13461174070835114
0.11586469411849976
-0.10822493582963943
-0.13368381559848785
0.06644367426633835
-0.07500820606946945
0.04061328247189522
0.128875270485878
0.0926235243678093
-0.10198521614074707
0.14544260501861572
0.1432359516620636
0.0038919118233025074
-0.1440877467393875
-0.15816323459148407
-0.09320789575576782
0.028144344687461853
-0.07385455071926117
-0.09629645943641663
-0.08634970337152481
-0.15397118031978607
-0.13840915262699127
0.02180907316505909
0.10409991443157196
-0.09273422509431839
0.06980112940073013
0.04425334557890892
-0.12598149478435516
0.1647551953792572
-0.17175228893756866
