0.02858906425535679
0.07772037386894226
0.05454619228839874
0.053852297365665436
0.04489707574248314
-0.09088999778032303
-0.039132289588451385
0.08684836328029633
-0.17288537323474884
0.052451323717832565
-0.06336308270692825
-0.002863931702449918
-0.004444954451173544
0.1400623917579651
-0.03009696491062641
0.15464596450328827
0.1612449735403061
-0.0765145868062973
-0.05193932726979256
0.06088348105549812
-0.13029469549655914
0.07127426564693451
0.003619900904595852
0.023064786568284035
0.05441269651055336
0.047545019537210464
0.06940987706184387
-0.16459155082702637
-0.022810718044638634
0.03569960966706276
-0.13439959287643433
-0.15102441608905792
-0.04497433453798294
0.1123347133398056
0.042984575033187866
-0.13998878002166748
-0.11327242106199265
0.11703015118837357
-0.013471545651555061
-0.010643570683896542
0.06256548315286636
0.16972917318344116
0.18494032323360443
-0.09126248955726624
0.08354376256465912
-0.03606441244482994
0.05949698016047478
-0.12964332103729248
-0.11728207021951675
0.15878915786743164
-0.06564261019229889
-0.027108239009976387
0.15220533311367035
-0.10066482424736023
0.004696678835898638
-0.14159515500068665
0.06520003825426102
0.04622683301568031
-0.09179588407278061
0.05191173776984215
0.1251717209815979
0.16000273823738098
0.12892021238803864
0.05546458810567856
-0.06221780553460121
-0.15993458032608032
0.14097759127616882
-0.07364295423030853
0.1027846410870552
0.09452550113201141
0.15919962525367737
0.14721766114234924
-0.03522498905658722
-0.09860862046480179
0.03134259581565857
0.12009318917989731
-0.0950525552034378
-0.15435437858104706
-0.032625213265419006
-0.14789298176765442
0.18155232071876526
-0.08172427117824554
-0.13929182291030884
0.0031945479568094015
-0.15327316522598267
0.0065952492877841
-0.1434701383113861
0.1201445534825325
0.08930415660142899
-0.037679992616176605
-0.06974741816520691
0.14482180774211884
-0.05865620821714401
0.11442624032497406
-0.1552865207195282
0.13877566158771515
-0.15167966485023499
0.07824057340621948
-0.07866451889276505
0.11921383440494537
-0.09054621309041977
0.056097567081451416
0.10631982982158661
-0.11239950358867645
0.12454962730407715
-0.00523007195442915
0.1201518177986145
0.10139978677034378
0.03884385526180267
0.07949977368116379
-0.0669507160782814
-0.07337129861116409
0.12444766610860825
0.1235857680439949
-0.06022070348262787
-0.07367519289255142
-0.055624060332775116
0.0007616240181960166
0.08507309854030609
0.035846274346113205
