-0.14255905151367188
0.09209110587835312
0.07310746610164642
0.07559383660554886
0.03483038768172264
-0.11134785413742065
-0.13658607006072998
0.032200440764427185
-0.18003104627132416
0.06485036760568619
0.0014277159934863448
-0.10276948660612106
-0.1611199527978897
-0.16527383029460907
-0.023651331663131714
0.07487215101718903
-0.01804445870220661
-0.13511450588703156
-0.021956656128168106
0.018383605405688286
0.09688985347747803
0.1323510855436325
0.059393737465143204
0.1585390269756317
0.08628399670124054
0.015699539333581924
-0.18309101462364197
0.027271464467048645
0.12443629652261734
-0.020013919100165367
0.06314878910779953
0.041485656052827835
-0.044249340891838074
0.11798175424337387
0.11606741696596146
-0.12173890322446823
0.11096225678920746
0.12503176927566528
-0.17206914722919464
0.03408261761069298
-0.03815426677465439
0.02856801636517048
-0.16935695707798004
0.13293761014938354
0.046485159546136856
0.08291547000408173
0.11753392964601517
0.1138065755367279
-0.1362731009721756
-0.05904822424054146
-0.16045548021793365
0.14707796275615692
-0.12886810302734375
0.17430895566940308
0.045811016112565994
-0.17360346019268036
-0.15358419716358185
-0.04731549695134163
-0.13529488444328308
0.09416849911212921
-0.037240657955408096
0.06931830942630768
0.12854589521884918
-0.15389591455459595
0.01077347993850708
-0.048482295125722885
0.06783632189035416
-0.010238808579742908
-0.1555355042219162
-0.16213427484035492
0.10750498622655869
-0.034614890813827515
-0.11982902884483337
-0.07535891234874725
0.13792306184768677
-0.07174433022737503
-0.10473473370075226
0.10825837403535843
0.1084047257900238
-0.0522104911506176
-0.13681381940841675
-0.13154898583889008
0.11312852799892426
0.06733495742082596
0.13728775084018707
-0.1080680787563324
0.12097016721963882
0.10492736846208572
0.15356922149658203
-0.20283345878124237
0.07530683279037476
0.1774534434080124
0.1243707537651062
0.1336010843515396
0.12558704614639282
0.18084098398685455
0.0705387070775032
0.04240686446428299
-0.036035049706697464
0.03494780510663986
0.09422770887613297
0.14814697206020355
0.03542748838663101
0.1278899610042572
0.1893066018819809
-0.009229136630892754
0.08317216485738754
-0.12853528559207916
-0.11539604514837265
-0.018382439389824867
0.1519588828086853
0.07292351126670837
0.012610902078449726
0.09697772562503815
0.10488296300172806
0.061722248792648315
0.14716844260692596
-0.15464122593402863
-0.15467102825641632
0.10247744619846344
