-0.06389840692281723
-0.07831958681344986
0.06962208449840546
0.012413974851369858
-0.12059403955936432
0.1445450484752655
-0.00645525474101305
0.1665654182434082
0.06019122898578644
-0.127589151263237
-0.04300636053085327
0.17132441699504852
0.08782599866390228
0.021551065146923065
0.1492401510477066
0.05876147001981735
-0.01587395742535591
-0.016105350106954575
0.12114172428846359
0.16240806877613068
-0.04211413860321045
-0.10590306669473648
-0.15409697592258453
-0.014832916669547558
-0.09174558520317078
-0.15931443870067596
-0.05345257744193077
-0.013880345970392227
-0.0367436483502388
0.06098094955086708
-0.0500568225979805
0.1467551440000534
-0.1529179811477661
0.022504884749650955
-0.10606525093317032
0.06390447914600372
-0.06346968561410904
0.0591086819767952
-0.16019615530967712
-0.08181479573249817
-0.020301075652241707
0.007011276204138994
-0.11506595462560654
-0.04868193343281746
0.13056345283985138
0.10713249444961548
-0.040651340037584305
-0.16774480044841766
0.09052186459302902
-0.16147968173027039
0.11549844592809677
0.06354212015867233
0.08644215762615204
-0.15061336755752563
-0.024791114032268524
0.07742317020893097
-0.014573987573385239
0.11261465400457382
0.1420840322971344
0.09995590895414352
-0.10002106428146362
0.10213424265384674
-0.11597687751054764
0.12888246774673462
0.01945859007537365
-0.08571376651525497
0.006575217470526695
0.11104560643434525
-0.15294840931892395
-0.05241905897855759
-0.07238349318504333
-0.08329243212938309
-0.08299259096384048
-0.0714062973856926
-0.05173182114958763
-0.12199251353740692
-0.08707426488399506
0.009226794354617596
0.007176010403782129
0.06259436160326004
0.10002380609512329
0.0017140212003141642
-0.13842439651489258
-0.08143778890371323
0.09214542806148529
0.050517238676548004
0.14324571192264557
0.15166039764881134
-0.1329297423362732
0.16260866820812225
0.1361955851316452
-0.13581228256225586
0.09728797525167465
0.16324564814567566
-0.16754548251628876
-0.12096970528364182
-0.11775872111320496
-0.0064774504862725735
0.08811236172914505
0.1333441585302353
0.08940624445676804
0.18369053304195404
-0.01984379068017006
-0.10450245440006256
-0.085033118724823
0.05823899805545807
0.09702843427658081
-0.09544851630926132
-0.07859239727258682
-0.06442593038082123
-0.15558993816375732
0.18595923483371735
-0.07796156406402588
-0.02394682727754116
0.07098715007305145
-0.12493918091058731
0.14861638844013214
0.014979607425630093
-0.007226914167404175
-0.11457905173301697
