0.16133540868759155
-0.16792267560958862
0.16288088262081146
-0.13789843022823334
0.06498365104198456
-0.0765441358089447
-0.0872572734951973
-0.12776504456996918
-0.052916690707206726
0.11188899725675583
0.14616619050502777
0.17048640549182892
0.045314617455005646
-0.14712758362293243
-0.1421695351600647
0.017407845705747604
-0.07929062843322754
-0.07693178951740265
0.14795443415641785
-0.14076919853687286
0.1644463837146759
0.03505808487534523
0.16151300072669983
-0.08801770210266113
0.023220771923661232
-0.15791238844394684
-0.11217326670885086
0.13347482681274414
0.150741308927536
0.07439601421356201
-0.0029446270782500505
0.1549234837293625
-0.09856776148080826
-0.13854515552520752
0.01999281346797943
-0.14488303661346436
0.043654296547174454
-0.07454753667116165
-0.015776094049215317
-0.03623680770397186
-0.07572361826896667
-0.05932360887527466
-0.12138009071350098
0.11954514682292938
-0.15810856223106384
0.0044700996950268745
0.06739812344312668
0.0752197802066803
-0.1688007414340973
-0.08813432604074478
-0.06438254565000534
0.03668737784028053
-0.05314641818404198
0.13353762030601501
-0.1352454423904419
-0.14994044601917267
0.1417774260044098
0.07848137617111206
0.03603019565343857
0.026197612285614014
0.08384660631418228
-0.14844442903995514
-0.1630573868751526
-0.024114390835165977
-0.07635227590799332
-0.1653009057044983
0.09227777272462845
-0.06933757662773132
-0.1676987260580063
-0.07100287079811096
-0.00579932052642107
-0.09069248288869858
-0.14416953921318054
0.011789432726800442
0.16829490661621094
-0.05948657542467117
-0.07950765639543533
-0.14540216326713562
0.12737609446048737
-0.06765440851449966
-0.016198839992284775
0.010685198940336704
0.01881013624370098
-0.04062855988740921
0.16675005853176117
0.07688186317682266
-0.050109993666410446
0.07976581901311874
0.02388422004878521
-0.1367621123790741
0.15592797100543976
-0.14734093844890594
0.15558238327503204
-0.12718190252780914
-0.08345583826303482
-0.039603106677532196
-0.012853291817009449
0.062464646995067596
-0.0304225105792284
0.0010885734809562564
-0.10247489809989929
-0.12473771721124649
-0.1278519183397293
-0.0018050472717732191
0.054661720991134644
0.10577401518821716
0.1440919190645218
-0.06494468450546265
-0.1694246083498001
0.10244989395141602
-0.08775179833173752
0.14121317863464355
-0.06764467060565948
0.048675086349248886
0.06331565976142883
0.017900176346302032
0.03324148803949356
-0.10535304248332977
-0.005268719978630543
0.07438934594392776
