0.10837341845035553
-0.12666013836860657
0.14494796097278595
-0.04728275537490845
-0.04598144814372063
0.144025981426239
0.09698563814163208
-0.13857777416706085
0.02569841779768467
-0.15315601229667664
0.01525210402905941
-0.08022942394018173
0.06598222255706787
0.14594629406929016
-0.14382603764533997
0.14997977018356323
-0.07865109294652939
0.009111673571169376
-0.04580869525671005
0.06459682434797287
0.011325675994157791
-0.07142843306064606
-0.10552358627319336
0.06843355298042297
-0.16171914339065552
-0.025937702506780624
0.10715511441230774
0.15571029484272003
-0.15026524662971497
0.0005519436090253294
0.1639280766248703
0.10204217582941055
0.13273219764232635
-0.12470486760139465
-0.04468439146876335
0.022203341126441956
0.13047558069229126
0.07884851098060608
-0.1623508334159851
0.10599865764379501
0.11235310882329941
-0.12707826495170593
0.06251870095729828
-0.08599472790956497
-0.02933308482170105
-0.10086917877197266
0.07754318416118622
0.11399254947900772
0.1165604293346405
0.10842762887477875
0.12278071790933609
0.170116126537323
-0.13252682983875275
0.04768340289592743
-0.07670212537050247
-0.003766285255551338
-0.040129974484443665
0.1376286745071411
0.06542786955833435
-0.0820721909403801
0.11767992377281189
0.03853532299399376
-0.014755049720406532
0.15347926318645477
-0.1499175876379013
0.07005656510591507
0.02367532067000866
-0.03249528259038925
-0.0847114846110344
-0.006964796222746372
0.050038401037454605
-0.04192643612623215
-0.11621396243572235
0.1536240577697754
-0.15614399313926697
0.02136371284723282
-0.11524436622858047
0.13285955786705017
0.10398057103157043
0.11909148842096329
-0.036818359047174454
0.010382927022874355
0.10921350866556168
0.1389542520046234
-0.010667642578482628
0.16072475910186768
0.03973525017499924
-0.1824193000793457
-0.09568363428115845
-0.037112317979335785
-0.11559201031923294
-0.007916511967778206
0.1862385869026184
-0.10032854974269867
0.1163480281829834
-0.162246435880661
0.16440920531749725
-0.013124438934028149
0.07205238193273544
-0.12638436257839203
-0.11964956670999527
0.16747887432575226
-0.08246170729398727
-0.08120148628950119
0.005866179242730141
0.08763189613819122
0.13630108535289764
0.03719392418861389
-0.13609343767166138
0.1322530210018158
0.13408547639846802
0.21307146549224854
0.17378582060337067
-0.1535605788230896
-0.10581844300031662
0.15536090731620789
0.06762038916349411
0.053863316774368286
0.014864131808280945
0.05718296766281128
