0.017718138173222542
-0.0011682928306981921
-0.15874184668064117
0.13006991147994995
-0.02674836665391922
-0.0808679610490799
-0.06934923678636551
0.04964044690132141
-0.03225607052445412
-0.16628922522068024
0.12460948526859283
-0.06414381414651871
-0.10227349400520325
-0.08399610221385956
-0.1041242927312851
0.12711969017982483
0.03951385244727135
-0.13387686014175415
0.12867002189159393
0.09079121798276901
-0.14002905786037445
0.1697968989610672
0.06741849333047867
0.045759718865156174
-0.052343450486660004
0.16615575551986694
-0.12089582532644272
0.08224295824766159
-0.145815908908844
-0.026906821876764297
0.13977672159671783
0.03775971010327339
0.15313057601451874
-0.15697355568408966
-0.11190987378358841
0.10486104339361191
-0.057411812245845795
0.03254805877804756
0.16701416671276093
0.044075652956962585
0.1043732762336731
-0.09136919677257538
0.04659513011574745
0.10774107277393341
0.14184410870075226
0.17279833555221558
0.03020068258047104
0.053482066839933395
0.04144065082073212
-0.14490918815135956
0.09945455193519592
-0.0865321233868599
-0.15220500528812408
0.15523816645145416
-0.014889033511281013
-0.10838285833597183
0.02393711730837822
0.0468921959400177
0.15221525728702545
0.14237619936466217
0.045811668038368225
-0.14743906259536743
0.02396954596042633
0.1549403816461563
0.052222467958927155
-0.0161988977342844
0.1663619726896286
0.03761635720729828
0.17565898597240448
0.13310131430625916
0.15020157396793365
0.1264173835515976
-0.011141404509544373
0.025165561586618423
0.00506869750097394
0.14322443306446075
0.0671493262052536
-0.050789181143045425
-0.017948035150766373
0.009498711675405502
0.028881745412945747
-0.13691088557243347
-0.148858442902565
-0.002271221252158284
0.036529578268527985
0.1755160540342331
0.15476875007152557
-0.07329724729061127
0.1006724014878273
0.1978665143251419
-0.011107082478702068
-0.08319773524999619
0.17302030324935913
-0.06580466032028198
-0.10538029670715332
0.03231382742524147
-0.11543247848749161
0.002501001115888357
-0.055819083005189896
0.005051471758633852
-0.09188548475503922
0.055143266916275024
0.1256638914346695
0.07715525478124619
0.030405143275856972
0.11631940305233002
0.15262582898139954
-0.05084871128201485
-0.17555223405361176
0.03929898887872696
-0.056693729013204575
-0.013590451329946518
-0.10903285443782806
0.0894358679652214
-0.0833350419998169
0.004824849311262369
-0.09164206683635712
-0.12223969399929047
-0.10504651069641113
0.05561603605747223
