-0.06237025931477547
0.08472852408885956
0.09298402816057205
0.03995653986930847
-0.07574008405208588
-0.16292427480220795
0.06756378710269928
0.10894598811864853
-0.09376195818185806
0.12106116861104965
0.04291749373078346
-0.13276740908622742
-0.13347283005714417
-0.011665131896734238
0.18308287858963013
0.04777132347226143
0.1227569654583931
-0.06717254966497421
0.0011453867191448808
-0.17679885029792786
-0.08938740193843842
-0.16247433423995972
0.11298134922981262
-0.16391415894031525
-0.09876661747694016
0.08629696816205978
0.16000661253929138
-0.009146708063781261
-0.1588963270187378
-0.16309522092342377
-0.1504499912261963
-0.010002976283431053
0.028923993930220604
0.19912660121917725
0.14432841539382935
0.0836750939488411
0.10819195210933685
0.027817362919449806
-0.04539141058921814
0.14598314464092255
0.03403853625059128
0.1578942984342575
0.0720706358551979
0.11076510697603226
-0.10170629620552063
-0.11709335446357727
-0.024438057094812393
-0.05179248005151749
-0.14628739655017853
0.05420668423175812
-0.09860333055257797
0.0818297415971756
-0.02760736271739006
-0.051368799060583115
0.11197572201490402
-0.13484349846839905
0.035282302647829056
-0.0025579456705600023
0.060619547963142395
-0.12298346310853958
0.08090759813785553
0.07367698848247528
0.1080990806221962
0.02715892158448696
-0.054556954652071
-0.19308584928512573
-0.13858406245708466
-0.05942622944712639
0.025327006354928017
-0.05260752886533737
0.16432946920394897
0.09543399512767792
0.1085708886384964
0.10373816639184952
0.16190659999847412
0.10541379451751709
0.014270883053541183
0.011587000451982021
0.1502145528793335
-0.09624174982309341
0.12405364960432053
0.07142369449138641
0.13742099702358246
-0.02880251407623291
0.04669686034321785
-0.15993919968605042
0.005902840755879879
0.15260621905326843
0.13901738822460175
-0.12581884860992432
-0.0078040543012320995
0.15505290031433105
-0.055847641080617905
-0.034403201192617416
-0.13697583973407745
0.08795394748449326
-0.14081332087516785
0.08550209552049637
0.15669958293437958
-0.14805211126804352
-0.13313642144203186
0.16671966016292572
-0.00902863871306181
-0.035006873309612274
0.017710760235786438
-0.12659290432929993
0.06340977549552917
0.13268990814685822
0.16511352360248566
-0.056015145033597946
0.1215839684009552
0.09667248278856277
-0.002529011107981205
-0.007438616827130318
-0.14201071858406067
-0.025341005995869637
0.186855748295784
0.009867586195468903
0.06890661269426346
0.1157863661646843
