0.09654427319765091
0.0391949862241745
0.07448496669530869
-0.017482470721006393
-0.03251073136925697
0.11646176874637604
-0.16986164450645447
-0.06587919592857361
-0.09606555849313736
-0.1393888145685196
-0.11662882566452026
-0.019482778385281563
-0.1604515016078949
0.05385098606348038
-0.049616146832704544
0.05164715275168419
0.0506540946662426
0.09805208444595337
-0.17304976284503937
0.09811481088399887
0.10426275432109833
-0.0829501822590828
-0.0670316144824028
0.017968283966183662
-0.0909631997346878
-0.043330639600753784
0.15706530213356018
-0.1406838297843933
-0.045649971812963486
0.05654115974903107
-0.05556085705757141
0.02658957988023758
-0.10917210578918457
-0.0375962108373642
0.137607604265213
-0.08986832946538925
-0.06145850196480751
0.03545102849602699
0.032011277973651886
0.08606013655662537
-0.08707085251808167
-0.0749344676733017
-0.1507512778043747
0.03260933607816696
-0.12718454003334045
0.1938900500535965
-0.12061396986246109
-0.058238349854946136
0.18313194811344147
0.003575014416128397
-0.012540356256067753
-0.03828318789601326
0.010822291485965252
-0.06092570722103119
0.05055442452430725
0.15435977280139923
0.17803660035133362
0.11531698703765869
0.09638997912406921
0.03364170715212822
0.017724880948662758
0.09290676563978195
0.12945641577243805
-0.07261631637811661
-0.05606473982334137
0.05597086623311043
-0.06410388648509979
-0.1489945650100708
0.03494478017091751
-0.0649217888712883
0.15156637132167816
-0.08128400146961212
0.06018030643463135
-0.006837005726993084
-0.07892992347478867
0.14396169781684875
-0.0782877579331398
-0.09763054549694061
-0.058048054575920105
0.059714894741773605
-0.14009028673171997
0.05480468273162842
-0.03054206259548664
0.06557152420282364
-0.05074561387300491
0.1382003128528595
0.01500396803021431
-0.17223253846168518
-0.028801439329981804
0.021863296627998352
0.062015023082494736
-0.15922927856445312
0.08364083617925644
0.08538508415222168
0.11866606771945953
0.16673339903354645
0.1489569991827011
-0.006318175233900547
-0.14401832222938538
-0.14354094862937927
0.16212598979473114
-0.10296977311372757
-0.011541390791535378
0.07111141085624695
0.1035003811120987
-0.0805705189704895
-0.13262169063091278
-0.05744967982172966
0.13477051258087158
0.07505824416875839
0.21139656007289886
0.0591103732585907
0.14861364662647247
0.008464091457426548
-0.11384556442499161
-0.11840805411338806
0.11019165813922882
0.15125684440135956
-0.07812216877937317
-0.10441424697637558
