0.07884663343429565
-0.013274937868118286
0.046258095651865005
-0.11023061722517014
0.08636005222797394
0.15495522320270538
0.2055513858795166
0.16169406473636627
0.04393787682056427
0.1824924200773239
0.1331646740436554
0.11421586573123932
-0.1118149533867836
-0.07643520087003708
0.038432829082012177
-0.03868634253740311
-0.16615189611911774
-0.18064767122268677
-0.28992539644241333
-0.2657734453678131
-0.08582490682601929
0.03657422959804535
-0.07636436074972153
-0.06771562993526459
0.09414193779230118
-0.014457263983786106
-0.024092625826597214
-0.11265493184328079
-0.19042737782001495
-0.04913322627544403
0.07999635487794876
-0.09206876158714294
-0.01818569004535675
-0.09993603825569153
0.07781242579221725
-0.05119289830327034
0.09831810742616653
-0.0005718031316064298
0.11905468255281448
-0.040061116218566895
0.09465353935956955
0.11232877522706985
-0.03238407149910927
-0.022571900859475136
0.11752680689096451
0.03859694302082062
-0.11245640367269516
-0.01630452275276184
0.09916815161705017
0.11365857720375061
-0.03603070601820946
-0.005667142570018768
0.035412393510341644
-0.03881416469812393
0.0906318873167038
0.07128043472766876
0.1695852130651474
0.15371426939964294
0.06806284934282303
-0.1531335413455963
-0.010712619870901108
0.10768867284059525
-0.007855148985981941
-0.10069018602371216
-0.14273671805858612
-0.07753052562475204
0.14254148304462433
0.1602347493171692
0.03504317253828049
-0.15199436247348785
0.07467164844274521
0.07891244441270828
0.001244305050931871
0.10515289753675461
-0.11134443432092667
0.05060586705803871
-0.05590175464749336
-0.21571095287799835
-0.08752434700727463
-0.0287508312612772
-0.10695682466030121
-0.11605329811573029
-0.07896324247121811
-0.009303050115704536
0.08440223336219788
0.15924304723739624
0.14213714003562927
0.25752657651901245
0.08262468129396439
0.1934169977903366
0.1263638436794281
0.20812714099884033
0.12315580993890762
0.07612092047929764
-0.052060794085264206
-0.13915039598941803
-0.22049282491207123
-0.0834868922829628
-0.09362387657165527
0.046500444412231445
0.039788030087947845
-0.05149437114596367
-0.10874047875404358
0.015580656006932259
-0.1710197478532791
-0.0720314159989357
0.070855051279068
0.1415860652923584
0.19183319807052612
0.07495588064193726
0.10758323967456818
0.19824033975601196
0.09841883927583694
0.15634037554264069
0.2561815679073334
0.1125219538807869
-0.00557895191013813
-0.11464730650186539
-0.17610685527324677
-0.0035870664287358522
0.039398033171892166
-0.18388131260871887
-0.19860905408859253
-0.19692203402519226
-0.030295344069600105
0
0
0
0
0
0
0
0
0
0
0
0
0
0
0
0
0
0
0
0
0
0
0
0
0
0.09522400796413422
-0.014825526624917984
-0.04958091676235199
0.0724533274769783
0.005525215528905392
0.05063057690858841
0.16883450746536255
0.14436182379722595
0.08462589234113693
0.1827181577682495
0.13447144627571106
0.030963610857725143
-0.14994597434997559
-0.09345623105764389
0.012410434894263744
0.012658927589654922
-0.25004130601882935
-0.22248175740242004
-0.07869062572717667
-0.10084781050682068
0.022452648729085922
-0.05384881794452667
0.027300776913762093
0.21653807163238525
0.15548494458198547
-0.03140292689204216
-0.00899631716310978
-0.18492834270000458
-0.03242325782775879
-0.0738900676369667
0.00229484005831182
-0.017821552231907845
-0.10431722551584244
0.09333602339029312
0.07535213232040405
0.029899466782808304
0.0888005867600441
0.08325762301683426
0.054985880851745605
0.1100405678153038
-0.09242679923772812
-0.044953908771276474
0.13277561962604523
0.17878881096839905
0.06532181054353714
-0.03851006180047989
-0.04866224527359009
-0.06329914927482605
0.048532191663980484
0.03741909936070442
0.006131404545158148
0.08007784932851791
0.07790257036685944
-0.014690369367599487
0.07236846536397934
0.1258033812046051
0.02167203463613987
-0.02092626504600048
-0.16681250929832458
-0.09340094029903412
0.1712849885225296
0.06672284007072449
0.04140439257025719
-0.19652368128299713
-0.022814661264419556
-0.0067660813219845295
0.13452786207199097
-0.06586575508117676
-0.10853894054889679
-0.1367354691028595
0.12823648750782013
-0.011845307424664497
-0.03547735884785652
-0.10279092192649841
0.040615394711494446
-0.1313772350549698
-0.17591483891010284
-0.12472864240407944
-0.21429434418678284
-0.07379358261823654
0.001872069900855422
0.04700484499335289
0.03957667574286461
-0.06010438874363899
0.12062324583530426
0.20073722302913666
0.14865636825561523
0.24991118907928467
0.20327703654766083
0.04554631561040878
-0.06504782289266586
0.1370529681444168
0.1409148871898651
0.07464667409658432
0.01181983295828104
-0.1783728301525116
-0.08084531873464584
-0.17530347406864166
-0.1185021623969078
0.08511874824762344
-0.10207416117191315
0.08449704945087433
-0.07542267441749573
0.04084780439734459
0.025099370628595352
-0.004178985022008419
0.03875432163476944
0.15263602137565613
0.19143353402614594
0.06242857128381729
0.13315121829509735
0.06961723417043686
-0.003150913631543517
0.06799507886171341
0.19462597370147705
-0.027736350893974304
-0.12004855275154114
-0.19750559329986572
-0.11886462569236755
-0.04564690589904785
-0.126311793923378
-0.06718812882900238
-0.03353346139192581
-0.03982023894786835
0.010797925293445587
0
0
0
0
0
0
0
0
0
0
0
0
0
0
0
0
0
0
0
0
0
0
0
0
0
0.055199719965457916
0.028630297631025314
-0.045477163046598434
0.03366894647479057
0.03933942690491676
0.0628945603966713
0.03639820218086243
0.0726310983300209
-0.12027288228273392
-0.10313404351472855
-0.045573242008686066
0.12845644354820251
0.019736774265766144
0.06097204610705376
-0.03455200418829918
-0.0696728527545929
0.10562045127153397
0.0371578112244606
0.010599501430988312
0.059425581246614456
0.06577790528535843
0.1275825798511505
-0.09949978440999985
-0.021483086049556732
0.03195129707455635
0.0528089739382267
-0.007756707724183798
-0.04754093661904335
0.08114630728960037
-0.024986064061522484
0.06719862669706345
-0.08314665406942368
0.0108760055154562
0.07837989181280136
0.03934885561466217
-0.046788107603788376
0.0123364869505167
0.08517127484083176
-0.05722061172127724
-0.06790654361248016
-0.011948816478252411
-0.02444893680512905
-0.10267339646816254
0.006360775325447321
0.09217359125614166
-0.02717716246843338
-0.05295766144990921
-0.10064035654067993
-0.040820833295583725
0.014156033284962177
-0.023764178156852722
0.11453013867139816
0.01547709759324789
0.0994037538766861
0.006248069927096367
-0.0922449454665184
0.009071881882846355
0.12090432643890381
-0.021357225254178047
0.018281998112797737
-0.10443288832902908
0.13054049015045166
0.13341043889522552
0.07281246781349182
0.0006235700566321611
0.004575895145535469
0.02816135063767433
0.013604004867374897
-0.03677104786038399
0.043687354773283005
0.05141701176762581
-0.03337451070547104
-0.012737204320728779
0.07881949841976166
0.05641384422779083
-0.03449879586696625
0.11658512055873871
-0.03903047740459442
0.05974879860877991
-0.09817107766866684
-0.0251710657030344
-0.034655068069696426
-0.06347908824682236
-0.07985018193721771
-0.008504901081323624
-0.12003069370985031
-0.11940062791109085
0.04721904546022415
0.03950777277350426
0.0003552498819772154
0.06875775754451752
0.054079145193099976
-0.050421807914972305
0.058405715972185135
-0.07146711647510529
-0.037704866379499435
0.07367561757564545
-0.05356872081756592
-0.0927385613322258
0.0016748144989833236
0.036902107298374176
0.08472338318824768
0.11560848355293274
0.10814695060253143
-0.016973499208688736
-0.04322584345936775
-0.020330416038632393
0.10325374454259872
0.10310856252908707
0.03954784572124481
-0.11349085718393326
-0.02371576987206936
-0.031054573133587837
0.024517975747585297
-0.12707635760307312
0.042309537529945374
-0.04948079213500023
-0.026877393946051598
-0.11570701748132706
0.042114224284887314
-0.07829587161540985
0.11860211938619614
-0.036226022988557816
0.09822210669517517
0.021400010213255882
0
0
0
0
0
0
0
0
0
0
0
0
0
0
0
0
0
0
0
0
0
0
0
0
0
0.09773879498243332
-0.060915302485227585
0.040488116443157196
-0.09361045807600021
-0.05716882646083832
-0.00555832963436842
0.100299172103405
0.10865750163793564
0.07145246118307114
0.03144032508134842
0.0804266557097435
0.09301435947418213
-0.10152662545442581
-0.08417771011590958
0.04260695353150368
-0.09788604080677032
0.012254682369530201
-0.025515491142868996
-0.07253977656364441
-0.057675451040267944
-0.058682091534137726
-0.1113971397280693
-0.05512797832489014
-0.07818927615880966
0.08670822530984879
0.09033582359552383
0.07556863129138947
-0.06560378521680832
-0.08256569504737854
-0.02033056505024433
-0.09706895798444748
-0.07334449887275696
-0.03608041629195213
0.043991513550281525
-0.022231779992580414
0.009753654710948467
-0.023915095254778862
-0.050873052328825
0.010313458740711212
-0.03529348969459534
-0.06996651738882065
0.008933576755225658
0.022967766970396042
-0.01725875400006771
0.056818246841430664
-0.11731193959712982
0.08128184080123901
0.05424173176288605
-0.04866968095302582
0.07906494289636612
0.11019498109817505
0.010487574152648449
-0.06815225630998611
-0.04506887122988701
0.07052011787891388
0.01924329251050949
0.08054894208908081
0.03678152710199356
-0.07297436892986298
-0.096969373524189
0.04794172942638397
0.011273495852947235
-0.02193448506295681
-0.1281578540802002
0.01814294420182705
0.06700009852647781
-0.033194974064826965
-0.011901261284947395
-0.05590430274605751
-0.006105175707489252
0.058397214859724045
-0.0007654316141270101
0.0950818732380867
-0.016302667558193207
-0.06543780118227005
-0.0311631690710783
0.04721713066101074
0.008596670813858509
-0.011265286244452
-0.01611436903476715
-0.010417114943265915
0.05282411351799965
0.07806310802698135
0.08925274759531021
0.04556228220462799
-0.07475019991397858
-0.046964775770902634
-0.043208230286836624
0.06321502476930618
-0.010332401841878891
0.05003606900572777
0.09350883215665817
0.08445669710636139
0.03372463211417198
0.08234792202711105
-0.03335919603705406
0.04150558263063431
-0.06724947690963745
-0.05767234042286873
0.021547360345721245
-0.020879536867141724
-0.031512077897787094
-0.05659526586532593
-0.0834631621837616
0.06919325143098831
-0.05896435305476189
0.024742821231484413
0.014218342490494251
0.0416385680437088
0.009834888391196728
0.08584126085042953
0.11637991666793823
0.0010653584031388164
-0.0934789702296257
0.0488569512963295
-0.0425703339278698
-0.017430739477276802
0.015774819999933243
0.008649039082229137
0.030506405979394913
0.041740044951438904
-0.06701783090829849
-0.030314208939671516
0.05788750946521759
0.06560146063566208
0
0
0
0
0
0
0
0
0
0
0
0
0
0
0
0
0
0
0
0
0
0
0
0
0
0.06563843041658401
0.011906632222235203
0.05208461359143257
-0.07776857167482376
0.050416313111782074
-0.08847717195749283
-0.0487244613468647
0.07900077104568481
-0.058537375181913376
-0.07969233393669128
-0.008560250513255596
0.0001906503166537732
0.04898928850889206
0.00689911562949419
-0.038960810750722885
-0.009907154366374016
-0.032476771622896194
-0.0519757978618145
0.07246167212724686
-0.051968563348054886
0.10156841576099396
0.05171247944235802
0.07221347093582153
-0.08097867667675018
-0.07440358400344849
-0.019293099641799927
0.03321562707424164
-0.036501526832580566
-0.11191049963235855
0.09142782539129257
0.08174285292625427
0.03760534152388573
0.06321727484464645
-0.07899127900600433
-0.040820661932229996
-0.10111869871616364
0.0033364843111485243
0.06872347742319107
-0.03471168130636215
-0.07546857744455338
-0.10421381145715714
0.06454163789749146
0.07953080534934998
-0.004121204372495413
-0.08123859763145447
-0.10642720758914948
0.07169759273529053
-0.07151709496974945
0.09110662341117859
0.03886326402425766
0.05418933928012848
0.060766078531742096
0.09725239127874374
0.09515444189310074
0.04080776125192642
-0.05618051066994667
0.0410178117454052
0.034569982439279556
0.06212470680475235
-0.09528543055057526
-0.0693187341094017
0.07800247520208359
0.09831453859806061
0.04031660407781601
-0.060572508722543716
-0.047696150839328766
0.03956305608153343
-0.015703992918133736
0.05409839376807213
-0.1073063388466835
-0.02787397801876068
0.0003570099943317473
0.008522110991179943
0.05030545964837074
0.019572822377085686
-0.041256967931985855
0.0633501335978508
0.0635385811328888
-0.05090778321027756
-0.05310971662402153
0.022157443687319756
-0.013109756633639336
0.04901977255940437
0.05228966847062111
-0.04900036379694939
-0.04456590116024017
-0.08389764279127121
0.002265821909531951
-0.1088554859161377
0.0015238431515172124
-0.07094904035329819
-0.08093738555908203
-0.010183500126004219
-0.10020381957292557
-0.10249480605125427
-0.011110610328614712
0.022148465737700462
-0.006443853955715895
-0.008093689568340778
0.024193676188588142
-0.06399525701999664
-0.09145926684141159
-0.10104407370090485
-0.010363281704485416
-0.06351757794618607
0.016395192593336105
0.04386945068836212
-0.0741446316242218
0.0013048897963017225
0.053941722959280014
-0.0009549844544380903
-0.06182540953159332
0.012680662795901299
0.02692934311926365
0.03303815424442291
-0.093690425157547
0.03377874195575714
0.05552510917186737
0.07894693315029144
-0.10210537910461426
-0.09542649984359741
-0.029473060742020607
-0.0908014252781868
-0.08342397958040237
-0.08238320797681808
0
0
0
0
0
0
0
0
0
0
0
0
0
0
0
0
0
0
0
0
0
0
0
0
0
0.135312020778656
0.19100341200828552
0.07376677542924881
0.19772879779338837
0.16443917155265808
0.07740103453397751
0.16097845137119293
0.03652867302298546
0.04719062149524689
0.137675940990448
-0.046310074627399445
-0.06751634925603867
-0.33681198954582214
-0.27648890018463135
-0.30366092920303345
-0.08866623789072037
-0.10328277200460434
-0.2043609917163849
-0.14154236018657684
-0.12421946227550507
0.13510659337043762
0.03133738785982132
0.2358321100473404
0.3325597941875458
0.16243073344230652
0.11370363086462021
-0.11114829033613205
-0.07556431740522385
-0.15290676057338715
-0.008624752052128315
0.021998029202222824
0.13967542350292206
0.08668291568756104
0.048918843269348145
0.047569163143634796
0.034761104732751846
0.20097588002681732
0.19183048605918884
0.03383766487240791
0.23226036131381989
0.04901852086186409
-0.010336095467209816
0.027589960023760796
0.21546034514904022
0.15326398611068726
0.013712705112993717
-0.012219485826790333
-0.051764268428087234
-0.0763375461101532
0.07218148559331894
0.007331065833568573
0.09797021001577377
-0.025185612961649895
0.03590621054172516
-0.12586353719234467
-0.0474945493042469
0.20967335999011993
-0.028879746794700623
-0.13696347177028656
-0.12813366949558258
-0.07751134037971497
0.23727497458457947
0.12620452046394348
-0.12828212976455688
-0.05073920637369156
-0.039929840713739395
0.055130086839199066
0.1523202806711197
0.018399734050035477
-0.06737861782312393
-0.01301517803221941
0.10531739145517349
0.09901062399148941
0.12578551471233368
-0.06592556089162827
0.022053027525544167
-0.15000975131988525
-0.21763646602630615
-0.17606087028980255
0.026251446455717087
0.03113628178834915
0.14624837040901184
0.18124431371688843
0.27484339475631714
0.04669441282749176
0.10220213979482651
0.24004705250263214
0.21104444563388824
0.2507137954235077
0.04816543683409691
0.05617455393075943
-0.14929911494255066
-0.17963935434818268
-0.0559522770345211
-0.09836992621421814
-0.0493025965988636
-0.23401965200901031
-0.21356235444545746
-0.05801087245345116
-0.017852511256933212
-0.11581562459468842
0.05843373388051987
0.028746608644723892
0.08778093755245209
0.004108739551156759
-0.004073196090757847
0.09268691390752792
0.1595611572265625
0.2912757694721222
0.22367684543132782
0.17386458814144135
-0.014548003673553467
0.030775664374232292
-0.10806058347225189
0.1515571027994156
-0.1517336070537567
-0.20880095660686493
-0.22311368584632874
-0.26115095615386963
-0.1633983701467514
0.07641656696796417
0.12333822250366211
0.040218137204647064
-0.07267380505800247
-0.05610376596450806
0
0
0
0
0
0
0
0
0
0
0
0
0
0
0
0
0
0
0
0
0
0
0
0
0
