-0.06497716158628464
-0.1648821234703064
-0.11787813156843185
-0.07199405133724213
-0.13268549740314484
-0.05086060240864754
-0.05827782675623894
-0.06760639697313309
0.0928369089961052
-0.10562077909708023
0.15130990743637085
0.1612892895936966
0.139996737241745
0.07494620233774185
-0.18846395611763
0.17841161787509918
0.15924201905727386
-0.061205148696899414
0.124615877866745
-0.13703784346580505
0.09920807182788849
-0.012663491070270538
-0.07187633961439133
0.002670738147571683
0.11869258433580399
0.10617473721504211
-0.010508344508707523
-0.07076077908277512
-0.044108130037784576
-0.022459153085947037
-0.07126885652542114
-0.12202747166156769
-0.08256219327449799
0.13373753428459167
0.12426025420427322
0.11506404727697372
-3.386135722394101e-05
-0.14693719148635864
-0.011430098675191402
-0.04525100067257881
-0.08789508789777756
-0.15366198122501373
-0.16137205064296722
-0.12372592091560364
-0.04568378999829292
-0.14144231379032135
0.10887353122234344
-0.10683774948120117
-0.035227466374635696
0.16866226494312286
0.10618817061185837
0.05460289120674133
0.10489269345998764
-0.09143217653036118
-0.16097435355186462
-0.03590461239218712
-0.10614310950040817
0.13327854871749878
-0.009414183907210827
0.0400640070438385
0.15697382390499115
-0.1092936098575592
0.10100235790014267
-0.009992828592658043
-0.14429493248462677
0.029579581692814827
0.08167076110839844
0.15813681483268738
0.15309536457061768
0.039901796728372574
0.06166602671146393
0.13264477252960205
0.0728098601102829
0.07583533972501755
-0.11669935286045074
-0.10662718117237091
-0.07157496362924576
0.07560142874717712
-0.054152943193912506
-0.15579737722873688
0.008609013631939888
0.04872405156493187
-0.12297036498785019
0.07553619146347046
-0.0715165063738823
0.06455788761377335
0.14092105627059937
0.09757621586322784
-0.11374151706695557
0.15471501648426056
-0.08118684589862823
0.02451767772436142
-0.17362578213214874
-0.036736030131578445
-0.00125509116332978
-0.15561653673648834
0.0667710229754448
-0.18240214884281158
0.10046862065792084
0.06453405320644379
0.13613402843475342
-0.045335184782743454
0.1312984973192215
-0.09204577654600143
0.02926737070083618
0.11567939072847366
-0.06965403258800507
0.041798774152994156
0.10870333015918732
-0.14312909543514252
-0.09350799769163132
0.12470126152038574
-0.1090492382645607
-0.054069869220256805
0.134097620844841
0.17536774277687073
-0.17186866700649261
-0.04242226481437683
0.0470590740442276
-0.09042977541685104
