0.08684062212705612
0.02422531694173813
0.1289527416229248
-0.030713127925992012
0.09755786508321762
-0.10954415053129196
-0.10507266968488693
0.13292203843593597
-0.11090334504842758
-0.06670310348272324
-0.043963026255369186
0.12039925158023834
0.0426839254796505
-0.1855342984199524
0.02206074260175228
-0.030307479202747345
0.08637939393520355
-0.12746958434581757
0.17388203740119934
-0.056522585451602936
0.023956622928380966
-0.09236569702625275
0.01000874675810337
0.14450114965438843
-0.1733504831790924
-0.169484943151474
-0.012207543477416039
-0.13375204801559448
-0.013606023043394089
-0.05331872031092644
-0.014658629894256592
0.13795053958892822
0.16382315754890442
-0.04013701528310776
-0.11280334740877151
0.18126033246517181
0.14651431143283844
0.09751135110855103
0.07643438130617142
0.15173178911209106
-0.005503784865140915
0.01764661632478237
-0.15376649796962738
0.1116032674908638
-0.1436270922422409
-0.07369578629732132
-0.047191936522722244
-0.17042893171310425
-0.03639914095401764
-0.039127059280872345
0.07746191322803497
0.17835846543312073
0.16966694593429565
0.05821598693728447
0.012495936825871468
-0.004580339882522821
0.0041887895204126835
-0.007061629090458155
-0.09197172522544861
0.10137894004583359
-0.016734343022108078
-0.06014155596494675
-0.13508926331996918
0.005519954487681389
-0.027811609208583832
-0.10297098010778427
0.08265182375907898
0.05937989056110382
-0.16759063303470612
0.045568615198135376
0.03512762114405632
0.15968886017799377
0.1570170372724533
0.0018868233310058713
-0.021197279915213585
0.15000388026237488
0.07794946432113647
0.0144632738083601
0.051176879554986954
0.1186937689781189
0.024707436561584473
0.10497236251831055
-0.10039572417736053
0.06033942848443985
-0.12185419350862503
-0.1668890416622162
0.006615596357733011
-0.13462643325328827
-0.0931110605597496
0.03551185876131058
0.05471564084291458
-0.04886288195848465
0.15351036190986633
-0.02163396216928959
0.009573647752404213
-0.08474088460206985
0.05468349903821945
-0.06151676923036575
0.13387274742126465
0.1506681740283966
0.0028785972390323877
0.17020979523658752
0.08793442696332932
-0.1120292916893959
-0.15296366810798645
0.1805705428123474
-0.06912409514188766
0.012619055807590485
-0.09724748134613037
-0.12265726923942566
0.0010903895599767566
-0.06988752633333206
-0.04881815239787102
-0.058896515518426895
-0.1744707077741623
-0.11035539954900742
0.10662531107664108
-0.02117900177836418
0.15194419026374817
-0.09762256592512131
