-0.11946973949670792
-0.3182236850261688
-0.0341079905629158
0.01575370505452156
-0.21996863186359406
0.15170127153396606
0.07022903114557266
0.0719992071390152
0.0496385358273983
-0.16637258231639862
0.13151627779006958
-0.10031817853450775
0.1767701655626297
-0.04001953825354576
0.14401212334632874
-0.08518856018781662
0.2963733375072479
-0.25195521116256714
-0.3483799695968628
0.014868726953864098
0.3204823434352875
0.18347059190273285
-0.004180611576884985
0.1306169033050537
-0.11397875100374222
0.1823832243680954
0.19767288863658905
-0.09477639198303223
-0.2237226516008377
-0.12163025140762329
0.28916507959365845
-0.13117384910583496
-0.15007475018501282
0.21257369220256805
-0.10608313977718353
0.2586359977722168
0.21239042282104492
0.08220819383859634
0.1258891373872757
0.3108642101287842
-0.17407602071762085
0.2924661636352539
0.047232139855623245
0.17845430970191956
-0.06956841796636581
-0.29857462644577026
-0.25660276412963867
0.218748539686203
0.14304521679878235
-0.02541225217282772
-0.18801186978816986
0.13263452053070068
0.006468701642006636
0.21457694470882416
0.2329825609922409
-0.177903950214386
-0.24066585302352905
-0.11891394853591919
0.13460177183151245
0.22411786019802094
0.19647881388664246
0.2699302136898041
0.19023746252059937
0.17311936616897583
-0.15656033158302307
0.07789359241724014
0.12736524641513824
0.11618988960981369
-0.2488888055086136
0.26566898822784424
-0.11134736984968185
-0.2122887521982193
0.10293172299861908
-0.17447803914546967
-0.1347927749156952
-0.2363424450159073
-0.11855177581310272
-0.25158974528312683
0.24993209540843964
-0.12467525154352188
-0.021114276722073555
0.13401292264461517
0.04399195685982704
0.23800885677337646
