0.24432870745658875
-0.1939815729856491
0.24328655004501343
0.2986978590488434
-0.05826222896575928
0.03702439367771149
0.21278244256973267
0.17425477504730225
0.21919530630111694
-0.017303751781582832
0.10559950023889542
0.26389259099960327
0.08976375311613083
-0.22322185337543488
-0.05757826194167137
-0.1721246838569641
0.3465753197669983
0.003803268074989319
0.19348382949829102
0.15949255228042603
-0.01820167899131775
-0.21534600853919983
0.06943943351507187
0.08809328079223633
-0.02891683392226696
0.11464440822601318
-0.07379602640867233
-0.06381084024906158
0.2511938214302063
-0.21819856762886047
-0.04065601900219917
0.06781995296478271
-0.03851620852947235
0.08030083030462265
-0.10854436457157135
-0.04251587390899658
-0.16182677447795868
-0.06577616930007935
-0.03165533021092415
-0.21006904542446136
-0.17096668481826782
0.1568138301372528
0.1786484569311142
-0.2976277768611908
0.026889672502875328
-0.21067197620868683
0.0032964665442705154
-0.0835641622543335
-0.08955851942300797
-0.01574559137225151
-0.22013118863105774
0.03607352823019028
0.08090288937091827
-0.1326342523097992
-0.16815312206745148
-0.19804319739341736
-0.0986117273569107
0.05687272921204567
-0.14237108826637268
-0.03931165114045143
-0.28638511896133423
0.020128756761550903
-0.02803947404026985
0.21560311317443848
-0.14847446978092194
0.058963511139154434
0.06713272631168365
-0.142171248793602
-0.1749999076128006
-0.07711001485586166
0.30456486344337463
-0.23420128226280212
0.2291293442249298
0.25850802659988403
0.0318157821893692
0.04617118835449219
-0.07060348987579346
-0.2113238275051117
0.0759505033493042
0.09514082968235016
-0.0428406298160553
0.09333353489637375
0.3515203297138214
-0.08387037366628647
