0.28795531392097473
0.31511110067367554
0.20523132383823395
0.24947521090507507
0.13913489878177643
0.014683453366160393
0.006750317290425301
0.10057415813207626
-0.10898531973361969
0.006204597186297178
-0.043575651943683624
-0.048029664903879166
0.030433397740125656
-0.08726390451192856
0.07252079993486404
-0.16685301065444946
0.07411683350801468
-0.11004658788442612
0.03370233252644539
-0.08907517045736313
-0.09750127047300339
-0.04828685522079468
-0.08067399263381958
0.004664948210120201
0.06337941437959671
-0.1609950065612793
0.18302516639232635
0.1705324649810791
0.23297463357448578
0.14952869713306427
0.014126904308795929
0.024729136377573013
0.4341837167739868
0.3102964162826538
0.4525431990623474
0.06497915834188461
0.3937549889087677
0.5132179260253906
0.6077949404716492
0.5272859930992126
0.18582336604595184
0.2867017686367035
0.5003079771995544
0.39017248153686523
0.3513549864292145
-0.05791013687849045
0.1436987966299057
0.16950008273124695
0.19137436151504517
0.21584104001522064
0.15782782435417175
0.33311566710472107
0.3592014014720917
0.3093579411506653
0.061042968183755875
0.35278838872909546
0.419019490480423
0.5080283880233765
0.34847989678382874
0.3601638674736023
0.617171585559845
0.44450652599334717
0.6110617518424988
0.2882385849952698
0.38352158665657043
0.4200083017349243
0.6144686937332153
0.5914996862411499
0.34990784525871277
-0.023823771625757217
0.39785513281822205
0.3424578607082367
0.08907552808523178
0.06066412478685379
-0.07605286687612534
-0.009646397083997726
0.011901535093784332
-0.11189493536949158
-0.1799146682024002
-0.011806368827819824
0.1490360051393509
0.1578032225370407
0.09559857100248337
-0.11289015412330627
-0.03270210698246956
-0.04315023124217987
-0.0629441887140274
-0.0878668799996376
-0.15437884628772736
0.22541265189647675
-0.07449038326740265
0.047448500990867615
-0.18971990048885345
0.08760843425989151
0.12427113950252533
-0.07380428910255432
-0.19654116034507751
0.15752887725830078
-0.026228852570056915
0.17153553664684296
0.1640537679195404
0.29488158226013184
0.4210948646068573
0.5265299081802368
0.4598245322704315
-0.03452255204319954
0.15606243908405304
0.18840257823467255
0.5507845282554626
0.4193572402000427
-0.0005134686944074929
0.42011189460754395
0.22062788903713226
0.332002192735672
0.4762088358402252
-0.07683072984218597
0.2627303898334503
0.23955358564853668
0.08372731506824493
-0.009147094562649727
-0.184114471077919
-0.00014845705300103873
-0.07137341052293777
0.1912011355161667
-0.0955130010843277
-0.043050460517406464
-0.18231214582920074
-0.010653563775122166
-0.014898451045155525
0.1872798204421997
0.03839651867747307
0.11505680531263351
-0.17184734344482422
-0.008267119526863098
-0.06486914306879044
-0.11387215554714203
0.11782655119895935
-0.1127539724111557
0.007475679740309715
-0.13495215773582458
-0.12872812151908875
0.1277647465467453
-0.1825118362903595
-0.17522695660591125
-0.13188287615776062
0.11629783362150192
-0.08059567213058472
0.04868524149060249
-0.04786547273397446
-0.07921338826417923
