-0.13540931046009064
0.09517048299312592
0.11020873486995697
0.04744793847203255
0.004357248079031706
-0.09344245493412018
0.11221714317798615
-0.05345304682850838
0.10871955007314682
-0.017076656222343445
0.08019182085990906
0.006150346715003252
0.004207734949886799
0.04069408029317856
0.15793563425540924
0.15420368313789368
-0.18811997771263123
0.06547924131155014
-0.18574099242687225
-0.07752631604671478
-0.033214084804058075
0.035227708518505096
0.13756200671195984
-0.0852641686797142
0.1491527408361435
-0.04065077379345894
-0.06766931712627411
0.14795540273189545
0.09709081798791885
-0.02858872525393963
-0.12330393493175507
-0.12590913474559784
-0.028674518689513206
-0.12634585797786713
-0.13031898438930511
-0.03471055254340172
-0.042422641068696976
-0.19253531098365784
0.0567520409822464
0.2125442773103714
0.0627688467502594
-0.13673646748065948
0.18316058814525604
-0.06458517163991928
-0.053445130586624146
-0.16210901737213135
-0.1922043263912201
0.12594090402126312
-0.09487845748662949
0.08448941260576248
-0.04684073477983475
-0.01389155164361
-0.05722930654883385
-0.0027907215990126133
-0.07880046218633652
-0.17351801693439484
0.08572713285684586
-0.20166125893592834
-0.05949465185403824
-0.10804115980863571
-0.19060885906219482
-0.19628801941871643
0.12514203786849976
0.08570161461830139
-0.060247037559747696
0.07148096710443497
0.14196966588497162
0.0696839913725853
-0.11547428369522095
0.08370403945446014
0.1404377520084381
-0.017843784764409065
-0.0156451016664505
-0.059494007378816605
0.06300134211778641
-0.10752909630537033
-0.17921623587608337
0.10809201002120972
-0.08226126432418823
0.05506230890750885
0.08486353605985641
-0.1343332976102829
0.09316248446702957
-0.09249767661094666
0.02070547826588154
0.09391003102064133
-0.0071336133405566216
-0.037394747138023376
0.03524293750524521
0.15570630133152008
-0.11070754379034042
0.23288120329380035
-0.15490828454494476
-0.03972890228033066
-0.021185657009482384
0.03784467652440071
-0.05938970297574997
-0.08231750130653381
-0.1438741236925125
-0.1751173585653305
0.15246060490608215
0.10786239802837372
0.1680043637752533
-0.06014874577522278
-0.0012065479531884193
0.06701904535293579
-0.05632573738694191
-0.1573256105184555
0.13453543186187744
0.10236026346683502
0.06897954642772675
-0.02186189964413643
-0.06186787784099579
0.1033206507563591
0.035368550568819046
-0.025173518806695938
-0.04364302009344101
0.12607640027999878
0.1516111046075821
-0.06031835079193115
