0.21404224634170532
0.1223386898636818
0.10272002220153809
0.3035738170146942
-0.12039300054311752
0.06787291914224625
-0.13416913151741028
-0.07843682914972305
0.3117213845252991
-0.1204599067568779
0.11007140576839447
-0.1891345977783203
0.05662703141570091
-0.0029076868668198586
0.07812225818634033
0.2221958488225937
-0.12492727488279343
-0.17394424974918365
-0.21772737801074982
-0.09821703284978867
0.21305270493030548
-0.16030612587928772
-0.2347920835018158
0.010455467738211155
-0.02336815558373928
-0.15979303419589996
0.013525872491300106
0.08562304824590683
0.20273113250732422
-0.34712693095207214
0.05028757080435753
0.15989410877227783
0.07085686177015305
0.14755530655384064
0.0673045814037323
-0.09102582931518555
0.050838954746723175
-0.00186239427421242
-0.010883682407438755
0.025485116988420486
0.22802101075649261
-0.0010265258606523275
0.02572459541261196
-0.03122568689286709
-0.05554356426000595
-0.09335291385650635
-0.15788644552230835
-0.22378145158290863
0.23772300779819489
0.21645280718803406
0.003569441381841898
-0.19915005564689636
-0.03628049045801163
-0.0267086923122406
-0.18979351222515106
-0.2273949235677719
-0.311580091714859
-0.3701123595237732
0.20774276554584503
-0.1468948870897293
0.3226865530014038
0.08213300257921219
0.047665320336818695
0.1457592248916626
-0.15848779678344727
0.20420601963996887
-0.0018044299213215709
-0.07333604246377945
-0.03918095678091049
-0.16325213015079498
0.08444084972143173
0.009098716080188751
0.12359900027513504
-0.08993420004844666
0.3334861993789673
0.2511987090110779
0.20576542615890503
-0.3412321209907532
-0.15904490649700165
0.006897409446537495
0.11294800043106079
-0.18597820401191711
0.09396842122077942
0.2652013599872589
