0.02618394047021866
-0.09538373351097107
-0.14829416573047638
0.03493678569793701
-0.058366455137729645
-0.13010892271995544
0.10831177234649658
-0.0426005981862545
0.11107665300369263
-0.07663165777921677
0.013277382589876652
-0.0333777591586113
-0.1561141163110733
-0.06203293427824974
-0.007466897368431091
0.13245834410190582
0.17817002534866333
0.1401110142469406
0.1634211391210556
0.06845669448375702
0.16314992308616638
-0.13745616376399994
0.16409005224704742
-0.008834258653223515
-0.11744163185358047
0.08976513147354126
-0.1253061294555664
-0.02224656566977501
0.1367451399564743
-0.05173376575112343
-0.03245164453983307
-0.014604443684220314
0.022845737636089325
-0.16566292941570282
-0.06820355355739594
0.022096076980233192
-0.1666412353515625
0.15779262781143188
-0.004560834728181362
-0.1137005016207695
-0.02098148688673973
0.16514426469802856
0.08620979636907578
0.0691903680562973
0.08979617059230804
-0.11946257203817368
0.18109746277332306
-0.16794443130493164
0.11347751319408417
0.007405396550893784
0.07400397956371307
-0.028009900823235512
0.018657660111784935
-0.06307590752840042
-0.1484527885913849
-0.05714469030499458
-0.14160017669200897
-0.08051267266273499
0.09991232305765152
0.17417168617248535
-0.09265423566102982
-0.06327416002750397
-0.017076916992664337
0.15204839408397675
-0.04495885595679283
-0.16058506071567535
0.12488707900047302
-0.04800257086753845
0.024060143157839775
-0.06806164234876633
-0.029065700247883797
0.14335204660892487
0.022007063031196594
-0.15050841867923737
0.009832440875470638
0.1629779189825058
-0.04290532320737839
-0.005637624301016331
-0.03698939457535744
0.1111675351858139
-0.0868486538529396
0.1570121943950653
-0.0012666528346017003
0.10186411440372467
0.07834059000015259
-0.14798791706562042
0.14979806542396545
0.03640884906053543
0.07243528217077255
-0.1265653669834137
-0.15374711155891418
0.017030123621225357
0.01130413357168436
0.03493458405137062
-0.05320454016327858
-0.051458947360515594
-0.12939099967479706
-0.09194861352443695
-0.031193025410175323
-0.03687230870127678
0.03871729224920273
-0.1594918817281723
-0.05262229964137077
-0.00131352583412081
-0.16411955654621124
0.11623556166887283
-0.008139973506331444
-0.020739832893013954
-0.11690165847539902
0.18435336649417877
-0.03930018097162247
0.039517760276794434
0.06967377662658691
0.1497991532087326
-0.06567282229661942
-0.0151258185505867
-0.043783579021692276
0.16975949704647064
0.11700998246669769
-0.026100387796759605
