-0.15003685653209686
-0.12611904740333557
0.17130212485790253
0.042224906384944916
0.11247847974300385
0.17669232189655304
0.020345497876405716
-0.10502229630947113
0.026250019669532776
-0.10444922000169754
-0.1466105878353119
-0.1244850754737854
0.14575286209583282
0.15124103426933289
0.12410170584917068
-0.053593382239341736
0.02394676022231579
-0.02571382373571396
-0.04931887984275818
-0.17077015340328217
0.04181235656142235
-0.04161366820335388
-0.13952670991420746
-0.060624174773693085
-0.10087931901216507
-0.041696470230817795
0.09778332710266113
0.10470951348543167
0.1699068248271942
-0.04178788512945175
-0.0515638068318367
0.03277328610420227
-0.16696617007255554
0.009749147109687328
0.1668175309896469
0.15890558063983917
0.16940835118293762
-0.09491144865751266
-0.08395130187273026
0.1720396876335144
0.161193385720253
0.08239401876926422
-0.04214444383978844
0.14549122750759125
0.05445323884487152
-0.010924904607236385
0.03294030949473381
-0.07785917073488235
-0.06380277127027512
0.1461535394191742
-0.1061127558350563
-0.08076470345258713
-0.12288029491901398
0.0016754575772210956
-0.04264665022492409
0.06481395661830902
-0.06716512143611908
0.11711274832487106
-0.08864021301269531
-0.06305281072854996
-0.07210839539766312
-0.1438482701778412
-0.003078612731769681
0.07037068903446198
0.1590312421321869
-0.0041996780782938
0.13444092869758606
0.16084882616996765
-0.06715946644544601
-0.15539449453353882
-0.07359156757593155
0.027247413992881775
0.12254823744297028
0.1122324988245964
0.1628168523311615
-0.06012164056301117
0.03429923579096794
-0.03604256734251976
0.16328629851341248
0.19932757318019867
0.00044423085637390614
0.12647467851638794
-0.15030968189239502
-0.13613128662109375
-0.12266943603754044
-0.005276533775031567
0.051736827939748764
-0.02570335566997528
0.14535032212734222
-0.17210449278354645
0.1224994957447052
0.05603615194559097
-0.04756486415863037
-0.18239426612854004
-0.03239697590470314
0.13958650827407837
-0.03326736390590668
-0.03877602517604828
0.13706505298614502
0.0628121867775917
0.0007618629606440663
0.0976247787475586
0.16457603871822357
-0.0962514877319336
0.16788750886917114
-0.022217437624931335
0.015766913071274757
-0.07234299182891846
-0.03682490438222885
0.13099688291549683
0.07202150672674179
0.05026198923587799
0.13573408126831055
0.14290829002857208
0.1046229749917984
0.02752363122999668
0.11695586889982224
0.03311166539788246
0.15294526517391205
-0.07056961953639984
