-0.10951533168554306
-0.17696702480316162
-0.24581922590732574
0.1301826387643814
0.05203850194811821
0.23360376060009003
0.30005455017089844
-0.04285762831568718
-0.20401564240455627
-0.2913879454135895
-0.22632598876953125
-0.1902330368757248
0.09793663769960403
0.10742338001728058
0.2446129471063614
-0.27890530228614807
0.2711338698863983
0.15723586082458496
-0.25628742575645447
-0.28308287262916565
-0.05218489468097687
-0.27848029136657715
0.00017926169675774872
-0.005407213233411312
-0.08225850015878677
-0.21573427319526672
-0.2907622754573822
-0.14159078896045685
-0.2937583923339844
-0.20505620539188385
-0.008368724025785923
0.2545696496963501
-0.0255559254437685
0.1501769870519638
0.26229995489120483
0.11262664943933487
0.2158561497926712
-0.10934054851531982
0.17918117344379425
-0.08198755234479904
0.08737652003765106
-0.2643306255340576
0.12959231436252594
0.20177802443504333
0.03386930748820305
0.026167040690779686
0.09868837147951126
0.1775505095720291
0.27904707193374634
-0.14633424580097198
-0.21996890008449554
-0.05256896838545799
0.1164863258600235
0.17274560034275055
-0.008614021353423595
0.06150536611676216
-0.3224219083786011
-0.1688818335533142
0.18241159617900848
0.11751677840948105
0.038377270102500916
-0.05005377531051636
0.07504419982433319
-0.13051384687423706
-0.2220992147922516
0.11124598979949951
-0.014791736379265785
0.07709654420614243
0.04521956667304039
-0.1790231615304947
-0.05073849856853485
0.1843956708908081
-0.28306490182876587
0.30143314599990845
-0.19443988800048828
-0.18768514692783356
0.30053573846817017
0.08020003139972687
0.07346940785646439
0.1888500303030014
-0.09476391226053238
0.22017773985862732
0.28587934374809265
0.1574093997478485
