0.14672435820102692
0.010979541577398777
0.02125738374888897
-0.07902853935956955
0.09387940168380737
0.08980835229158401
-0.10735678672790527
-0.014903448522090912
0.1502966284751892
-0.1558859646320343
0.06100292131304741
0.18147821724414825
-0.12949487566947937
0.1157764196395874
0.1356744021177292
-0.14613953232765198
-0.07811245322227478
0.050992418080568314
0.03651849925518036
-0.17739169299602509
-0.11069042980670929
0.12037871778011322
0.04438944533467293
-0.07225260138511658
-0.13765937089920044
0.028902646154165268
-0.02128908969461918
0.15357117354869843
-0.020990172401070595
0.08198767900466919
-0.11774291098117828
0.14644111692905426
-0.15805761516094208
-0.1469697505235672
-0.02297990955412388
-0.12439239770174026
0.16786809265613556
-0.17982926964759827
0.15334968268871307
-0.17338517308235168
0.14761503040790558
-0.12592050433158875
-0.03671056777238846
-0.12849736213684082
0.008235752582550049
-0.09702426940202713
-0.041732627898454666
-0.06722163408994675
-0.014635504223406315
-0.036418382078409195
0.02767346240580082
-0.02351362630724907
0.030496643856167793
-0.15393167734146118
0.12181445956230164
0.1360640823841095
0.18457262217998505
0.1730305552482605
-0.00627239840105176
0.131229966878891
-0.15271544456481934
0.07803098112344742
-0.12337346374988556
0.08229952305555344
0.11003021895885468
0.06851805001497269
-0.12761816382408142
-0.15244199335575104
0.006431206129491329
0.14703024923801422
0.09967398643493652
-0.001417857245542109
-0.11037345975637436
0.010206631384789944
-0.043115727603435516
-0.004993788432329893
0.009985621087253094
0.15048158168792725
0.13667361438274384
0.07736937701702118
0.14989325404167175
-0.009412012994289398
0.07497472316026688
0.038387514650821686
-0.053765181452035904
0.017683887854218483
-0.10838795453310013
-0.02196658030152321
0.14172573387622833
0.08809901028871536
-0.14429247379302979
-0.02486339397728443
0.12192469090223312
-0.0729251429438591
-0.13936160504817963
0.11409015208482742
-0.039329737424850464
0.09353001415729523
-0.07214493304491043
-0.1358092576265335
-0.12985074520111084
0.09566909074783325
-0.14690639078617096
-0.01888488419353962
0.056438080966472626
0.08160842955112457
0.05197318270802498
0.05230296775698662
0.20497481524944305
0.17471559345722198
0.05445626378059387
0.0040326290763914585
-0.022477706894278526
0.07216596603393555
-0.11136078834533691
-0.09388002753257751
-0.10788361728191376
-0.02349228411912918
0.06774088740348816
-0.06764958053827286
