0.10960249602794647
-0.04401112720370293
0.15837682783603668
0.0204131118953228
0.12347184121608734
0.16422902047634125
0.15793845057487488
-0.12960410118103027
0.03222474828362465
0.08886943757534027
0.07612036168575287
0.16459789872169495
0.07990387827157974
-0.13811001181602478
-0.09550286084413528
-0.0504424124956131
-0.06586134433746338
0.027877135202288628
0.11725466698408127
0.17865733802318573
0.05491701140999794
-0.10473319888114929
-0.08058707416057587
0.13387180864810944
0.09061029553413391
0.14121213555335999
0.12318649142980576
0.10067714005708694
-0.09796565771102905
0.12927091121673584
-0.008291557431221008
0.07782186567783356
-0.03746390342712402
0.048403844237327576
0.07415542751550674
0.11098004132509232
-0.009611932560801506
-0.0352335199713707
0.14963959157466888
0.14335906505584717
-0.144147127866745
0.16337695717811584
0.0832594558596611
0.08729369938373566
-0.06271478533744812
0.10667343437671661
0.17930731177330017
0.0344584658741951
-0.0006721460958942771
0.042309194803237915
0.14924746751785278
0.1101316437125206
-0.04212353006005287
0.09416070580482483
0.09906727820634842
-0.1415228545665741
-0.09682150185108185
0.07702955603599548
0.08928346633911133
0.0034217368811368942
-0.0998857244849205
0.08121877908706665
0.1218123808503151
0.0441422276198864
0.08423081040382385
-0.0615168921649456
-0.06972206383943558
-0.04604910686612129
-0.010762504301965237
-0.0404076874256134
-0.02323216199874878
0.04553225636482239
0.06017439067363739
-0.11687178909778595
-0.09076276421546936
0.046163059771060944
0.1517621874809265
-0.018851101398468018
-0.13962092995643616
-0.05371028184890747
0.04242508113384247
-0.06893458962440491
0.05944924056529999
-0.12990552186965942
0.04533471167087555
0.18648529052734375
-0.09329426288604736
-0.11518456041812897
0.053677335381507874
-0.11787386983633041
-0.02823956310749054
0.06313274800777435
0.10176744312047958
0.03987187147140503
-0.1054493635892868
-0.12972518801689148
-0.03881179168820381
0.04455548897385597
-0.14338579773902893
-0.08064037561416626
-0.04142143577337265
0.07775937020778656
0.021880580112338066
0.15855641663074493
0.14301757514476776
-0.006725859362632036
-0.18334652483463287
0.09517578035593033
0.0408075675368309
0.13364288210868835
-0.13164955377578735
-0.13048215210437775
0.07726459950208664
0.13811153173446655
-0.17496812343597412
0.080471470952034
-0.07153405994176865
0.05060580000281334
-0.026573345065116882
0.028789574280381203
