-0.09744763374328613
0.08395736664533615
0.13728465139865875
0.15966616570949554
-0.16331535577774048
-0.10528486967086792
0.16027484834194183
-0.18019549548625946
0.043355926871299744
0.04501871019601822
-0.1116882711648941
0.07203734666109085
-0.009349792264401913
-0.11588406562805176
0.0705396980047226
-0.16824714839458466
0.10275252908468246
0.055263224989175797
-0.007966304197907448
-0.05937110632658005
-0.16573329269886017
0.07757151126861572
-0.07647103816270828
0.02647014893591404
0.03605882078409195
0.157462939620018
-0.09057869017124176
-0.15386441349983215
-0.06587379425764084
0.0008612488163635135
0.026593029499053955
-0.06917727738618851
0.0662461370229721
0.00016484016668982804
-0.0405399426817894
-0.16054342687129974
-0.14199373126029968
-0.19660942256450653
-0.10635330528020859
-0.06386895477771759
0.15701627731323242
0.04756109043955803
-0.14536519348621368
-0.030045269057154655
0.17135263979434967
-0.0352388434112072
-0.1722819060087204
-0.03807506710290909
-0.04128151386976242
-0.012443957850337029
0.11398360878229141
-0.10815174877643585
-0.14228276908397675
-0.13510195910930634
-0.10022807121276855
0.2157592475414276
-0.18235468864440918
-0.15736235678195953
-0.01244654692709446
0.02788546122610569
-0.14551375806331635
-0.1351596713066101
0.14704033732414246
-0.035749468952417374
0.1425299346446991
-0.13165047764778137
0.15327921509742737
0.0924544483423233
-0.03808736428618431
0.0746132954955101
0.028395842760801315
-0.027667036280035973
-0.11722493171691895
0.012048044241964817
-0.1904175579547882
-0.09345546364784241
0.1009172573685646
-0.08856827020645142
-0.1706409752368927
-0.03228863701224327
0.02497803419828415
0.13381877541542053
-0.041284382343292236
-0.024363847449421883
-0.08223745226860046
0.16529087722301483
-0.007467655930668116
0.033789560198783875
-0.09628156572580338
0.06375163048505783
-0.07231847941875458
-0.08810164779424667
-0.09157454967498779
-0.03482643514871597
-0.12072861939668655
0.06684313714504242
-0.05177345871925354
-0.031195685267448425
0.0321597196161747
-0.07353568822145462
-0.0031308101024478674
-0.20271533727645874
0.162007674574852
0.06185277923941612
0.051289163529872894
-0.0160679891705513
-0.17610281705856323
-0.06208387762308121
0.19003504514694214
0.1948600709438324
0.12578728795051575
-0.03278540074825287
0.11918164044618607
-0.15930193662643433
0.1711624264717102
0.08540024608373642
-0.019991731271147728
-0.0038853418081998825
-0.11582648754119873
0.15050160884857178
