-0.12619848549365997
0.020468639209866524
-0.11400316655635834
0.16392306983470917
0.039157889783382416
0.05251697823405266
-0.07017605751752853
0.011599785648286343
0.021774332970380783
0.16199041903018951
-0.08090607076883316
0.07970267534255981
-0.07690999656915665
-0.006418355740606785
0.08102914690971375
-0.09510006755590439
-0.044988833367824554
-0.010130616836249828
0.01638546586036682
-0.05862881988286972
-0.06706751883029938
-0.06681159883737564
0.1439959555864334
0.16563181579113007
0.15628115832805634
0.1629558652639389
-0.11371829360723495
-0.11609018594026566
0.0019517693435773253
0.00941914226859808
-0.017967402935028076
0.10632682591676712
0.1363091766834259
-0.1058858260512352
-0.13034449517726898
0.09936533123254776
-0.07466418296098709
-0.06723937392234802
0.1461748331785202
-0.07783558964729309
-0.015850219875574112
0.1480444222688675
-0.08207333087921143
0.16310982406139374
-0.15686869621276855
-0.10121194273233414
-0.13550977408885956
0.09453967958688736
-0.10304328054189682
-0.1250746250152588
0.06436413526535034
-0.09221388399600983
-0.12699952721595764
0.14979766309261322
-0.04807605594396591
0.08829641342163086
-0.10341557115316391
-0.07193390280008316
-0.0361861027777195
0.02042684517800808
0.0435684472322464
0.06248403340578079
0.11047143489122391
0.07086652517318726
0.10585228353738785
-0.12724259495735168
0.022870589047670364
-0.16524319350719452
0.13069257140159607
0.15720172226428986
0.018064051866531372
-0.09721405804157257
0.1119796484708786
0.14775530993938446
0.04479188472032547
0.0032146526500582695
-0.05285067856311798
-0.045334555208683014
-0.07177142053842545
0.08051126450300217
-0.10753456503152847
0.13607726991176605
-0.009031005203723907
-0.1509951949119568
0.11439286917448044
0.046386171132326126
-0.12817278504371643
-0.020037682726979256
0.1509598195552826
0.15860503911972046
0.16474227607250214
-0.08695371448993683
0.15135124325752258
0.04443055018782616
-0.11399146169424057
0.05562276020646095
0.17101164162158966
-0.05430306866765022
0.14845143258571625
-0.16178777813911438
0.05318215861916542
-0.07512319087982178
-0.1357962191104889
0.020239602774381638
0.09923847019672394
0.002275656210258603
-0.15053005516529083
0.03796239197254181
-0.14875607192516327
-0.06540366262197495
-0.03165379911661148
0.04099458456039429
-0.13834883272647858
-0.12760208547115326
-0.16978974640369415
-0.1263299435377121
0.12036799639463425
-0.1321530044078827
0.11665084958076477
0.11318414658308029
