0.02482159063220024
0.05251032114028931
0.09728612750768661
0.0215437114238739
-0.01842191442847252
-0.05101005733013153
0.08860890567302704
0.07940498739480972
0.04489712417125702
0.06916741281747818
0.018932214006781578
-0.011563166044652462
-0.07351479679346085
-0.03888161480426788
0.02846635691821575
-0.007850234396755695
0.06610048562288284
0.04100654274225235
-0.0838169977068901
-0.033853329718112946
-0.028066309168934822
0.031461600214242935
0.035629529505968094
-0.054704587906599045
-0.08088096976280212
-0.00309273530729115
-0.018404388800263405
-0.05699681490659714
0.05106168985366821
-0.04726686701178551
0.03868240863084793
0.10867347568273544
-0.002315344288945198
-0.08714329451322556
0.05147769674658775
-0.024173161014914513
-0.07281076908111572
-0.03518211841583252
0.11377677321434021
-0.028241567313671112
-0.03656763210892677
0.029332585632801056
-0.11130893975496292
-0.013710487633943558
-0.08806861191987991
-0.10030338168144226
-0.08455418050289154
-0.05072446167469025
-0.04029145464301109
0.06323327869176865
-0.058924805372953415
-0.10525070875883102
-0.08025424927473068
0.020819833502173424
-0.03907085210084915
0.021847350522875786
-0.06504421681165695
-0.07776617258787155
-0.025719186291098595
-0.05825016275048256
0.037241388112306595
-0.06303295493125916
-0.11602351069450378
0.0202474445104599
-0.10916348546743393
-0.07848204672336578
0.10353807359933853
-0.005055834539234638
-0.08436062186956406
-0.09297332167625427
-0.05781249329447746
0.07218099385499954
-0.04682750627398491
0.0025543977972120047
-0.040076568722724915
-0.04013647511601448
0.016078487038612366
-0.0706515684723854
-0.021605180576443672
0.03815874829888344
0.02992372401058674
-0.053702160716056824
0.009256168268620968
0.016426341608166695
-0.05071825161576271
-2.066687557089608e-05
-0.07345949858427048
0.09435164928436279
0.03949681296944618
-0.041446443647146225
-0.0003692972823046148
0.09446777403354645
0.08702275156974792
0.08329630643129349
0.04660860821604729
0.08939845860004425
0.0802110955119133
0.019284497946500778
-0.06033884361386299
0.10809136927127838
0.03486102074384689
0.10740475356578827
0.06384103745222092
0.13130563497543335
0.12727434933185577
-0.048063475638628006
0.058496665209531784
-0.015517177991569042
-0.025177188217639923
0.05467700958251953
-0.03740563616156578
-0.08041900396347046
-0.011973654851317406
-0.06128399819135666
-0.04554445669054985
-0.07435841858386993
0.037060584872961044
-0.04297436773777008
0.09085686504840851
0.09452900290489197
-0.013940439559519291
-0.06475667655467987
0.04887319728732109
-0.05441530421376228
-0.06334903091192245
0
0
0
0
0
0
0
0
0
0
0
0
0
0
0
0
0
0
0
0
0
0
0
0
0
0.04666779190301895
-0.09655646979808807
0.01154151652008295
-0.06745462864637375
-0.10586632788181305
-0.011447671800851822
0.004628361202776432
-0.11490701884031296
-0.07729068398475647
0.05523286014795303
0.037884876132011414
-0.012327535077929497
0.12871931493282318
0.11973387002944946
0.01886754110455513
-0.03391597792506218
0.13318568468093872
0.02268427610397339
-0.03586414456367493
-0.1278144270181656
0.13250523805618286
-0.015787219628691673
0.07778086513280869
-0.04980609565973282
0.06247993931174278
-0.0057035693898797035
-0.020180867984890938
0.12631376087665558
0.07098054885864258
0.09930146485567093
0.02861882746219635
0.024426065385341644
0.10855264216661453
0.1448138803243637
0.002916939090937376
0.0220064427703619
-0.04201290011405945
-0.018765771761536598
0.06030028685927391
0.06970103085041046
-0.11005853116512299
-0.1851595938205719
-0.14987072348594666
0.060177240520715714
0.012256802059710026
0.06400028616189957
-0.06165966019034386
-0.010906200855970383
0.06854540854692459
0.07688694447278976
-0.08993029594421387
-0.159986674785614
-0.00645331759005785
-0.040975455194711685
-0.07758716493844986
0.01907973550260067
0.015957817435264587
0.03358927369117737
0.032796163111925125
-0.1752454936504364
0.12261533737182617
0.23735497891902924
0.13412465155124664
-0.09680303186178207
-0.05413518473505974
0.16512872278690338
0.19138924777507782
0.03332456201314926
-0.1165061891078949
0.06612991541624069
-0.0904109999537468
-0.015757448971271515
0.022386392578482628
-0.03221232071518898
0.05301731824874878
0.06228186935186386
-0.12971776723861694
0.03938410431146622
-0.09542977064847946
-0.06139705330133438
-0.09953261911869049
-0.008831910789012909
-0.05549588054418564
-0.028159022331237793
0.15691737830638885
0.0977272316813469
0.12175354361534119
0.08821060508489609
0.2118825614452362
0.08615715056657791
0.03964408114552498
-0.04663761332631111
0.005619821138679981
0.007299263961613178
0.12256016582250595
0.016931407153606415
-0.03168972581624985
-0.02261584810912609
-0.11880243569612503
0.0498833991587162
0.02832447923719883
-0.03424530848860741
-0.06169407442212105
-0.009010099805891514
0.05545394495129585
0.07998235523700714
-0.18769286572933197
-0.16983945667743683
0.020085934549570084
-0.0900420993566513
-0.1050422415137291
-0.16538769006729126
-0.03278838470578194
-0.08763670176267624
0.06498580425977707
-0.02599761262536049
0.0686681717634201
0.10798058658838272
-0.014280237257480621
0.14580249786376953
0.15347430109977722
0.04095785319805145
-0.00040686927968636155
0.06250331550836563
0.10178536176681519
0
0
0
0
0
0
0
0
0
0
0
0
0
0
0
0
0
0
0
0
0
0
0
0
0
0.030175600200891495
-0.09478642046451569
-0.017511969432234764
-0.14337484538555145
-0.05357912927865982
-0.03488973155617714
-0.0350736640393734
-0.09332679957151413
0.012660939246416092
0.1269800066947937
0.027389846742153168
0.07333137094974518
0.0804024413228035
0.048229072242975235
-0.0020081507973372936
0.08865994960069656
0.10168959945440292
0.06477013230323792
0.01922006532549858
0.05098835006356239
-0.008457501418888569
0.1223384290933609
0.10705927759408951
0.07439398765563965
-0.011850988492369652
0.1301807165145874
-0.015912912786006927
0.009670998901128769
0.0008204318000935018
0.09340634942054749
0.16168199479579926
-0.054107245057821274
-0.032521940767765045
-0.024021605029702187
0.21334873139858246
-0.04787302017211914
-0.142084002494812
-0.11334574967622757
-0.017268696799874306
0.01563943736255169
-0.15398027002811432
-0.19593749940395355
-0.21872283518314362
-0.03070129081606865
0.09257705509662628
-0.0646863654255867
-0.02989845722913742
-0.12290642410516739
-0.02972329594194889
0.07645275443792343
0.09171857684850693
-0.12520632147789001
-0.12998820841312408
-0.06880044937133789
0.030802123248577118
-0.023018455132842064
0.0819772258400917
0.1290212720632553
0.07452338933944702
-0.1332843005657196
-0.05225247144699097
0.160361185669899
0.2434719055891037
0.04765942320227623
-0.014544865116477013
0.04484248533844948
0.07940448820590973
0.10179323703050613
-0.006440796423703432
0.05782998353242874
0.007757167331874371
0.07914531230926514
-0.04188365861773491
0.10153447836637497
0.08360087126493454
0.10507179796695709
-0.022530078887939453
-0.0019794960971921682
-0.15927517414093018
0.06076617166399956
0.10266923159360886
-0.11147033423185349
0.043120793998241425
0.044896651059389114
0.17092375457286835
0.11652028560638428
0.02702828124165535
0.1413300484418869
0.0144275464117527
0.22455944120883942
0.08175907284021378
0.01920710690319538
-0.05093224719166756
0.1234237551689148
0.0729750394821167
-0.018087420612573624
-0.09720316529273987
-0.1542126089334488
-0.08629672229290009
-0.07266394793987274
0.11005889624357224
0.17502634227275848
0.031043637543916702
0.0012451804941520095
0.015534626320004463
0.05603232979774475
-0.0037816439289599657
-0.2186938226222992
-0.2003849595785141
-0.08143951743841171
-0.12457042187452316
0.004983850754797459
-0.021774927154183388
0.042035091668367386
-0.008161121979355812
0.037363409996032715
0.06704781204462051
0.09558126330375671
-0.004223268013447523
0.0449974462389946
0.16154730319976807
0.16862612962722778
0.0387694388628006
-0.06818349659442902
0.08871731162071228
0
0
0
0
0
0
0
0
0
0
0
0
0
0
0
0
0
0
0
0
0
0
0
0
0
-0.07202605158090591
-0.09896606206893921
0.07173587381839752
0.05980946496129036
0.027773400768637657
-0.017532875761389732
-0.06757739931344986
0.04689140245318413
0.0008113275398500264
-0.016390250995755196
-0.007702672854065895
0.08414788544178009
0.07448092848062515
0.06133363023400307
0.08157774806022644
-0.007613056339323521
0.07037900388240814
-0.06437622755765915
-0.009402100928127766
-0.04048420488834381
0.01810780167579651
-0.0781247541308403
0.05094149708747864
-0.10233611613512039
-0.08765673637390137
-0.06566200405359268
0.09726052731275558
-0.05119219794869423
-0.08983931690454483
0.10454954206943512
-0.010188356973230839
-0.09001358598470688
-0.10387278348207474
-0.09159757941961288
0.044676948338747025
-0.030844219028949738
-0.027079587802290916
0.07276599854230881
-0.03314541280269623
-0.040534451603889465
0.029884081333875656
-0.020814303308725357
0.018267013132572174
-0.06081995368003845
0.10209284722805023
-0.06169988587498665
-0.07044713944196701
-0.014174693264067173
-0.01973254792392254
-0.09983009099960327
0.08557353168725967
0.043250832706689835
0.027688274160027504
-0.0941314697265625
-0.0956805869936943
-0.03491324558854103
0.02596369944512844
0.027081649750471115
-0.06397953629493713
0.06134530156850815
0.07030376046895981
0.1051076203584671
0.0837872102856636
0.08403247594833374
0.014252135530114174
0.11146438866853714
-0.022799760103225708
0.08862943947315216
-0.07512065768241882
-0.009978692047297955
-0.04574650153517723
-0.09146140515804291
0.0694882720708847
0.02107488177716732
0.05433513596653938
-0.09948031604290009
0.004944398533552885
0.0697818323969841
-0.036661092191934586
0.08503177762031555
-0.09063772112131119
0.05051253363490105
-0.0968974381685257
-0.06766419112682343
-0.05747013911604881
0.07654210180044174
-0.04833369702100754
-0.039577145129442215
-0.05417456477880478
0.029256349429488182
-0.05699607729911804
-0.04412209987640381
0.03422828018665314
-0.08758817613124847
0.013318334706127644
-0.01654716581106186
-0.08083141595125198
0.05073525384068489
-0.03559045493602753
-0.013786875642836094
0.008389652706682682
0.019629517570137978
-0.10895941406488419
0.014045022428035736
-0.04582006484270096
-0.06579351425170898
-0.02036134898662567
0.039535924792289734
-0.036247048527002335
-0.0075004734098911285
-0.022088410332798958
-0.08235284686088562
-0.10017718374729156
-0.06055552139878273
-0.10251706838607788
0.07926424592733383
-0.010836589150130749
-0.08562803268432617
0.04523516446352005
0.0023202120792120695
0.050903595983982086
0.023514216765761375
-0.10247957706451416
0.019121095538139343
0.010857067070901394
0
0
0
0
0
0
0
0
0
0
0
0
0
0
0
0
0
0
0
0
0
0
0
0
0
0.026588236913084984
0.036330245435237885
0.03994729369878769
-0.11216115951538086
0.033726535737514496
0.0577058382332325
0.040107280015945435
-0.13080810010433197
0.07333703339099884
0.09300341457128525
-0.12433034926652908
0.03513914346694946
0.05568304657936096
-0.06583384424448013
0.08788616955280304
0.020567940548062325
0.11856167763471603
0.004391505382955074
0.06707772612571716
-0.11436904221773148
0.05725433677434921
0.12209134548902512
-0.02886975184082985
0.006843259558081627
-0.011776557192206383
0.1333291083574295
0.08642923831939697
0.05960255116224289
0.007809868082404137
0.12974011898040771
0.044154513627290726
0.03499617055058479
0.03595652058720589
0.12731412053108215
0.15882807970046997
-0.04897189885377884
-0.0029067685827612877
0.011597837321460247
0.06443201005458832
0.10815667361021042
-0.10201738029718399
-0.11545760184526443
0.005964219104498625
-0.05169741436839104
0.0671311467885971
-0.11184786260128021
-0.14440594613552094
-0.15605324506759644
0.055727314203977585
0.12069712579250336
-0.040006354451179504
-0.06011352315545082
-0.0464991070330143
-0.05722744017839432
0.02645682543516159
-0.08976419270038605
-0.05348644033074379
-0.08456142991781235
-0.013658416457474232
0.050866857171058655
0.043589476495981216
0.10953156650066376
0.11492444574832916
-0.14645449817180634
-0.07284721732139587
0.05198027938604355
0.10232437402009964
0.06466103345155716
0.059691570699214935
-0.12639841437339783
0.035670362412929535
0.009226327762007713
0.07745268195867538
-0.004116038791835308
-0.013868250884115696
-0.09411342442035675
0.040168747305870056
-0.04312658682465553
-0.011119442991912365
-0.0670909509062767
0.07740779966115952
-0.12117109447717667
-0.14384613931179047
0.07391435652971268
0.11504168808460236
-0.06075744330883026
-0.06550678610801697
0.041725680232048035
0.11817518621683121
0.09973131865262985
0.0433056615293026
-0.03964036703109741
-0.014370511285960674
0.056472115218639374
-0.006269953679293394
0.06164185702800751
-0.0881701409816742
0.04487467557191849
-0.08696722239255905
0.07348807156085968
0.1422588974237442
0.10723652690649033
0.11463966965675354
0.058802489191293716
0.021168872714042664
0.10173085331916809
0.038198322057724
0.07046299427747726
0.05222776159644127
-0.12326126545667648
0.013085409067571163
-0.1978236436843872
-0.12533143162727356
-0.12793460488319397
-0.1332002878189087
0.12683852016925812
0.05981500446796417
0.050433170050382614
0.027956847101449966
0.08228795230388641
0.06578221172094345
0.10839208960533142
0.016799598932266235
-0.055647000670433044
0.06066865473985672
0
0
0
0
0
0
0
0
0
0
0
0
0
0
0
0
0
0
0
0
0
0
0
0
0
-0.03776773065328598
0.025722196325659752
-0.047234565019607544
0.02291237562894821
-0.06938546150922775
0.09046918898820877
0.017205383628606796
0.012983312830328941
-0.05821079760789871
-0.08623657375574112
-0.04038446396589279
0.09177041798830032
-0.06737148761749268
-0.10343349725008011
0.07530275732278824
-0.02388477511703968
0.022210879251360893
0.06416887789964676
-0.008241426199674606
0.02401922270655632
-0.08155610412359238
-0.013931271620094776
0.06719702482223511
0.0006773079512640834
-0.05339562147855759
0.057951923459768295
-0.07872320711612701
0.09090562909841537
-0.05195953696966171
-0.036915648728609085
0.0256204754114151
0.05672772228717804
-0.0853637084364891
-0.007542870007455349
-0.07043928653001785
-0.04216327890753746
0.10336106270551682
0.08870822191238403
-0.04557438939809799
0.09341046214103699
0.007549924310296774
-0.0641406700015068
0.028392015025019646
-0.08491213619709015
0.012186226435005665
-0.08997955173254013
0.040567368268966675
-0.08752475678920746
-0.04199356958270073
-0.07821683585643768
-0.08196423947811127
0.1031385287642479
0.0785643458366394
0.09731028228998184
-0.02918037213385105
0.02786436304450035
0.02920532040297985
0.059478312730789185
-0.0019577855709940195
0.02123039774596691
-0.012295737862586975
-0.06105581298470497
0.04560190811753273
-0.03833663836121559
0.04513654112815857
0.006480331066995859
-0.02413168177008629
0.10236313194036484
-0.06410088390111923
0.00014973654469940811
-0.07502163201570511
-0.044235970824956894
0.05889813229441643
-0.08416655659675598
-0.04609597474336624
0.03171680495142937
0.07695668190717697
0.1002720519900322
0.027054058387875557
-0.07890870422124863
0.022954920306801796
0.05340467020869255
0.005078788381069899
0.07378613203763962
0.08100195974111557
-0.06927589327096939
0.0002578900312073529
-0.007592056877911091
-0.04955387860536575
-0.020105261355638504
-0.035885460674762726
0.08647073805332184
-0.02710905484855175
-0.07272148877382278
-0.08247142285108566
-0.10222478210926056
-0.0732429027557373
-0.09368696063756943
0.06430553644895554
-0.06657414138317108
-0.03633494675159454
0.00594078004360199
0.02056683972477913
0.03572056069970131
0.08999793231487274
-0.06242821738123894
-0.0626240000128746
0.10262180864810944
-0.057886332273483276
-0.04927049204707146
-0.0681396946310997
0.04049844294786453
-0.05482914671301842
-0.08620265126228333
-0.06393538415431976
0.09642893821001053
0.018185097724199295
-0.057471927255392075
0.10286474227905273
-0.0666707381606102
0.10490836203098297
0.06908505409955978
-0.07821211218833923
0.052248526364564896
0.04268467053771019
0
0
0
0
0
0
0
0
0
0
0
0
0
0
0
0
0
0
0
0
0
0
0
0
0
