0.15595775842666626
0.14979244768619537
-0.10941413044929504
-0.04232311621308327
-0.022152697667479515
0.027472717687487602
-0.09013061225414276
0.06053529679775238
-0.03694543614983559
0.02247360348701477
0.06645611673593521
-0.015382002107799053
0.03277553990483284
0.1256430745124817
0.1451587677001953
-0.16771234571933746
-0.08781035244464874
0.17092423141002655
-0.01088921818882227
-0.13085564970970154
-0.03979860991239548
-0.14465592801570892
-0.1384546011686325
-0.14390599727630615
-0.027023492380976677
0.057249270379543304
-0.03284037858247757
-0.06649996340274811
0.0917932540178299
-0.16039633750915527
0.045122936367988586
-0.16659663617610931
-0.10510657727718353
-0.17173169553279877
0.08280231803655624
0.04149617999792099
0.13265210390090942
0.011865929700434208
0.0702313482761383
-0.16857346892356873
-0.034468721598386765
0.14734309911727905
-0.10853905975818634
-0.12052526324987411
-0.0850607305765152
0.1463995724916458
0.01734014041721821
-0.000647639506496489
0.011552469804883003
0.004938213154673576
0.14155933260917664
0.05848316103219986
0.16375458240509033
-0.06266620755195618
0.16444140672683716
-0.0018248853739351034
0.1065109372138977
0.020354002714157104
0.13082079589366913
-0.12118173390626907
0.0234284158796072
0.07251782715320587
0.023895295336842537
0.14443396031856537
0.053224608302116394
-0.06905520707368851
-0.07997138053178787
0.056295353919267654
-0.1226406991481781
0.13857148587703705
-0.12461435049772263
0.1548369973897934
0.04071173071861267
-0.09910151362419128
-0.06187761574983597
0.026203978806734085
-0.058002837002277374
-0.13771454989910126
0.016930578276515007
-0.042537443339824677
-0.022542137652635574
-0.15964026749134064
-0.15239150822162628
-0.08852125704288483
-0.15421062707901
-0.12049798667430878
-0.13578678667545319
-0.0056334552355110645
-0.05130067840218544
-0.14962652325630188
-0.062371864914894104
-0.14806757867336273
0.07622427493333817
-0.030612701550126076
0.011356217786669731
0.09166435897350311
-0.10767275094985962
0.025587642565369606
0.09559893608093262
0.14745095372200012
-0.13911069929599762
-0.03887895867228508
-0.033143866807222366
0.06041480600833893
0.13460129499435425
-0.07486338168382645
-0.16868795454502106
-0.06724987179040909
-0.17189079523086548
-0.004553051665425301
0.07256246358156204
-0.04835154861211777
0.003273764392361045
0.07550782710313797
-0.0011600154684856534
-0.04090075194835663
-0.11075185239315033
-0.14593055844306946
-0.08682531118392944
-0.04322447627782822
