-0.09331230819225311
-0.08468272536993027
0.27096864581108093
-0.04602321237325668
0.0838770791888237
0.20091474056243896
-0.14797431230545044
0.07050886005163193
-0.1355375498533249
0.12259914726018906
-0.00895477645099163
0.09301404654979706
0.028139609843492508
0.10451707988977432
-0.1145237535238266
0.25908464193344116
0.0680556371808052
-0.33426395058631897
-0.02563355676829815
-0.2169904261827469
0.11142939329147339
0.20330707728862762
0.25472280383110046
-0.23031704127788544
-0.0056573511101305485
0.05884181708097458
0.15246619284152985
-0.3451653718948364
0.16644835472106934
0.06986723095178604
0.1419442892074585
-0.05920789763331413
-0.3081796169281006
0.0969417542219162
0.16615892946720123
0.04700789600610733
-0.12777191400527954
-0.15783675014972687
0.1339625120162964
0.23189041018486023
0.28319495916366577
0.09730469435453415
-0.12275108695030212
0.27087295055389404
0.2675275504589081
0.2054571658372879
0.2702986001968384
0.2207299768924713
-0.09680595993995667
0.22583499550819397
-0.24527546763420105
0.14487649500370026
0.13254444301128387
-0.17882424592971802
-0.22758114337921143
-0.015469896607100964
-0.2418076992034912
-0.43273651599884033
0.041881442070007324
0.2171931117773056
-0.3761058449745178
0.16469451785087585
-0.1991734653711319
0.14846055209636688
0.28238359093666077
0.18258406221866608
0.32306164503097534
-0.08906539529561996
-0.21272440254688263
-0.1853306144475937
-0.09514116495847702
-0.14340603351593018
-0.07215026021003723
0.0013259126571938396
0.1306023746728897
-0.21578377485275269
0.14724388718605042
0.19141025841236115
0.029592294245958328
0.0008090402698144317
0.13003413379192352
0.13565345108509064
-0.23233307898044586
0.09776163846254349
