0.1479390412569046
-0.10611902922391891
-0.17018169164657593
0.14298953115940094
-0.1383492350578308
-0.12420967221260071
0.08399058133363724
-0.10089021176099777
-0.17705489695072174
0.08737830817699432
-0.1684054583311081
-0.0516170933842659
0.02707427740097046
-0.035304322838783264
0.0858248770236969
-0.04376457259058952
0.030347535386681557
-0.0003142252971883863
-0.034171175211668015
0.0558730773627758
0.10773469507694244
-0.010176151990890503
-0.16499026119709015
-0.16971559822559357
0.14013107120990753
-0.11032945662736893
-0.08838871866464615
0.16164296865463257
0.05811663717031479
-0.07165955752134323
-0.04889211803674698
-0.07374520599842072
0.10182128846645355
0.11258620768785477
-0.14743481576442719
0.11828579753637314
0.0638054758310318
-0.1377626359462738
0.16537019610404968
0.02067004144191742
0.16431090235710144
-0.0235543642193079
-0.06034978851675987
-0.06423234194517136
0.011440008878707886
-0.15462401509284973
-0.09945371001958847
-0.025706451386213303
0.0952671617269516
-0.03698369860649109
0.06367959827184677
0.14120228588581085
0.14498025178909302
-0.16958409547805786
0.05533638596534729
0.11390209943056107
-0.10494325309991837
0.0723467767238617
0.023527244105935097
-0.0752018466591835
0.0934368297457695
-0.07609866559505463
-0.11908461153507233
-0.12682993710041046
0.13541558384895325
-0.06436357647180557
0.03827314078807831
0.08180790394544601
0.15458627045154572
-0.16985875368118286
0.010245105251669884
0.058379143476486206
0.10982941091060638
-0.11936003714799881
0.08096955716609955
-0.09738436341285706
-0.12735237181186676
-0.044874489307403564
-0.09571050107479095
0.03939483314752579
0.07987041026353836
-0.09664085507392883
0.12989981472492218
-0.03675684332847595
0.03969860076904297
0.13255575299263
-0.14165934920310974
0.12716765701770782
-0.1606283336877823
-0.12980572879314423
0.06477709114551544
0.09951317310333252
0.08760849386453629
-0.023323185741901398
0.00289711682125926
-0.16685816645622253
-0.07058308273553848
0.05502205714583397
0.06646685302257538
-0.12328214943408966
-0.16307038068771362
0.11739613860845566
-0.1596527099609375
0.11175557971000671
0.10945191979408264
0.10275313258171082
-0.028793148696422577
-0.13583384454250336
-0.1108236163854599
0.006673681549727917
-0.13316847383975983
0.09617456793785095
0.1638978123664856
0.03360073268413544
0.018332937732338905
-0.005392816383391619
0.15252268314361572
0.012835164554417133
-0.1314994990825653
0.16848677396774292
