-0.050732117146253586
0.19170385599136353
0.07693663239479065
0.16247394680976868
0.09057066589593887
0.06259891390800476
-0.039292603731155396
-0.12297278642654419
0.11820235103368759
0.11718614399433136
-0.12978368997573853
0.22976788878440857
0.06402985006570816
0.015631461516022682
-0.10525572299957275
0.06524243950843811
-0.012267688289284706
-0.14868561923503876
-0.01350937969982624
-0.03249559551477432
0.07080399245023727
-0.09550871700048447
0.16683542728424072
-0.06822237372398376
-0.04074648767709732
-0.11240978538990021
0.053956322371959686
-0.08918345719575882
0.01186529640108347
-0.12454888224601746
0.10569389164447784
-0.043427977710962296
-0.07874079793691635
-0.12826724350452423
-0.035992369055747986
0.18253539502620697
-0.12060543149709702
-0.1948743462562561
0.008175993338227272
0.0239750687032938
0.12050288170576096
-0.11836589127779007
-0.19337958097457886
0.03503393009305
0.013861149549484253
-0.05177997797727585
-0.15646590292453766
-0.08829621225595474
-0.0046282000839710236
-0.1722034215927124
0.18975599110126495
-0.07788043469190598
-0.15799419581890106
0.09849891066551208
0.07482565939426422
-0.06899680197238922
0.18555958569049835
0.12389227002859116
-0.18372777104377747
0.19598595798015594
0.0763525664806366
-0.03618975356221199
0.07456202805042267
0.17222420871257782
0.08393266052007675
-0.1821698546409607
-0.1808483898639679
0.1239435002207756
-0.14594507217407227
0.11487112939357758
-0.05008396878838539
0.1742415428161621
-0.13857655227184296
-0.08193186670541763
-0.1465698927640915
0.1368740200996399
-0.04625443369150162
0.1377314329147339
-0.05563678964972496
0.17859148979187012
0.18923930823802948
-0.09613458812236786
-0.07031989842653275
-0.07997233420610428
0.03805449232459068
-0.1285773068666458
0.15804079174995422
0.18504837155342102
-0.1707761436700821
-0.11539289355278015
-0.0042764232493937016
0.23689872026443481
-0.05484787002205849
-0.03859441727399826
0.015526305884122849
0.026402199640870094
0.11719982326030731
-0.19322001934051514
-0.12567688524723053
-0.13208183646202087
0.05580180138349533
-0.08436217904090881
0.05030108615756035
-0.04291069135069847
-0.0004517985216807574
-0.008159665390849113
0.04377588629722595
-0.08484505861997604
0.03253868222236633
-0.13930338621139526
0.10237080603837967
0.034194014966487885
-0.10636717826128006
-0.0660211369395256
0.003782936604693532
0.07490456104278564
0.036888495087623596
-0.012661945074796677
0.016513986513018608
-0.05888057127594948
