0.07458148896694183
-0.027541637420654297
0.15669958293437958
-0.035757701843976974
0.07839751243591309
-0.09814488887786865
0.05947860702872276
0.004002964124083519
0.1505560427904129
-0.17022711038589478
-0.16041865944862366
0.022137131541967392
-0.12481497973203659
0.04541570320725441
-0.0940556675195694
0.06129005551338196
0.09255770593881607
0.0017425697296857834
-0.17218007147312164
0.07038681209087372
0.15592721104621887
0.11394449323415756
-0.13042442500591278
0.14436686038970947
0.022955648601055145
-0.1259896159172058
0.15940961241722107
0.0965353474020958
0.12863878905773163
0.10819694399833679
0.1659010499715805
0.07549921423196793
-0.20252199470996857
-0.09143921732902527
0.046152081340551376
-0.11498493701219559
0.17182613909244537
0.13418465852737427
0.13378381729125977
0.14140251278877258
-0.1322878748178482
0.055493492633104324
0.01679392345249653
0.03356079384684563
0.0053184013813734055
-0.13284535706043243
-0.09606803208589554
-0.17536385357379913
-0.12020634114742279
-0.10599593073129654
-0.10114140063524246
-0.13782218098640442
0.004520129878073931
-0.09031622111797333
0.10119892656803131
-0.0856001079082489
0.0705656036734581
-0.1018427386879921
0.17026202380657196
-0.07753541320562363
-0.12105382978916168
0.09540706127882004
0.15462493896484375
0.16292698681354523
0.08223651349544525
0.1077830120921135
0.06397530436515808
0.006022255402058363
-0.11686934530735016
-0.0008150973008014262
0.08322359621524811
-0.052941929548978806
-0.01682957448065281
0.13900946080684662
0.11549622565507889
-0.12198831140995026
-0.02207719348371029
0.13786640763282776
-0.16907331347465515
-0.07269845902919769
0.158674955368042
-0.14374478161334991
-0.08204638957977295
-0.06703588366508484
0.16729171574115753
0.0026067972648888826
0.02885332889854908
-0.11248085647821426
-0.14644525945186615
0.13170938193798065
0.06260386109352112
0.12198682874441147
0.15127971768379211
0.12107457965612411
-0.13508887588977814
0.06993536651134491
0.11600165069103241
-0.1467021405696869
-0.09581436216831207
0.025447960942983627
-0.03526918590068817
-0.026195116341114044
-0.1174168810248375
-0.020272504538297653
-0.09137482196092606
-0.061211008578538895
0.04170023277401924
0.16141873598098755
0.0871424600481987
0.06993674486875534
0.14226602017879486
0.056965138763189316
-0.038512613624334335
0.11130218207836151
0.03166036680340767
-0.01419617235660553
0.16578182578086853
-0.008847941644489765
-0.1025436669588089
0.07000517845153809
