-0.04435309022665024
0.10046034306287766
0.004504793789237738
0.11873564124107361
0.1475631594657898
-0.13656045496463776
-0.015166613273322582
0.028193211182951927
-0.1341736763715744
0.06897667795419693
-0.1479656994342804
-0.1520204246044159
-0.08607103675603867
-0.18012869358062744
-0.08761706203222275
0.17443720996379852
0.014754953794181347
-0.16451995074748993
0.06841139495372772
0.008345152251422405
0.01333862915635109
0.0633738711476326
0.1399017572402954
-0.1319032460451126
0.17321249842643738
-0.1735265552997589
-0.08819058537483215
0.057445403188467026
-0.13929429650306702
0.07641521096229553
-0.09347634762525558
-0.07983020693063736
0.18436072766780853
0.1608213484287262
-0.10809142887592316
0.11628277599811554
-0.03207883611321449
0.02266434207558632
0.1308036893606186
-0.05285746231675148
-0.111495740711689
0.12187841534614563
0.04269345477223396
0.1981164813041687
0.08305980265140533
0.0036967408377677202
0.07211319357156754
0.17273496091365814
-0.08031181246042252
-0.15576738119125366
0.16135339438915253
-0.05071590840816498
0.04847797378897667
0.13140125572681427
-0.11163384467363358
-0.11985401064157486
0.009458721615374088
-0.0705697163939476
0.0748361349105835
0.17641618847846985
-0.04816519096493721
-0.1501174420118332
-0.16254132986068726
-0.014708911068737507
0.15470914542675018
0.05540378391742706
-0.13048242032527924
0.07353203743696213
-0.14908559620380402
-0.11927013099193573
-0.10876043885946274
-0.16313764452934265
0.02932356297969818
-0.07223936915397644
-0.22461754083633423
0.15831968188285828
0.0787971168756485
-0.049979254603385925
-0.01281083095818758
-0.09979943186044693
0.2133907973766327
0.11395057290792465
-0.10953762382268906
0.090343177318573
0.012607503682374954
-0.01365102268755436
-0.10969123989343643
0.16570807993412018
-0.11377722769975662
0.09587971866130829
0.11755911260843277
0.23180365562438965
0.008720992133021355
-0.08042200654745102
0.048994630575180054
-0.14366471767425537
0.030867036432027817
-0.04940998554229736
0.16271711885929108
-0.11685512214899063
0.03389666974544525
-0.15904170274734497
0.022450054064393044
0.08072326332330704
0.07436797022819519
0.051777783781290054
-0.11628164350986481
0.2209649533033371
0.02414940483868122
0.10059100389480591
0.18582503497600555
0.14161211252212524
-0.07050630450248718
-0.1377030462026596
0.08479025214910507
-0.16037309169769287
0.1499958485364914
0.14845265448093414
-0.034576915204524994
-0.07152675092220306
