-0.15737208724021912
-0.12554019689559937
-0.13691112399101257
0.021612703800201416
0.05230564996600151
0.10834088176488876
0.03731580823659897
-0.005938091315329075
0.06869059056043625
0.15924836695194244
0.04865649342536926
-0.15206697583198547
-0.01807940937578678
0.03375879302620888
0.1287211924791336
-0.15116731822490692
0.004405060317367315
0.03402378037571907
0.11735182255506516
0.005681976675987244
0.09933461993932724
0.07873837649822235
0.13790564239025116
0.000275111582595855
-0.1354708969593048
0.09875251352787018
0.13610658049583435
-0.09814256429672241
-0.08088693767786026
0.03304547816514969
0.11265095323324203
0.06715138256549835
0.1504182666540146
0.09171656519174576
0.00885696616023779
0.02322506718337536
-0.13627998530864716
-0.09830020368099213
-0.0028672893531620502
0.07875050604343414
-0.036919496953487396
-0.06561575084924698
-0.13211634755134583
-0.16184350848197937
0.07240019738674164
-0.14007045328617096
0.09053870290517807
-0.04167616739869118
-0.08627631515264511
0.06826021522283554
-0.08531755954027176
-0.14406654238700867
0.014537153765559196
0.022817956283688545
-0.020092107355594635
0.1010751724243164
-0.03044269047677517
-0.16602712869644165
-0.13979066908359528
-0.026816299185156822
-0.05698375031352043
-0.09073092043399811
0.12230300903320312
-0.13927090167999268
-0.09444587677717209
-0.05748772993683815
-0.147406667470932
0.16786311566829681
-0.07104744017124176
-0.056942395865917206
0.006467994302511215
0.09090235829353333
0.05895034223794937
0.15313732624053955
-0.038572829216718674
-0.047983720898628235
-0.08739743381738663
-0.08063912391662598
-0.1276327669620514
0.02383428066968918
-0.09400850534439087
-0.1353464275598526
0.06057501584291458
0.026837607845664024
-0.14445427060127258
0.10255023837089539
0.11180084198713303
-0.01802436076104641
-0.16639301180839539
0.0248420387506485
-0.11933203041553497
-0.1184035986661911
-0.1508747637271881
-0.09804319590330124
0.06158766895532608
0.10764209181070328
-0.14801566302776337
0.027899110689759254
-0.16041432321071625
-0.1042710617184639
0.027469884604215622
0.04905937239527702
-0.15001501142978668
-0.08400720357894897
0.15742753446102142
-0.05637955665588379
0.04055272042751312
0.06041735038161278
-0.012005479075014591
0.08361770212650299
0.09047941863536835
-0.03538115695118904
-0.16490508615970612
0.11758824437856674
0.0674029216170311
-0.0839947834610939
0.08706018328666687
0.12626294791698456
0.02749043144285679
-0.07563714683055878
