0.058342739939689636
-0.09145936369895935
-0.16971299052238464
-0.09858840703964233
-0.07317953556776047
-0.06751785427331924
-0.03013347089290619
-0.0965547114610672
-0.043544840067625046
-0.14901039004325867
0.023023992776870728
0.026794323697686195
-0.039241671562194824
0.15143617987632751
0.022544244304299355
-0.13577847182750702
0.04916442930698395
0.11525177210569382
0.04409291595220566
0.05448881536722183
0.10486385971307755
-0.16320472955703735
0.06589961796998978
0.12126954644918442
-0.05795331299304962
0.108714260160923
-0.10441909730434418
0.04945838078856468
0.13901999592781067
0.04240955039858818
0.15803740918636322
0.05586430802941322
-0.11233845353126526
0.10871820896863937
-0.0109144551679492
0.09332533925771713
0.1312207132577896
-0.1249082088470459
-0.1660781055688858
-0.025280840694904327
0.003945815376937389
-0.09028946608304977
0.03482136130332947
-8.507843449478969e-05
-0.08505230396986008
-0.028640391305088997
-0.16826879978179932
0.07884594053030014
-0.03865596652030945
0.15023399889469147
-0.018306201323866844
0.08012669533491135
0.022155266255140305
-0.10303643345832825
-0.0883052796125412
0.04015104100108147
0.07827003300189972
-0.018532931804656982
-0.12755221128463745
0.04562143236398697
-0.14434723556041718
-0.013770799152553082
-0.005155553109943867
-0.02496035397052765
-0.11074450612068176
0.017315492033958435
0.13230781257152557
-0.09253448247909546
0.11972906440496445
-0.047108396887779236
-0.12663893401622772
-0.10456781089305878
-0.027927711606025696
0.05714241787791252
-0.08313489705324173
0.13688763976097107
-0.12903843820095062
-0.06909478455781937
-0.12749814987182617
-0.056579384952783585
-0.12013909965753555
0.04041612520813942
0.05255953595042229
0.14831644296646118
0.09942184388637543
-0.1441744565963745
-0.0281350277364254
0.031021099537611008
-0.11306304484605789
0.09029892086982727
0.13361133635044098
0.02700483798980713
0.0820256844162941
0.09514649957418442
-0.1202465072274208
0.12979228794574738
0.16297250986099243
-0.046730443835258484
0.07493353635072708
-0.13489490747451782
-0.035700105130672455
-0.06108869984745979
-0.01183302327990532
0.09723786264657974
-0.16314347088336945
-0.008237114176154137
0.026628810912370682
0.08681688457727432
-0.06965664029121399
-0.010232245549559593
-0.003144613467156887
0.09688544273376465
-0.12910301983356476
0.009078352712094784
-0.03863167390227318
0.14108906686306
0.07675708830356598
0.15591378509998322
-0.02814258635044098
0.07756856828927994
