-0.06937991082668304
-0.03078131377696991
-0.03696756437420845
0.043005578219890594
-0.08599964529275894
0.07942955940961838
-0.009043474681675434
-0.12346246093511581
0.10561029613018036
0.06617812812328339
0.048626236617565155
0.11986858397722244
0.1337769627571106
0.1655811369419098
0.012267747893929482
-0.04854407161474228
-0.038086824119091034
0.08667474240064621
-0.008057113736867905
0.012737974524497986
0.13263444602489471
0.12796445190906525
0.15873555839061737
-0.14039266109466553
0.07232634723186493
0.053077977150678635
0.17017537355422974
-0.1599324494600296
-0.11106035858392715
-0.060909565538167953
0.03476475179195404
-0.16387777030467987
0.027680421248078346
0.0868150070309639
-0.05950652062892914
0.0617244727909565
-0.16715511679649353
0.17811958491802216
-0.09105275571346283
0.02177484519779682
-0.06243165582418442
0.05537920445203781
0.19305075705051422
0.16584943234920502
-0.1110464408993721
0.09769558906555176
0.02074466273188591
0.1438213735818863
0.057260461151599884
-0.12038522958755493
0.15182366967201233
0.17410443723201752
-0.15370434522628784
-0.10440637916326523
-0.04109903424978256
0.08635644614696503
-0.06736086308956146
-0.06599172204732895
0.11981206387281418
-0.08431018143892288
-0.16131021082401276
0.05352412164211273
0.09408759325742722
0.15688788890838623
0.06746572256088257
-0.03289506956934929
-0.04939026013016701
-0.13546426594257355
0.018883295357227325
0.08471208810806274
-0.014642303809523582
-0.04453516751527786
0.0491316020488739
-0.14617545902729034
0.10873889923095703
0.13617567718029022
0.09669685363769531
0.05211590975522995
0.11062949895858765
-0.16784857213497162
-0.11003878712654114
0.11041417717933655
-0.011797626502811909
0.0861634761095047
-0.049179986119270325
0.08116079121828079
0.018070532009005547
-0.1016588881611824
0.12423830479383469
-0.1622239649295807
0.02922869473695755
-0.187520369887352
-0.10645044595003128
0.08586591482162476
0.06317630410194397
-0.03462245315313339
0.1637011468410492
0.1297103464603424
-0.065513014793396
0.003248593071475625
-0.09853039681911469
0.021801594644784927
-0.035909343510866165
-0.17491957545280457
0.05704884231090546
0.11502323299646378
-0.1449112892150879
0.009060494601726532
-0.12570011615753174
-0.11141558736562729
-0.14546509087085724
-0.028545022010803223
-0.005929820705205202
0.11071960628032684
-0.051910512149333954
-0.06021445617079735
0.14373177289962769
-0.13576826453208923
0.04142673686146736
-0.1634899079799652
