0.018197182565927505
-0.050711508840322495
0.17803911864757538
-0.15791890025138855
0.17491884529590607
0.04351416230201721
0.10341085493564606
0.04795579984784126
-0.11410219222307205
0.09915751218795776
-0.12965081632137299
0.02431601658463478
0.13394346833229065
0.14917123317718506
0.17045821249485016
0.14293086528778076
0.052592288702726364
-0.0762004405260086
-0.12007834762334824
0.03419830650091171
0.13943065702915192
0.10206403583288193
0.10673867166042328
0.11603999882936478
0.054400064051151276
0.052980463951826096
0.005611002445220947
-0.028557922691106796
0.0492161326110363
-0.004199307877570391
-0.013874068856239319
0.09949448704719543
-0.06497274339199066
0.15335553884506226
-0.05182276666164398
0.004419675562530756
-0.08349227160215378
0.04080422595143318
-0.16452133655548096
0.10533182322978973
-0.11091391742229462
0.009752552956342697
0.06597939133644104
-0.0846066102385521
0.13790245354175568
-0.12251009792089462
-0.08162170648574829
-0.002480419585481286
0.07319675385951996
-0.10117708891630173
-0.155221089720726
-0.21007685363292694
0.046243250370025635
-0.04234883189201355
-0.06556536257266998
-0.0857292041182518
0.19998933374881744
-0.04193814471364021
-0.12587350606918335
0.15012119710445404
-0.15044841170310974
-0.05507291480898857
0.15224657952785492
-0.03894989192485809
-0.05419175326824188
0.15573623776435852
0.052437905222177505
0.05924680829048157
-0.040511105209589005
-0.02781323902308941
-0.0799451619386673
0.030924774706363678
-0.031883999705314636
-0.055909398943185806
-0.09801061451435089
-0.12778371572494507
-0.12015605717897415
0.057826053351163864
0.09210117906332016
0.006382660008966923
-0.027248743921518326
0.020863469690084457
0.1572907567024231
0.09271180629730225
-0.11448819190263748
0.13393104076385498
0.1301431953907013
-0.022578513249754906
0.0822499692440033
-0.04850218445062637
0.055735163390636444
0.024477221071720123
-0.0702567920088768
0.0724015161395073
-0.07543166726827621
0.1306813359260559
-0.09404227137565613
0.11450217664241791
-0.12457430362701416
-0.09722522646188736
-0.03136143460869789
-0.012477083131670952
-0.08899133652448654
0.10202616453170776
0.09602390229701996
0.14673660695552826
0.19358204305171967
-0.07928698509931564
-0.072288878262043
0.15583103895187378
0.08367644250392914
-0.10227673500776291
0.15982584655284882
0.14256510138511658
-0.05356437340378761
0.03283077850937843
-0.0844314843416214
0.0072883362881839275
-0.0998506098985672
-0.062449317425489426
