-0.10911296308040619
-0.05394577607512474
0.06093398109078407
-0.16858595609664917
-0.16057968139648438
-0.02251235954463482
-0.0714888945221901
0.0406116358935833
0.16954676806926727
-0.013837069272994995
-0.10000792890787125
-0.050909776240587234
-0.13937753438949585
0.10134916007518768
0.06228126958012581
0.06243516877293587
-0.00010302587907062843
0.16031032800674438
-0.0932869166135788
-0.09496168047189713
-0.016613947227597237
0.0068449461832642555
-0.1605445146560669
-0.02231142297387123
-0.021348241716623306
0.06433381885290146
-0.16227838397026062
-0.03677912428975105
-0.0479402095079422
0.03713357076048851
-0.16561800241470337
-0.03272617608308792
0.17017541825771332
-0.1047370508313179
-0.12326371669769287
0.05584089830517769
0.12676642835140228
0.1558915376663208
-0.1633293479681015
-0.19459651410579681
-0.12183442711830139
0.06022308021783829
0.032831013202667236
-0.07747935503721237
-0.05428102985024452
0.13992711901664734
-0.14261844754219055
0.009310878813266754
0.12498179823160172
0.10289617627859116
0.14751024544239044
-0.030608249828219414
-0.086386539041996
-0.039023395627737045
0.059318892657756805
-0.1410021036863327
-0.15522798895835876
0.1549217849969864
-0.14260333776474
0.06731654703617096
0.10206414014101028
0.045460235327482224
0.0408162847161293
0.1590467095375061
-0.13601286709308624
0.06957411766052246
-0.0984693169593811
0.08362585306167603
-0.1373784840106964
-0.002459095325320959
0.04412407800555229
0.013067597523331642
0.14799346029758453
-0.17082107067108154
-0.1379687488079071
-0.07955071330070496
0.15103057026863098
0.10014394670724869
-0.005696031730622053
0.1372869610786438
-0.026602154597640038
-0.005777142010629177
0.051263805478811264
0.12036646157503128
-0.04741596803069115
-0.0641849935054779
0.15705733001232147
0.014632242731750011
0.11740544438362122
0.11907074600458145
0.1358087956905365
0.06828384846448898
-0.10025840252637863
0.01403423584997654
-0.043977633118629456
0.13340944051742554
0.10653665661811829
-0.08348458260297775
-0.03422139957547188
0.028174566105008125
0.04778602719306946
-0.044464342296123505
0.10262362658977509
0.022805485874414444
-0.08982931822538376
0.11827673763036728
0.014783631078898907
0.07571104913949966
-0.055009495466947556
0.1573619246482849
0.13117322325706482
0.16042114794254303
0.12024987488985062
-0.15263400971889496
0.05338263139128685
0.1636323481798172
-0.09635303169488907
0.13995039463043213
0.1261940598487854
-0.1149589940905571
