-0.13064050674438477
0.13167227804660797
-0.06264907866716385
0.0904434323310852
-0.14593428373336792
-0.08665096759796143
-0.16698138415813446
0.023175697773694992
-0.026505062356591225
-0.1418149471282959
-0.013427719473838806
0.05548128858208656
0.03610416501760483
-0.04005156829953194
-0.18315717577934265
-0.15496452152729034
0.14084668457508087
-0.12449376285076141
-0.07384829223155975
0.052201222628355026
0.14328394830226898
0.06533113121986389
-0.15661172568798065
0.16337689757347107
-0.008719810284674168
0.1644994020462036
0.05925842747092247
-0.09252766519784927
-0.08279533684253693
-0.06928146630525589
-0.021058157086372375
0.09668037295341492
0.05607527866959572
0.13552771508693695
0.17044849693775177
0.08834736794233322
-0.16141167283058167
0.08060768991708755
-0.1760368049144745
0.050474148243665695
0.029277876019477844
-0.14958198368549347
0.14596426486968994
-0.03116600587964058
-0.12937603890895844
0.19227389991283417
-0.12233210355043411
-0.05031442269682884
0.15869343280792236
0.09165745973587036
0.0458131805062294
-0.19189335405826569
-0.16811765730381012
-0.14440271258354187
0.010416633449494839
-0.10586152970790863
-0.07286079227924347
-0.0895504355430603
-0.014881912618875504
-0.09142326563596725
0.05705054849386215
-0.1463388353586197
-0.04000726342201233
-0.034274931997060776
-0.06389197707176208
-0.08300068974494934
-0.08269909769296646
0.08205381780862808
0.11855854094028473
-0.13157281279563904
0.05003409832715988
0.09438301622867584
0.10724826157093048
0.0024178416933864355
0.1410963535308838
-0.010793707333505154
0.058900393545627594
0.17041967809200287
0.03116665594279766
-0.18841449916362762
-0.16697238385677338
0.06841444969177246
-0.022443918511271477
0.07303322851657867
0.03187139332294464
0.028512585908174515
0.14580631256103516
0.07259997725486755
0.06394363194704056
0.13618582487106323
0.08678378164768219
0.05031090974807739
-0.06431117653846741
-0.1460379809141159
0.14664003252983093
-0.13519997894763947
-0.06880851089954376
-0.04194710776209831
-0.14886273443698883
-0.06920670717954636
0.09193181991577148
-0.02507076971232891
0.10933071374893188
0.0826272964477539
-0.13597141206264496
0.020969927310943604
0.15260259807109833
-0.15638329088687897
0.18983344733715057
-0.20003251731395721
0.03734670951962471
0.12701134383678436
0.1518840342760086
-0.013972422108054161
-0.09869194775819778
0.15067975223064423
-0.11071828752756119
0.14775626361370087
0.028618790209293365
-0.140278160572052
