-0.08691687881946564
0.19943833351135254
-0.1291576325893402
0.05794398486614227
0.04127128794789314
-0.0769331231713295
0.1639791578054428
-0.09431139379739761
0.14376385509967804
0.16590993106365204
-0.15082229673862457
-0.036534350365400314
0.09355740994215012
0.20035801827907562
0.10719983279705048
-0.07977195084095001
0.1987130045890808
0.04288966953754425
-0.04308243468403816
0.12637028098106384
-0.09363988786935806
0.039554059505462646
0.09111332148313522
-0.016174951568245888
-0.0764717310667038
-0.1516731232404709
-0.09368975460529327
0.015513336285948753
-0.06305697560310364
-0.12758122384548187
0.07361456751823425
-0.11559996753931046
-0.15892623364925385
-0.16655805706977844
-0.11387452483177185
-0.09973012655973434
-0.135397270321846
0.1791125386953354
0.0560486726462841
0.15226951241493225
-0.03031362034380436
-0.17842544615268707
-0.035031065344810486
0.09315267950296402
-0.11683614552021027
0.0956435576081276
0.18600155413150787
-0.14076557755470276
-0.05193111672997475
-0.07757587730884552
0.1256307065486908
-0.11136836558580399
0.14165768027305603
-0.04349834471940994
0.1342945545911789
0.14898903667926788
-0.004939085338264704
0.05550197511911392
0.02150307595729828
0.13234706223011017
0.02790658175945282
-0.11505626887083054
0.09058470278978348
0.05135275796055794
0.09616462141275406
-0.10035243630409241
-0.10463113337755203
-0.0007546052802354097
-0.0929461121559143
0.085789255797863
-0.06475544720888138
-0.18585067987442017
0.16724994778633118
-0.07609198242425919
0.06933196634054184
0.11919932067394257
-0.11098315566778183
0.12061239778995514
0.012848305515944958
0.16246768832206726
-0.10552091151475906
0.06695489585399628
-0.05588821321725845
0.12821073830127716
0.0794399082660675
0.15474393963813782
-0.10409724712371826
0.12412694841623306
0.20301061868667603
-0.10030529648065567
0.05903085321187973
-0.05819292739033699
0.11412617564201355
0.15308095514774323
0.13695000112056732
0.06948496401309967
-0.15124821662902832
-0.06420833617448807
-0.14698034524917603
-0.032935041934251785
0.08498349040746689
-0.0011831831652671099
0.12037593126296997
-0.1828450858592987
0.037114065140485764
0.03557312488555908
0.07972747832536697
-0.03491330146789551
0.11613596975803375
-0.1460804045200348
0.06414275616407394
0.05498331040143967
-0.05920186638832092
-0.00706674437969923
-0.10202866792678833
-0.13814154267311096
-0.04193137586116791
-0.02453705482184887
-0.008742372505366802
-0.04703713580965996
