0.024507712572813034
-0.10585176944732666
0.02635032869875431
0.1276027411222458
0.07521966099739075
-0.059764452278614044
-0.12769439816474915
-0.03423096612095833
0.10729130357503891
-0.04719677194952965
-0.12742933630943298
0.11653885245323181
0.09670104086399078
-0.14091303944587708
0.09356308728456497
0.0019835345447063446
0.13312622904777527
0.09489378333091736
-0.08591117709875107
-0.14717602729797363
0.1379033625125885
-0.0326215960085392
0.044045332819223404
0.1209474503993988
0.012613550759851933
-0.08978454023599625
-0.11179459095001221
-0.06843845546245575
-0.04362350329756737
0.08443132787942886
0.13674132525920868
-0.02142142318189144
-0.019191984087228775
-0.03893096372485161
0.08032841980457306
0.00396243529394269
-0.06939592212438583
0.10994051396846771
-0.17887111008167267
-0.04997764527797699
0.019656172022223473
-0.06202242523431778
0.07170073688030243
-0.028180129826068878
0.09888298809528351
0.19934889674186707
-0.07632095366716385
-0.07372304052114487
0.17434543371200562
-0.010579889640212059
0.0755748450756073
-0.10034056007862091
0.1799715757369995
-0.13564488291740417
0.16111783683300018
-0.17429354786872864
0.1460282951593399
0.11492125689983368
0.1458052098751068
0.09732162952423096
0.1383959800004959
0.026354845613241196
-0.14673703908920288
-0.008857140317559242
-0.07734052836894989
-0.1602689027786255
0.19523175060749054
-0.12255380302667618
-0.08303670585155487
0.017078252509236336
0.12805458903312683
-0.008629699237644672
-0.048165321350097656
0.13293468952178955
-0.11431584507226944
0.04918116331100464
-0.0007219194085337222
-0.07924428582191467
0.0376657210290432
0.036995504051446915
0.18075035512447357
0.09581924229860306
0.06516292691230774
0.12168223410844803
0.02169407159090042
0.018776601180434227
-0.10115378350019455
0.13255436718463898
-0.053016792982816696
0.2193857729434967
-0.056238748133182526
-0.06546936184167862
-0.04916226491332054
-0.01998182386159897
-0.12215278297662735
0.009771010838449001
-0.020870056003332138
0.04054310917854309
-0.11946993321180344
-0.12672802805900574
0.023803986608982086
0.12997226417064667
0.07194864749908447
0.12134761363267899
-0.046922966837882996
-0.0839572548866272
0.0632113516330719
-0.04674103856086731
0.032175902277231216
0.13398590683937073
0.060900453478097916
-0.12522800266742706
-0.034560851752758026
0.11580617725849152
0.02777991071343422
-0.00336734252050519
-0.1667267084121704
0.035771436989307404
0.053092893213033676
-0.06425326317548752
