0.011135860346257687
0.11079145222902298
-0.04249034821987152
0.15939997136592865
0.09722721576690674
-0.06396562606096268
0.13329753279685974
-0.007792447227984667
0.14162757992744446
-0.11663156747817993
0.15210667252540588
0.16811224818229675
0.19410869479179382
-0.04725068807601929
-0.14680854976177216
-0.14550459384918213
-0.1802559494972229
-0.12873421609401703
-0.13479851186275482
-0.016987157985568047
0.10772797465324402
-0.05668302997946739
-0.03873462975025177
-0.02074066735804081
-0.09491799771785736
-0.001292656292207539
0.08986087888479233
0.1463734358549118
0.16544070839881897
0.17241229116916656
-0.06456699222326279
0.09246791154146194
-0.12071618437767029
-0.19471603631973267
0.09837807714939117
-0.1115415170788765
0.13239403069019318
-0.014683445915579796
-0.11065205931663513
0.1077231764793396
-0.16275358200073242
-0.1479499489068985
0.15740999579429626
-0.09566829353570938
-0.13438086211681366
-0.11542917788028717
-0.11399122327566147
-0.05240810662508011
0.01770922727882862
0.1717318445444107
0.034167781472206116
0.04558228701353073
-0.21929329633712769
0.05169102922081947
-0.1068025752902031
-0.08908934891223907
0.06605146825313568
-0.11870042234659195
-0.047796934843063354
0.04932396486401558
-0.1621801108121872
-0.0407104454934597
0.09815982729196548
-0.13910773396492004
-0.09319821000099182
0.07537738233804703
0.11451587080955505
-0.0589938759803772
0.022568928077816963
-0.05610467493534088
-0.08823136985301971
-0.13518394529819489
0.14279960095882416
-0.07559578865766525
0.1135774701833725
-0.1324722170829773
-0.0733470469713211
-0.11153842508792877
-0.0029937662184238434
-0.09472381323575974
0.028269292786717415
0.14147087931632996
-0.101433664560318
0.07804255932569504
0.1115349605679512
0.15446357429027557
0.1262751966714859
0.05010461062192917
-0.06288445740938187
0.11199632287025452
-0.07255002111196518
0.14373210072517395
-0.06435545533895493
0.19562041759490967
-0.13307949900627136
-0.021057268604636192
0.08247850835323334
0.12853291630744934
0.1941114068031311
0.1307782083749771
0.08347711712121964
-0.12900705635547638
0.12742383778095245
0.08235760778188705
0.1286974400281906
-0.12130296230316162
0.11066318303346634
0.06823477149009705
-0.02776154689490795
0.13030052185058594
0.14756347239017487
-0.00591278588399291
-0.15665869414806366
-0.08008847385644913
-0.10672971606254578
-0.033838316798210144
-0.0064034052193164825
-0.12290862947702408
0.18228085339069366
-0.1829427033662796
