0.09271585196256638
-0.032609354704618454
-0.2720814347267151
0.11189431697130203
0.20310078561306
-0.31267040967941284
-0.19753152132034302
0.20898257195949554
-0.05814722925424576
0.22414638102054596
-0.187913179397583
0.056616511195898056
-0.1940026730298996
-0.10429250448942184
-0.08516038209199905
0.29463139176368713
0.008757371455430984
0.017828285694122314
0.15595857799053192
-0.13838906586170197
-0.2508414387702942
0.13734811544418335
-0.29663461446762085
0.24517390131950378
-0.22646112740039825
0.14978952705860138
0.04298323765397072
-0.24275068938732147
0.14966800808906555
0.21415075659751892
0.30896496772766113
0.3318324685096741
0.08109717071056366
-0.24988135695457458
-0.07783136516809464
0.07417959719896317
-0.0343211367726326
0.1434165984392166
-0.21282994747161865
0.031959742307662964
-0.0873851478099823
-0.32319167256355286
0.1260550320148468
-0.21464687585830688
0.2695438265800476
-0.22700518369674683
-0.10572249442338943
0.18472611904144287
-0.09747127443552017
-0.055508989840745926
-0.06076677888631821
-0.1405898630619049
-0.13540877401828766
0.16822549700737
-0.3371688425540924
-0.19273599982261658
-0.07063686847686768
0.21236154437065125
0.07092951238155365
0.20112517476081848
0.038358695805072784
-0.1260940283536911
-0.02552277222275734
-0.3170298635959625
0.08019620180130005
-0.024358876049518585
-0.27238115668296814
0.23052163422107697
-0.08182881027460098
0.036560021340847015
-0.24739569425582886
0.13242509961128235
0.012616418302059174
-0.04725266247987747
-0.23808297514915466
-0.17010313272476196
0.041468389332294464
-0.09812973439693451
-0.0358118936419487
-0.20915307104587555
-0.06868992000818253
0.1067880243062973
-0.152993306517601
-0.3033170998096466
