0.1481841653585434
0.14721322059631348
0.12459852546453476
0.020365534350275993
0.09313111752271652
-0.16715498268604279
0.10197541117668152
-0.002848263131454587
0.14918188750743866
0.12859344482421875
0.1755051165819168
0.1418415904045105
-0.03997432440519333
-0.005205528810620308
0.13471949100494385
0.13804346323013306
-0.061558157205581665
-0.10471097379922867
0.048352278769016266
-0.04657741263508797
-0.014067322947084904
-0.15299971401691437
0.02516036666929722
-0.1711256504058838
0.1321900337934494
0.06924363225698471
-0.07484447956085205
0.14093542098999023
-0.04833226650953293
-0.044704511761665344
0.1194748729467392
-0.035444360226392746
0.04725857824087143
-0.08421798795461655
0.01416255533695221
-0.19070133566856384
0.007523884531110525
0.06083869934082031
0.0887318104505539
0.0017318363534286618
0.016579126939177513
0.057014692574739456
0.14519062638282776
0.018103914335370064
-0.13970008492469788
-0.19776801764965057
-0.012640428729355335
-0.0029023962561041117
-0.09358879923820496
0.09464795142412186
-0.1702699214220047
0.20531006157398224
-0.1164865493774414
0.014705950394272804
0.003358385758474469
0.01820143312215805
-0.08354261517524719
0.031138069927692413
-0.08938080817461014
0.02223004400730133
0.019510677084326744
0.07297084480524063
0.10337605327367783
-0.004289534874260426
0.014489071443676949
-0.12749040126800537
0.07119394093751907
0.058099523186683655
0.035194601863622665
0.002823594957590103
0.12520815432071686
0.10196387022733688
-0.0969814732670784
0.00017310777911916375
0.00038821762427687645
-0.10933995991945267
0.095420241355896
0.0010640885448083282
-0.06494162976741791
-0.16954834759235382
0.03884655237197876
-0.10667112469673157
-0.1513485461473465
-0.018759258091449738
-0.12841074168682098
0.16515958309173584
0.004148723091930151
0.12104780226945877
0.1478201448917389
-0.0010736692929640412
0.0076930224895477295
-0.11832134425640106
0.004067958798259497
0.1868361383676529
-0.06090715900063515
-0.0539628230035305
-0.11131703853607178
0.014670354314148426
-0.0984765812754631
0.03724227845668793
-0.07665850967168808
-0.12067082524299622
0.013109772466123104
0.05790101736783981
0.06546810269355774
0.05968213453888893
0.04457005485892296
-0.013881093822419643
0.025866961106657982
0.14688457548618317
-0.08126245439052582
-0.10459031909704208
0.08450724929571152
-0.10176980495452881
0.04522698000073433
0.0421065092086792
0.09977813810110092
0.1060764268040657
-0.0503341369330883
-0.02062840200960636
