0.03644348308444023
0.07734813541173935
0.11682602018117905
-0.0604507252573967
0.14360661804676056
0.11907698214054108
0.08073316514492035
0.21403220295906067
0.10262531787157059
0.14253856241703033
0.08106887340545654
0.1179903894662857
-0.15175606310367584
0.003939107060432434
-0.07226064801216125
0.15147608518600464
0.0677247941493988
0.1143743097782135
0.1594534069299698
0.048760972917079926
-0.13492479920387268
-0.07945655286312103
0.01746377907693386
0.01978309638798237
0.08584987372159958
0.05048308148980141
-0.05222991853952408
-0.056221719831228256
-0.041085656732320786
-0.08323890715837479
0.04124300554394722
0.10168248414993286
-0.1130189448595047
-0.08716349303722382
0.06386887282133102
0.12962067127227783
-0.06433431804180145
-0.15811540186405182
0.025103997439146042
-0.07742541283369064
0.010717225261032581
-0.07962673902511597
-0.014956140890717506
-0.1521724909543991
0.03843624144792557
-0.054094139486551285
0.002687986707314849
0.09433792531490326
0.005014373455196619
0.054694849997758865
-0.1566801518201828
0.07768578827381134
-0.07332180440425873
-0.14805622398853302
-0.15770725905895233
-0.15369011461734772
0.07416357845067978
0.15991315245628357
-0.05285242199897766
-0.04643896222114563
0.1310381293296814
-0.02117486298084259
-0.051899150013923645
-0.04268559068441391
0.04743911325931549
0.007125181145966053
0.13068696856498718
-0.14984655380249023
-0.10403158515691757
-0.16774658858776093
0.1681268960237503
-0.01801939867436886
0.01043991930782795
-0.10201634466648102
0.09517700970172882
0.010060151107609272
0.09797966480255127
0.06692663580179214
-0.1476963609457016
-0.12041213363409042
0.1466408669948578
0.09293724596500397
0.06276226043701172
-0.0011603167513385415
0.1136089637875557
0.08276646584272385
-0.07523375749588013
0.0008007183205336332
-0.048401739448308945
0.04007074981927872
-0.050238605588674545
0.10453224182128906
-0.14003616571426392
0.020941229537129402
-0.11053211987018585
0.1360689401626587
-0.11209049075841904
-0.13588541746139526
-0.04546375945210457
0.12027065455913544
-0.1406637281179428
0.006261657923460007
0.07858766615390778
-0.13158969581127167
-0.0007042409852147102
0.05073527991771698
0.14434579014778137
-0.07104070484638214
-0.17310693860054016
-0.14271479845046997
-0.11733755469322205
0.05692947655916214
-0.007618453353643417
-0.1921367198228836
-0.08758963644504547
-0.01047695241868496
0.05605742335319519
-0.08282943069934845
0.14139367640018463
0.026635248214006424
