-0.0939086452126503
0.12717901170253754
-0.123196542263031
0.09993421286344528
0.02920827642083168
-0.002494304208084941
0.12234141677618027
-0.00969251524657011
0.13953767716884613
-0.07428312301635742
0.04043775051832199
-0.14280389249324799
0.02572450041770935
0.12778614461421967
0.06095954403281212
0.16554684937000275
-0.03919628635048866
0.132765993475914
-0.06674022972583771
-0.06368723511695862
0.1412534862756729
-0.09336153417825699
0.09899432212114334
-0.1408042460680008
-0.11416790634393692
-0.003290207125246525
-0.01991388574242592
-0.12819498777389526
-0.11334478855133057
0.13529057800769806
0.039819978177547455
0.10395354777574539
-0.053373176604509354
-0.12415380775928497
-0.015562836080789566
-0.07841037213802338
0.01826714165508747
0.17994624376296997
0.11412818729877472
-0.03476785123348236
0.11392514407634735
-0.10767919570207596
0.031463392078876495
0.10206104815006256
0.06108817085623741
-0.0752996876835823
0.1572260707616806
0.033543236553668976
0.057743288576602936
0.002733492059633136
0.1778484731912613
-0.09311194717884064
-0.18517231941223145
-0.14619563519954681
0.010549354366958141
0.07740063965320587
0.05174105241894722
-0.051027510315179825
-0.1278543472290039
0.12287119776010513
-0.016114797443151474
-0.10539714992046356
0.01156646478921175
0.039350587874650955
-0.1013857051730156
-0.1821792721748352
-0.0292270015925169
0.144035205245018
0.04061112552881241
0.13988828659057617
0.03057841770350933
0.15867002308368683
0.12829172611236572
0.16615433990955353
-0.19141054153442383
-0.06485585868358612
0.07818835228681564
0.13820746541023254
0.1715872436761856
0.037743501365184784
0.12328930199146271
0.14818748831748962
-0.02739889733493328
0.10026353597640991
0.06956493109464645
0.11826615035533905
0.007296235300600529
-0.044618770480155945
0.04117651283740997
0.10678203403949738
0.05276183411478996
0.020576730370521545
0.06677170097827911
0.03729676827788353
-0.1591125875711441
-0.09413870424032211
0.11607484519481659
-0.042762938886880875
0.05775752663612366
-0.01715981401503086
0.16721758246421814
0.18001911044120789
-0.11673961579799652
0.2024475634098053
-0.11830079555511475
0.10534560680389404
0.01416819542646408
-0.007484699133783579
-0.0689791589975357
-0.15205897390842438
-0.02115657739341259
0.10113217681646347
-0.15278570353984833
0.15752187371253967
-0.06775250285863876
0.05998289957642555
-0.09317900985479355
0.06784029304981232
0.014186091721057892
-0.15420247614383698
