-0.04701137915253639
0.10134539008140564
-0.05572929605841637
0.05710195004940033
0.16702820360660553
-0.09748877584934235
-0.055379994213581085
0.11569217592477798
-0.05242779105901718
0.07040540128946304
0.002819408429786563
-0.11193359643220901
-0.13814504444599152
-0.04447684809565544
0.05701898783445358
-0.017212361097335815
-0.012954569421708584
0.06605242192745209
-0.00036123403697274625
-0.1550111621618271
0.05143572762608528
-0.1220581904053688
-0.07541725039482117
-0.1514028012752533
-0.1564113348722458
-0.07496213912963867
0.1305001974105835
0.11239426583051682
-0.0771208181977272
-0.08660172671079636
-0.005690902471542358
0.1465732306241989
-0.15176869928836823
0.10380563884973526
0.12264760583639145
0.09651660919189453
-0.11387170851230621
-0.07522036880254745
0.03772715479135513
0.016340317204594612
0.16524961590766907
0.13505741953849792
-0.09482751786708832
0.08448455482721329
0.1641000360250473
-0.17128519713878632
0.11545263230800629
-0.026424570009112358
-0.09263529628515244
0.1307702660560608
0.1370411217212677
-0.03208758309483528
0.12998121976852417
0.07333280146121979
-0.10474975407123566
-0.16101162135601044
-0.07370788604021072
-0.05042438581585884
-0.15926703810691833
-0.10084886103868484
0.014643882401287556
0.1188371479511261
-0.0013255584053695202
0.0750255137681961
0.14440175890922546
0.052433695644140244
0.0784987360239029
0.12564125657081604
-0.14571624994277954
-0.08370613306760788
-0.05333045497536659
-0.11234600096940994
0.15729336440563202
0.04771048203110695
-0.040082577615976334
0.04857246205210686
0.09887456148862839
-0.17535056173801422
-0.012325737625360489
0.13333667814731598
0.0183414313942194
0.0009135653381235898
-0.02090659737586975
-0.061766788363456726
-0.021033629775047302
-0.06749019026756287
0.0014119042316451669
0.14250630140304565
-0.04047589749097824
-0.14384230971336365
0.13205993175506592
-0.12332531064748764
-0.049016717821359634
0.07888133823871613
0.044696222990751266
-0.07634953409433365
-0.025447405874729156
0.03632237762212753
-0.08716191351413727
-0.041131291538476944
-0.11100688576698303
0.08937215805053711
-0.1472083330154419
-0.026795249432325363
-0.04005955532193184
0.15513229370117188
0.004500753246247768
0.10558535903692245
0.11360843479633331
-0.06082092598080635
-0.16316427290439606
0.07908228784799576
0.042721226811409
0.09508141130208969
0.056797366589307785
0.13459819555282593
-0.0005462105618789792
0.13399669528007507
-0.017066698521375656
-0.13969489932060242
