0.09557487815618515
0.019777435809373856
0.08544132858514786
-0.05867413058876991
0.10552049428224564
0.06406804174184799
-0.11923573166131973
0.1431494951248169
0.029282396659255028
-0.02000340260565281
0.1288384646177292
0.17463018000125885
0.004570918157696724
-0.1394413262605667
0.012785532511770725
-0.04860326275229454
-0.006087039597332478
-0.08210469037294388
0.133702352643013
0.07205972820520401
-0.09582071006298065
0.06061697378754616
0.05787643790245056
0.054975539445877075
0.0038107133004814386
-0.029046807438135147
-0.05244427174329758
0.06712432950735092
0.15021935105323792
0.018027737736701965
-0.0045914798974990845
-0.11490430682897568
-0.004412512294948101
-0.0392831414937973
0.10265735536813736
0.09645241498947144
-0.039322320371866226
-0.13107901811599731
-0.14843985438346863
-0.13893429934978485
-0.05429265648126602
0.0419173426926136
-0.0836925283074379
0.03177160397171974
0.029221713542938232
-0.118627168238163
0.14674971997737885
-0.11069159209728241
-0.12176081538200378
0.16197729110717773
0.12075971066951752
0.07367731630802155
0.044495172798633575
-0.10266394913196564
-0.006180118769407272
0.03126009926199913
-0.09444194287061691
-0.16599395871162415
-0.15281204879283905
0.015399766154587269
0.030326560139656067
-0.04334098845720291
0.02600383758544922
-0.11637073010206223
-0.14834284782409668
-0.03743360564112663
-0.004840669222176075
-0.04658227786421776
0.046049222350120544
0.06239037215709686
0.12149167060852051
0.1370495855808258
-0.1313350796699524
-0.12176468223333359
-0.08219112455844879
-0.07172171771526337
-0.13412268459796906
-0.050126731395721436
-0.14800330996513367
-0.0465824119746685
-0.050319086760282516
-0.03430808335542679
-0.027034807950258255
-0.031917113810777664
0.08106346428394318
-0.06235664710402489
0.01691705547273159
-0.030920732766389847
0.14294414222240448
0.1741763949394226
-0.08421089500188828
-0.012597999535501003
-0.10282383859157562
-0.046936262398958206
0.08766385167837143
-0.16035954654216766
0.14397844672203064
0.13228696584701538
0.011150316335260868
-0.08040287345647812
-0.11080250889062881
0.16468968987464905
-0.10671345144510269
0.09527483582496643
-0.15199565887451172
-0.04326862841844559
-0.13406865298748016
-0.12249875068664551
-0.047333404421806335
0.05369267240166664
-0.1554463505744934
-0.1238471195101738
-0.047696903347969055
0.028572292998433113
0.013200977817177773
0.038771163672208786
-0.12998057901859283
-0.06732750684022903
0.03883727267384529
0.15316957235336304
