0.03639913722872734
0.11716319620609283
-0.0963270291686058
0.10017289221286774
-0.12647117674350739
0.07894217222929001
0.08876809477806091
-0.02034137025475502
-0.1477239578962326
0.06356212496757507
-0.07474944740533829
-0.1864679902791977
0.1590910404920578
-0.0797966718673706
-0.15464463829994202
0.15951016545295715
0.04192373901605606
0.03140190616250038
-0.11986707895994186
-0.10574090480804443
0.16773256659507751
0.029801247641444206
0.14058499038219452
0.002749713370576501
0.11513937264680862
-0.028536144644021988
0.14589379727840424
0.0994872972369194
-0.13793843984603882
0.11279318481683731
0.1545359343290329
-0.062017347663640976
-0.16889864206314087
0.1314612776041031
0.06153907626867294
-0.007750611752271652
-0.16569072008132935
0.006805140990763903
0.048197388648986816
0.11154407262802124
0.04255420342087746
-0.02292029745876789
-0.1335853636264801
-0.15543027222156525
-0.016131028532981873
0.10564586520195007
0.08325732499361038
-0.01698269695043564
-0.062496788799762726
-0.07878938317298889
0.15080079436302185
0.13305240869522095
0.17894825339317322
-0.10705232620239258
-0.06152469292283058
0.021900882944464684
-0.0007280969293788075
-0.1421259343624115
0.08588505536317825
0.07352565228939056
-0.05444922670722008
-0.0892815887928009
0.03140554577112198
-0.1041882336139679
-0.002037573605775833
-0.1510024517774582
0.06618665903806686
-0.17071668803691864
-0.06538098305463791
0.10827265679836273
0.050847478210926056
-0.06586726009845734
-0.06284738332033157
-0.1907414048910141
0.06752108782529831
0.00557262497022748
-0.011965950950980186
0.0022674768697470427
0.05328923836350441
0.07275709509849548
0.12516017258167267
-0.04066290333867073
0.11400554329156876
0.11382788419723511
-0.025321876630187035
-0.06237389147281647
0.15242281556129456
0.04307163506746292
0.08713313192129135
-0.1155729591846466
-0.09411304444074631
0.0360884852707386
0.15998409688472748
0.01820211485028267
-0.05178408697247505
0.13353031873703003
0.04157182574272156
0.1345473974943161
0.02000350132584572
-0.07103005051612854
-0.14843416213989258
0.06556768715381622
-0.07959713041782379
0.12328599393367767
-0.02475740574300289
-0.09017429500818253
-0.13877961039543152
-0.14442989230155945
0.06510685384273529
0.15649014711380005
0.0006032530218362808
-0.07572751492261887
0.15335361659526825
-0.1588478833436966
-0.06974636018276215
0.028815999627113342
0.17098361253738403
0.01506615336984396
0.14629264175891876
-0.014807065948843956
