0.1132795661687851
0.14935645461082458
0.052085332572460175
-0.10458655655384064
-0.033610254526138306
0.001162355882115662
-0.12750260531902313
0.10759240388870239
-0.10931751877069473
-0.04584266617894173
0.12593866884708405
0.09322406351566315
0.018425067886710167
-0.16766387224197388
-0.09912536293268204
0.10141810029745102
-0.08075472712516785
0.15169674158096313
0.06142158433794975
0.1468997448682785
0.13857606053352356
0.01665862835943699
-0.11832942068576813
0.09982568025588989
0.15783117711544037
0.023969603702425957
0.024089697748422623
-0.06574651598930359
-0.023623893037438393
0.0005766383837908506
0.08958576619625092
-0.1045108512043953
-0.13259445130825043
-0.0905570462346077
-0.09913786500692368
-0.029054176062345505
0.04012308642268181
-0.0775681808590889
0.06495977938175201
-0.15083718299865723
0.050567079335451126
-0.15123121440410614
-0.021358048543334007
-0.05682084336876869
0.12771843373775482
0.1056455746293068
-0.026247959583997726
-0.10602549463510513
-0.14922645688056946
-0.04876043647527695
-0.12867218255996704
0.052555955946445465
-0.01115891057997942
0.13268843293190002
0.013597560115158558
-0.1614113450050354
0.14639799296855927
-0.07504445314407349
0.12311749905347824
0.08881140500307083
0.1961197555065155
0.019900428131222725
-0.16704609990119934
0.060037411749362946
0.10369005799293518
-0.02283235639333725
0.057723112404346466
-0.02342517301440239
-0.046527694910764694
-0.08145714551210403
0.09677540510892868
0.1210051029920578
-0.03934884071350098
-0.09875073283910751
0.0787164494395256
-0.050086770206689835
-0.0845707356929779
0.14203333854675293
0.021875863894820213
-0.1478935331106186
-0.10624126344919205
0.1366807222366333
0.07837951183319092
-0.10235214978456497
0.155593141913414
0.05543593317270279
0.11001703888177872
-0.14360858500003815
-0.08093219250440598
0.1364460438489914
-0.15019020438194275
-0.09816629439592361
0.09545526653528214
0.11412371695041656
0.051924221217632294
0.11038273572921753
0.07563801854848862
-0.037043891847133636
0.008548565208911896
0.04883098602294922
-0.11157605797052383
0.06516861915588379
0.10260526090860367
-0.17768126726150513
-0.06496981531381607
-0.08229853212833405
-0.09042321145534515
0.10182156413793564
0.08968915790319443
-0.07973460108041763
-0.027814876288175583
0.0880097895860672
0.08797592669725418
-0.08297998458147049
-0.14533935487270355
0.15728817880153656
0.03198746591806412
0.07729170471429825
-0.14075347781181335
-0.11610176414251328
