0.05418600142002106
0.13790254294872284
0.07481902092695236
0.16531577706336975
0.08039350807666779
0.11499536037445068
0.15724162757396698
0.06339184194803238
-0.13705986738204956
-0.017591869458556175
-0.01452115923166275
0.17437584698200226
0.06363962590694427
-0.0977569967508316
-0.005881953053176403
0.05157264322042465
-0.192048579454422
-0.036968477070331573
0.19567753374576569
0.16052448749542236
0.011813642457127571
-0.07149098813533783
0.04851195216178894
0.12148986756801605
0.03725871071219444
0.06920095533132553
0.04041587561368942
-0.13810303807258606
0.15948578715324402
-0.027827180922031403
-0.07424075901508331
0.030869804322719574
0.01874888688325882
-0.04719797894358635
-0.1745748668909073
0.08262030780315399
0.08836328238248825
0.12577784061431885
-0.11351519823074341
0.11878415197134018
-0.0396578423678875
-0.11529844254255295
0.15455926954746246
-0.09752210974693298
-0.038519974797964096
-0.06133831664919853
-0.05850988253951073
0.035141754895448685
0.17899666726589203
0.15837331116199493
-0.04425545781850815
0.01643034629523754
-0.04797590151429176
0.1523626446723938
-0.10286074131727219
0.1496719866991043
0.15639735758304596
0.15715481340885162
0.014074246399104595
-0.02866874821484089
-0.20278890430927277
-0.06089972332119942
0.16017603874206543
0.010090453550219536
-0.16109727323055267
-0.14636921882629395
-0.10109077394008636
0.10224515199661255
0.07803227007389069
-0.10171550512313843
0.1628701537847519
0.04957732558250427
0.03514545410871506
-0.15203209221363068
-0.1934008002281189
0.01145861390978098
-0.006751165259629488
-0.1548536866903305
0.09973756223917007
0.14770880341529846
0.09457382559776306
-0.18831494450569153
-0.014005604200065136
-0.10437241941690445
-0.09575911611318588
0.08345445990562439
-0.15683545172214508
-0.18105556070804596
-0.15816877782344818
-0.03937264531850815
0.13265550136566162
-0.18729820847511292
0.1503535658121109
0.025274982675909996
0.09728088974952698
-0.013893922790884972
-0.09679713845252991
0.05702650547027588
0.1458253264427185
0.008680110797286034
-0.1075107529759407
-0.06424917280673981
0.012512532994151115
0.15638570487499237
0.008101290091872215
-0.07002650201320648
0.15206225216388702
-0.15369245409965515
0.12201659381389618
-0.05636754259467125
0.11026153713464737
-0.16020166873931885
-0.10241478681564331
0.0010272067738696933
0.10538201034069061
0.12101991474628448
-0.04941181093454361
-0.1056513860821724
0.10689136385917664
0.12385708093643188
