-0.05226224660873413
0.11232144385576248
-0.0940309539437294
-0.04029493406414986
-0.1398428976535797
-0.09611240029335022
-0.05556884780526161
-0.18126460909843445
-0.1727772355079651
-0.1306392252445221
-0.15873561799526215
-0.11370471119880676
-0.14420665800571442
-0.1599513739347458
-0.05309078469872475
-0.17854687571525574
-0.07255981862545013
0.021382739767432213
-0.11943936347961426
-0.03756273165345192
0.1300310492515564
-0.13870307803153992
0.17919163405895233
-0.0019006809452548623
0.0827944204211235
0.10734240710735321
-0.09316640347242355
0.09878326207399368
0.04208220914006233
-0.034668147563934326
0.05896221101284027
-0.17114457488059998
0.08581838011741638
0.07037702947854996
0.07894384115934372
-0.10705782473087311
-0.044004447758197784
0.048458654433488846
0.11708380281925201
0.16537058353424072
0.13231344521045685
0.1416451632976532
0.06805679202079773
0.09209852665662766
-0.14751717448234558
-0.06190090253949165
-0.1662946194410324
-0.0563528798520565
0.021037189289927483
0.18854112923145294
0.0804365798830986
0.10072027891874313
-0.15721279382705688
0.1707349568605423
0.11202725023031235
0.013859263621270657
-0.1050519198179245
-0.1150088757276535
0.18418069183826447
-0.05347335338592529
-0.0570741668343544
0.18996290862560272
-0.1648503839969635
-0.08718594163656235
-0.15078087151050568
-0.10307806730270386
0.07977207005023956
-0.009335006587207317
0.06872137635946274
-0.04250648617744446
0.11660514026880264
0.13598684966564178
-0.12878282368183136
0.013035659678280354
0.08467668294906616
-0.008036251179873943
0.11290958523750305
-0.11382286995649338
0.0006150563131086528
-0.12905266880989075
-0.017439592629671097
-0.11038695275783539
-0.00854216143488884
0.002549986820667982
0.11312825232744217
0.17932963371276855
-0.05944520980119705
-0.039905350655317307
-0.05675531178712845
0.008451685309410095
0.040133025497198105
-0.16826346516609192
0.15411177277565002
-0.07783578336238861
-0.10621979087591171
-0.10722007602453232
0.17799441516399384
0.11169663816690445
0.12505647540092468
0.10059332102537155
0.012943138368427753
0.10972163826227188
0.15090130269527435
0.028742289170622826
-0.07088639587163925
-0.11312960088253021
0.07033661752939224
0.13159608840942383
0.1936848759651184
0.03940118849277496
0.11716164648532867
0.1012227013707161
-0.05147137865424156
0.11738508939743042
-0.13558036088943481
-0.008441666141152382
-0.13340021669864655
-0.12319428473711014
-0.05986599996685982
-0.09869152307510376
