-0.11893007159233093
0.13513891398906708
-0.013533312827348709
-0.128249853849411
-0.0752144455909729
0.14633533358573914
0.019457630813121796
0.1389986127614975
-0.16366225481033325
0.0652412548661232
0.043702542781829834
0.08432384580373764
0.021971458569169044
-0.12577620148658752
-0.06822577118873596
0.07042033225297928
0.14513231813907623
-0.037467699497938156
0.013812105171382427
0.03507527336478233
0.07180394232273102
-0.045450881123542786
-0.14503717422485352
-0.07754271477460861
-0.09906967729330063
0.04209885001182556
-0.08737102150917053
0.006230424623936415
0.136781245470047
0.04139622300863266
-0.1658591628074646
-0.14267855882644653
-0.09469076246023178
0.050066400319337845
0.01727086864411831
-0.027751583606004715
-0.06316301971673965
0.0327909030020237
0.04071785882115364
0.11241385340690613
0.03941670060157776
-0.003329835133627057
0.0555989071726799
0.03557372838258743
-0.1212461069226265
-0.003494408680126071
-0.11958956718444824
-0.03738309442996979
0.051225218921899796
0.021318310871720314
-0.03533463552594185
0.14250275492668152
0.0767323449254036
0.058503665030002594
-0.15825925767421722
-0.05904410779476166
-0.07513286918401718
0.052155718207359314
0.20628121495246887
0.13976924121379852
0.07385127246379852
-0.06832849979400635
-0.1666068434715271
-0.03861396387219429
0.018821125850081444
0.005457303952425718
0.06855445355176926
-0.05735131725668907
0.012865886092185974
0.0759643167257309
-0.12966322898864746
0.03930319845676422
-0.09453196823596954
-0.060650959610939026
0.03860705718398094
0.022523127496242523
0.15530702471733093
0.011822396889328957
-0.10732149332761765
0.05249858275055885
-0.16351918876171112
-0.004046673886477947
0.1009034514427185
0.17296653985977173
-0.11219518631696701
-0.10131274163722992
0.01814040169119835
0.10596787184476852
0.08773845434188843
-0.08843567967414856
-0.12911716103553772
-0.1861901879310608
-0.024886470288038254
0.08866802603006363
0.02933223359286785
0.005972885061055422
0.17602048814296722
0.16647285223007202
0.14145754277706146
0.1292869746685028
0.10607856512069702
0.11717130243778229
0.018986551091074944
0.16671131551265717
-0.05743562430143356
0.10622558742761612
-0.003064571414142847
0.014740290120244026
0.00014325442316476256
-0.07476574927568436
-0.09638496488332748
0.13073688745498657
0.015829190611839294
-0.06663580238819122
-0.2162235677242279
0.15583202242851257
-0.11591669917106628
0.17672039568424225
0.17208550870418549
-0.060669366270303726
