0.13718603551387787
-0.09263688325881958
0.004941585939377546
0.003050653263926506
0.10612655431032181
-0.08699289709329605
0.01347405556589365
0.1370382010936737
0.05858561769127846
-0.07548373937606812
0.1672688126564026
-0.076935313642025
-0.09041289240121841
0.20410224795341492
0.03446771204471588
0.10961741209030151
0.15045081079006195
-0.12178309261798859
-0.187855526804924
0.09343697875738144
0.09504625201225281
-0.039490584284067154
0.13753215968608856
0.02314305305480957
-0.13819392025470734
-0.019967397674918175
0.06192765757441521
0.0374889113008976
-0.05846160277724266
-0.09421186149120331
0.16219866275787354
0.06668651849031448
0.04040408879518509
-0.05945206433534622
0.19010663032531738
-0.21353334188461304
-0.1424155831336975
0.1757771074771881
-0.10583236813545227
-0.0804353877902031
0.0427216961979866
-0.13514548540115356
-0.1450342983007431
-0.06287340819835663
-0.07118380814790726
0.20106171071529388
-0.0011986522004008293
0.12501424551010132
-0.09314620494842529
0.10430070012807846
-0.1794668734073639
0.03520084545016289
-0.1490616649389267
-0.05690653622150421
-0.18027755618095398
-0.15749551355838776
-0.1062135249376297
-0.09610296040773392
0.10458696633577347
0.11031574755907059
0.20139475166797638
-0.053075067698955536
0.1181904524564743
0.15698549151420593
0.06985130906105042
-0.10799437761306763
0.06126311793923378
-0.058233313262462616
0.1589476466178894
-0.032236579805612564
-0.06379998475313187
-0.02844354324042797
-0.09690545499324799
0.08848923444747925
0.16846981644630432
-0.04899952933192253
-0.01584862731397152
0.15517055988311768
0.07219107449054718
-0.0226371381431818
-0.01808638870716095
0.13148681819438934
0.17513900995254517
-0.04913271963596344
-0.015659216791391373
0.2074187695980072
-0.026392560452222824
0.08995439112186432
-0.1316760629415512
0.15390920639038086
0.14749228954315186
0.0641874223947525
-0.1286775916814804
-0.06961873918771744
0.05412333458662033
0.1429753452539444
0.13548631966114044
0.045937296003103256
-0.12634243071079254
0.11341165751218796
-0.004648307804018259
-0.09188727289438248
-0.03673042356967926
-0.08071605116128922
-0.042542267590761185
-0.06434901803731918
-0.15135376155376434
0.03698423504829407
0.1494101881980896
-0.07768937945365906
0.05824407935142517
-0.18628980219364166
0.15792326629161835
0.09404657036066055
0.1499747633934021
-0.1643793284893036
-0.07398758828639984
-0.1253553330898285
-0.14198067784309387
-0.170713871717453
