-0.05962862819433212
-0.0758742243051529
0.0705430805683136
0.14011049270629883
0.11714998632669449
0.14268101751804352
-0.16903801262378693
-0.07114162296056747
0.10473722219467163
0.08256356418132782
-0.15870462357997894
0.012542076408863068
0.03290416672825813
0.041369110345840454
0.14907194674015045
-0.02930411882698536
0.04148407280445099
-0.10817225277423859
-0.022216472774744034
0.16437478363513947
-0.12041175365447998
-0.003009613137692213
-0.11358398199081421
-0.05994824692606926
0.15676432847976685
0.0546129047870636
0.14493489265441895
-0.10355526208877563
0.13732962310314178
-0.053305983543395996
0.048073966056108475
0.14067156612873077
-0.09456155449151993
-0.037668950855731964
0.04616805911064148
-0.05757606402039528
0.15896949172019958
-0.13013027608394623
-0.03467319905757904
0.03157205507159233
-0.11989860236644745
-0.02349657379090786
-0.15905015170574188
-0.12485329061746597
0.07646305114030838
0.07775770127773285
0.004757035057991743
-0.03303029015660286
-0.017405562102794647
0.0387638658285141
0.01535767875611782
0.07495875656604767
-0.0235427375882864
-0.06069672852754593
-0.050662245601415634
-0.11967038363218307
-0.08271852880716324
0.025872327387332916
0.10252714157104492
-0.028540318831801414
-0.08302443474531174
0.057343870401382446
-0.053395193070173264
0.016606537625193596
0.05898188799619675
0.016743402928113937
0.07497329264879227
0.1016126498579979
-0.174077108502388
0.04373440146446228
-0.008002898655831814
0.04160836338996887
0.07096872478723526
-0.12103817611932755
-0.11862298101186752
0.0060189818032085896
-0.020932873710989952
-0.013093048706650734
-0.06741571426391602
-0.1743496060371399
-0.07527768611907959
0.047018785029649734
-0.01566215232014656
0.029651910066604614
0.14822441339492798
0.002990804146975279
0.15056748688220978
-0.04439549520611763
-0.06705908477306366
-0.14938032627105713
-0.17422422766685486
0.072746142745018
0.07415372878313065
0.09369075298309326
-0.04040129482746124
0.09930522739887238
0.046834517270326614
-0.16006894409656525
0.06420035660266876
-0.11460484564304352
0.0209200419485569
0.1309131234884262
-0.14928099513053894
-0.12846006453037262
-0.03166545554995537
0.038835424929857254
0.15858031809329987
0.03965302184224129
-0.029672134667634964
0.16882012784481049
0.016024969518184662
0.12124694138765335
0.093898706138134
-0.004377260804176331
0.14209425449371338
0.10235504060983658
-0.018175719305872917
0.08283041417598724
0.06813883036375046
-0.14835400879383087
