-0.04814279451966286
-0.1190016120672226
-0.14335447549819946
-0.13626566529273987
0.008130976930260658
-0.12165150046348572
0.11989044398069382
-0.09191039949655533
0.0994197279214859
0.1558789610862732
-0.11901339143514633
-0.05992339923977852
0.0073934136889874935
0.11795788258314133
0.06288854777812958
0.030626697465777397
-0.16366568207740784
-0.13725408911705017
-0.07638389617204666
-0.08605743199586868
0.1279516965150833
-0.17128469049930573
0.13475401699543
-0.170339435338974
0.0646154135465622
-0.04856358841061592
0.14519339799880981
-0.0005868636071681976
0.016168585047125816
0.016068467870354652
0.13756750524044037
-0.10508383065462112
0.030838211998343468
-0.049857933074235916
-0.09111131727695465
-0.02271966263651848
0.008626073598861694
-0.12457917630672455
-0.10608291625976562
-0.11402510851621628
0.075463205575943
0.145725816488266
-0.04615364968776703
-0.16567644476890564
0.0138939768075943
-0.13556185364723206
-0.06147238239645958
0.13113990426063538
0.1106879934668541
-0.04090185835957527
-0.08648712188005447
0.0519600436091423
-0.10775046050548553
0.14290335774421692
0.11795425415039062
-0.03625016659498215
0.11359649896621704
0.023832684382796288
-0.029128538444638252
-0.02246444672346115
-0.006738864816725254
-0.0149363549426198
-0.11068858951330185
0.11733829975128174
0.12498313188552856
-0.10492118448019028
0.1305985301733017
-0.1593981832265854
-0.013605047948658466
0.15596608817577362
0.156375452876091
0.15773141384124756
-0.12205778062343597
0.041217513382434845
0.015153084881603718
0.07962441444396973
0.1466638594865799
-0.05016205459833145
0.1092008724808693
0.12774430215358734
0.15391463041305542
-0.0776590034365654
0.04497925192117691
-0.1649508774280548
0.08943109214305878
-0.05565910041332245
-0.14868129789829254
0.09966658055782318
-0.0038895034231245518
-0.12206586450338364
0.01929871365427971
-0.1353415846824646
-0.018772270530462265
-0.010009012185037136
-0.010578959248960018
-0.16624462604522705
0.10593758523464203
0.07001347094774246
0.044937580823898315
-0.10682748258113861
0.06746275722980499
-0.034954048693180084
0.09046418219804764
-0.03040570206940174
0.040783826261758804
0.07369116693735123
0.04166586324572563
0.143475741147995
-0.06390812247991562
-0.00989439245313406
-0.1344982087612152
-0.06296414136886597
-0.13167625665664673
0.07296942919492722
-0.03902538865804672
-0.011323976330459118
-0.03776504844427109
-0.04310930520296097
0.08089287579059601
0.14748579263687134
