0.0036131376400589943
0.11135891079902649
-0.019100509583950043
0.18247798085212708
-0.11390597373247147
0.16388657689094543
0.01664295792579651
-0.05185063183307648
0.05372040346264839
0.007833721116185188
0.04571351036429405
0.0405404269695282
0.1282024383544922
-0.12548786401748657
-0.07391345500946045
0.0008385267574340105
0.16155540943145752
-0.07787758857011795
0.09423311799764633
-0.14236660301685333
0.004976261407136917
0.16283179819583893
0.07349259406328201
-0.013849418610334396
0.014278977178037167
0.08692386746406555
-0.07265610247850418
-0.07957883179187775
0.13887736201286316
0.064005047082901
-0.04732212424278259
-0.03572409227490425
0.11349087208509445
-0.031394876539707184
-0.0065696933306753635
-0.15871275961399078
-0.10285556316375732
0.03596283867955208
0.030010173097252846
-0.14871074259281158
0.006480065174400806
-0.11155030131340027
-0.13109862804412842
0.1561167985200882
-0.09693751484155655
0.07681666314601898
-0.06722740828990936
0.09881282597780228
-0.18078912794589996
0.06859064102172852
-0.00026136168162338436
-0.03536725789308548
-0.023667054250836372
0.01651022396981716
0.055805839598178864
-0.011314698494970798
0.08969863504171371
0.04474304988980293
0.01399227511137724
0.1665734201669693
-0.029416559264063835
-0.02742578461766243
-0.00018356299551669508
-0.05858951434493065
-0.17524199187755585
-0.004811815917491913
-0.15871889889240265
-0.03330225870013237
-0.07041595876216888
-0.03291976451873779
-0.023633286356925964
0.026803966611623764
0.006976187229156494
0.13683056831359863
-0.18397462368011475
0.08285803347826004
-0.039001211524009705
-0.007121647708117962
0.16517849266529083
0.1312086135149002
0.07692112773656845
-0.12261882424354553
0.1654692143201828
-0.07908814400434494
-0.14198176562786102
0.0953940600156784
-0.04168085753917694
-0.04088874161243439
-0.07187134772539139
-0.10220514237880707
0.11455834656953812
-0.1396392583847046
0.1546470671892166
-0.1528586596250534
-0.03678373619914055
-0.1585325449705124
-0.07940667867660522
-0.11699039489030838
0.09591072797775269
-0.011732786893844604
0.07681557536125183
0.1349562555551529
0.06474122405052185
0.03694495931267738
0.1449960470199585
0.10171771049499512
0.12322864681482315
-0.06968700885772705
0.017933063209056854
0.13320954144001007
0.08831614255905151
0.10883843153715134
-0.07589580863714218
-0.1075352355837822
0.07408368587493896
0.13978727161884308
-0.006377724930644035
-0.11566001921892166
0.06671103835105896
-0.1728021800518036
