-0.13407191634178162
0.18708433210849762
0.007468750234693289
-0.15542344748973846
-0.1799965649843216
0.009709535166621208
-0.1365637332201004
-0.13897475600242615
-0.06435736268758774
0.09928430616855621
-0.03360241279006004
0.1541587859392166
-0.10680790990591049
-0.06800927966833115
0.005868947133421898
-0.16108179092407227
-0.0018018210539594293
0.14758102595806122
-0.1568969041109085
0.16538873314857483
0.0051808529533445835
-0.09791450202465057
-0.055009279400110245
0.035188522189855576
0.11690712720155716
0.1609799712896347
-0.08987189084291458
0.11345114558935165
-0.07409368455410004
-0.158176988363266
0.13863308727741241
0.14585579931735992
0.14515992999076843
-0.018881523981690407
-0.08058421313762665
-0.12203319370746613
0.005199775565415621
-0.167509064078331
0.00017994907102547586
-0.003022132907062769
0.09855040907859802
-0.03616049140691757
0.1738613098859787
-0.15768851339817047
-0.12909705936908722
-0.15113843977451324
-0.150504469871521
-0.04691961780190468
0.04267188161611557
0.16416184604167938
0.19377247989177704
-0.11330524832010269
-0.009480218403041363
0.08935123682022095
0.0558767132461071
-0.06982218474149704
-0.03580831363797188
-0.02746584080159664
-0.15718786418437958
-0.017478350549936295
-0.019559018313884735
-0.12599138915538788
-0.07474872469902039
0.08076954632997513
-0.009777313098311424
-0.16067229211330414
-0.056019045412540436
0.09901507943868637
-0.11341870576143265
-0.08726567775011063
-0.13534866273403168
0.07430649548768997
0.1611059159040451
-0.005398525856435299
0.218816339969635
0.05430928245186806
0.09930723160505295
0.07760923355817795
0.15466071665287018
-0.13085491955280304
-0.1931179314851761
0.04073474556207657
-0.029948627576231956
0.13342909514904022
0.16031679511070251
-0.17030169069766998
0.16066017746925354
0.0063130855560302734
0.1673102229833603
0.1354304850101471
-0.05481775477528572
-0.04071911796927452
-0.07686822861433029
0.021832646802067757
0.0735359936952591
0.0469922311604023
0.03378032147884369
0.0035906804259866476
0.11934866011142731
-0.025941047817468643
-0.12468989938497543
0.11756458133459091
0.1286395639181137
-0.06550966948270798
0.01897541992366314
0.049553774297237396
0.011460965499281883
-0.1466781497001648
-0.07907033711671829
-0.1398361474275589
0.18270255625247955
-0.1465771496295929
-0.012863737531006336
-0.06526070833206177
0.058014124631881714
-0.09289984405040741
0.05891985818743706
0.09349336475133896
0.11514618992805481
-0.12542171776294708
