-0.08616359531879425
-0.13807952404022217
0.1426396518945694
0.02306932769715786
-0.15761037170886993
0.08825232088565826
-0.09355872869491577
0.02301260083913803
0.09076833724975586
-0.10499496012926102
-0.04026953876018524
0.10720773041248322
-0.12789560854434967
0.03668630123138428
0.04007695987820625
0.04672447219491005
-0.1710071563720703
-0.08960989862680435
-0.17039573192596436
0.09788845479488373
0.13236784934997559
-0.15390358865261078
0.07310761511325836
0.01462620496749878
0.16327136754989624
-0.16323287785053253
0.11453146487474442
0.05179566890001297
-0.005818148143589497
-0.07742645591497421
-0.10655689239501953
-0.1591695249080658
0.1221037209033966
0.07852791994810104
-0.06321307271718979
-0.1548900455236435
0.030132576823234558
0.02473708987236023
-0.07659253478050232
-0.036963142454624176
-0.16414044797420502
0.08067396283149719
-0.149571493268013
-0.10296168178319931
0.09984777867794037
-0.08530402928590775
0.12081371247768402
-0.0735730305314064
-0.06220809742808342
-0.040306176990270615
0.12666578590869904
0.03296300023794174
-0.06950147449970245
-0.15928666293621063
0.01976071111857891
-0.04732978716492653
-0.07622087001800537
-0.10544167459011078
-0.06382273882627487
0.0075202155858278275
-0.1517835259437561
0.14971260726451874
-0.01916283741593361
0.08862562477588654
0.16001690924167633
-0.10055787861347198
0.0467565655708313
-0.10730958729982376
0.10617935657501221
-0.08289176225662231
0.004329628311097622
-0.1423424333333969
-0.16834194958209991
0.012021546252071857
0.02007928118109703
0.0953885093331337
0.07686113566160202
-0.08806045353412628
0.10057522356510162
-0.09369795024394989
-0.02852722816169262
-0.07813122123479843
-0.1635972410440445
-0.03236709162592888
-0.06958698481321335
-0.10576662421226501
0.04717356711626053
-0.15498162806034088
-0.08930104225873947
-0.1074981614947319
0.14868181943893433
-0.06660200655460358
0.09873070567846298
-0.018961133435368538
-0.15568575263023376
0.12302455306053162
0.15426355600357056
0.06311876326799393
-0.008186718448996544
-0.16863982379436493
-0.029362188652157784
-0.15949667990207672
0.09015429764986038
0.12143505364656448
-0.04162167012691498
-0.08814579993486404
0.047651708126068115
-0.11536230891942978
-0.1377810686826706
0.1609102338552475
-0.05918796360492706
0.004582843743264675
0.12232924997806549
0.0030034841038286686
0.11437699943780899
-0.038883026689291
-0.10654963552951813
-0.13166333734989166
-0.14262427389621735
-0.11750973016023636
