0.15768414735794067
0.15146499872207642
-0.10787657648324966
0.07875881344079971
0.1621275693178177
-0.11992418766021729
0.05748448520898819
-0.031137757003307343
0.024553121998906136
0.009427366778254509
0.04007174074649811
0.11106809228658676
-0.1497039794921875
0.1421414613723755
0.08406850695610046
0.17885896563529968
0.08277379721403122
0.20536589622497559
-0.09459085762500763
0.15070420503616333
-0.08912812173366547
-0.12403278797864914
-0.165283203125
0.01786527968943119
0.09219619631767273
0.17150399088859558
-0.1844947189092636
0.2034638375043869
0.030076412484049797
0.008280578069388866
-0.03571426123380661
0.009655536152422428
-0.04090902581810951
0.06429459154605865
-0.15193642675876617
0.018071942031383514
-0.06459502130746841
0.10464300215244293
-0.11978073418140411
0.1337595283985138
-0.012186006642878056
-0.11601924896240234
-0.07870211452245712
0.02915184386074543
0.15525242686271667
0.0397377572953701
-0.03871552646160126
-0.08381333947181702
0.1442476063966751
-0.1540399044752121
0.06507410109043121
0.041018083691596985
0.1871001124382019
0.09534863382577896
0.0613313764333725
-0.1775618940591812
0.00582667114213109
0.03568973392248154
-0.1596229374408722
0.08779703080654144
-0.14583653211593628
0.1416628062725067
-0.09756238013505936
-0.14458006620407104
-0.08671869337558746
-0.16424229741096497
0.14432714879512787
0.07859756797552109
0.05106962099671364
0.020089715719223022
0.14517520368099213
-0.017966359853744507
0.01370963640511036
-0.10163281857967377
0.030111046507954597
0.06605551391839981
0.1469620168209076
0.08986178040504456
0.1833641678094864
-0.03258456662297249
-0.04411202669143677
0.014971856959164143
0.15863104164600372
-0.05634628236293793
0.037256158888339996
-0.08138028532266617
-0.09982676059007645
0.11212838441133499
0.1100703552365303
0.037468183785676956
0.1285494863986969
-0.1782451719045639
0.17526963353157043
-0.07861504703760147
-0.1850806623697281
0.04970474913716316
-0.035731587558984756
0.03944304212927818
-0.01713963970541954
-0.018870361149311066
-0.11654102057218552
-0.09998080879449844
0.041270866990089417
0.1785159409046173
0.09260889142751694
0.09021205455064774
-0.04403895139694214
0.006778351962566376
-0.10850419104099274
0.008825392462313175
-0.09866713732481003
0.03019498847424984
0.019177233800292015
0.03449399396777153
-0.18900585174560547
-0.04698886722326279
-0.14382091164588928
0.11961749941110611
0.0441448949277401
-0.14931154251098633
