0.006951375398784876
-0.03637002408504486
-0.11868522316217422
-0.07564542442560196
0.0504755973815918
0.0999402180314064
-0.14731761813163757
-0.021441053599119186
-0.0050368113443255424
-0.047523148357868195
-0.006659159902483225
-0.01676602102816105
0.02758343704044819
0.10123655200004578
0.1648562103509903
-0.14924556016921997
-0.06518058478832245
-0.08147212862968445
0.04325038939714432
-0.09928721189498901
0.05330996215343475
-0.141698956489563
0.13214929401874542
-0.10083399713039398
-0.09757557511329651
0.05107012391090393
0.012606670148670673
0.02616923861205578
-0.07291927188634872
-0.05473442003130913
0.060380883514881134
0.04023893177509308
-0.09684669971466064
-0.1624903678894043
-0.14569918811321259
-0.09333515167236328
0.17075961828231812
0.13067486882209778
0.14838069677352905
0.12878605723381042
-0.055801138281822205
-0.1595780998468399
0.0887683555483818
-0.1265392005443573
0.03792213276028633
0.13346634805202484
0.07294675707817078
-0.06336528807878494
0.1013154536485672
-0.1523442268371582
-0.14960221946239471
-0.027724336832761765
-0.03963484615087509
0.044338297098875046
0.13353560864925385
-0.07990264892578125
0.17033453285694122
-0.11297997832298279
0.008036583662033081
0.05979878455400467
0.011707637459039688
0.02780562825500965
0.0013558923965319991
-0.026895353570580482
-0.09512998908758163
-0.057138536125421524
-0.15492446720600128
0.09623929113149643
-0.1073366329073906
-0.1682175248861313
0.1342773735523224
-0.14340658485889435
-0.14272984862327576
0.07611164450645447
-0.14533556997776031
0.06739894300699234
-0.08484341949224472
-0.1151086613535881
0.080434150993824
-0.1538335680961609
-0.11961495876312256
-0.060509324073791504
-0.12776561081409454
0.1295691430568695
-0.046605292707681656
-0.005465350113809109
0.08873739838600159
0.03685276210308075
0.13510121405124664
0.1340203434228897
-0.13994741439819336
-0.03950486704707146
-0.11238592863082886
-0.03186216950416565
0.07144153118133545
0.07447168231010437
0.07880275696516037
-0.07241866737604141
-0.02817407436668873
-0.07262075692415237
-0.011869115754961967
-0.10671946406364441
-0.10970836132764816
-0.15140606462955475
-0.022388866171240807
0.01578107848763466
-0.023693837225437164
-0.1517687886953354
-0.07226850092411041
-0.0708158016204834
0.13778719305992126
0.15543362498283386
0.052810583263635635
0.018660634756088257
0.1339472532272339
-0.10205014050006866
0.16110152006149292
-0.029472002759575844
0.12668955326080322
0.1319601684808731
