-0.046537142246961594
-0.15910205245018005
-0.11604486405849457
0.008361230604350567
0.06666933745145798
0.07156852632761002
-0.005211168434470892
0.020203327760100365
-0.12775181233882904
-0.00013752486847806722
0.10904374718666077
-0.009078935720026493
-0.06886795908212662
-0.16601185500621796
-0.06829275190830231
-0.1462658941745758
-0.1347520351409912
-0.08908062428236008
0.13585786521434784
-0.026527779176831245
0.03843483701348305
0.12034472078084946
-0.07725676894187927
0.07383767515420914
-0.10270760953426361
-0.10364488512277603
0.14120517671108246
-0.140172079205513
0.05278486758470535
0.06952110677957535
-0.0528608113527298
-0.03244885802268982
-0.005618624854832888
0.009595945477485657
-0.1431366354227066
0.10525114834308624
-0.12978582084178925
0.1425197273492813
-0.10685127228498459
0.1817874163389206
0.06529618054628372
0.04282988980412483
0.11715874075889587
0.10476581007242203
-0.12809252738952637
0.012348505668342113
0.10693951696157455
-0.04290362074971199
0.018575657159090042
0.18992841243743896
0.007129366509616375
-0.06797422468662262
-0.009358435869216919
-0.13457900285720825
-0.05879496783018112
0.07214400172233582
0.15812724828720093
0.16881491243839264
0.1315975934267044
0.0002297957253176719
0.05438310652971268
-0.1277247965335846
0.15868224203586578
0.1668441742658615
-0.01857946626842022
-0.08287421613931656
0.07207773625850677
-0.07210510969161987
0.17420880496501923
-0.12125322967767715
0.08414163440465927
0.028385447338223457
-0.14478176832199097
-0.0489174947142601
-0.16912150382995605
-0.15466253459453583
-0.025588329881429672
0.1823793351650238
0.1409153789281845
0.05932188034057617
0.05121615529060364
0.08542362600564957
-0.09897846728563309
-0.15822669863700867
-0.14738382399082184
-0.11586300283670425
-0.1453825980424881
-0.017443561926484108
0.2010130137205124
0.07196424156427383
0.14192931354045868
-0.12414450198411942
-0.052811212837696075
0.09155838191509247
-0.03425358235836029
-0.0887865498661995
-0.14457973837852478
-0.09578630328178406
0.04064009338617325
0.0012078159488737583
0.19357524812221527
-0.01988658495247364
0.10824975371360779
0.016036055982112885
0.020654918625950813
0.14093749225139618
0.0006174335139803588
-0.09773387014865875
-0.16024282574653625
-0.04570279270410538
-0.009208356030285358
-0.16962140798568726
0.11857928335666656
-0.10095646232366562
-0.013642573729157448
-0.1039753183722496
-0.051157258450984955
0.12229035049676895
0.04703954979777336
-0.04798442870378494
