0.021966828033328056
-0.16693486273288727
-0.07192157953977585
-0.163133442401886
-0.030875246971845627
0.05229148641228676
0.01087335404008627
0.09493616968393326
-0.07625433802604675
-0.05626807361841202
-0.009700294584035873
-0.18346069753170013
-0.08919176459312439
0.19385194778442383
0.1803574413061142
0.1556728184223175
-0.040327347815036774
-0.09823593497276306
-0.10074876993894577
-0.1501127928495407
-0.0048777568154037
0.1666266769170761
-0.014006488025188446
0.04016653448343277
-0.04373309016227722
0.019967544823884964
-0.08495041728019714
0.118888720870018
0.05109160766005516
-0.019443156197667122
-0.025638481602072716
0.153233602643013
-0.1434626579284668
-0.08635038137435913
0.011944527737796307
-0.019527075812220573
0.06020181626081467
0.1040448322892189
-0.1247977763414383
0.038261957466602325
0.15825475752353668
0.10072699934244156
-0.14229042828083038
0.169289231300354
0.15148726105690002
-0.1771228313446045
-0.14901553094387054
-0.14403212070465088
-0.14224423468112946
-0.05969361588358879
-0.14582914113998413
-0.11242138594388962
0.16190870106220245
-0.038911011070013046
-0.09749526530504227
0.0834910124540329
-0.08138542622327805
-0.07165118306875229
0.14023460447788239
0.040525469928979874
0.12823672592639923
0.17288459837436676
0.16749641299247742
-0.16558033227920532
0.08172085881233215
0.131776362657547
0.08907510340213776
0.13976335525512695
0.1298542618751526
-0.1435190886259079
-0.004469376523047686
0.1505538821220398
0.04452480748295784
0.006035854574292898
-0.14508870244026184
0.05394501984119415
0.1529834121465683
0.09836374223232269
0.08874973654747009
-0.1539384126663208
-0.03051627427339554
0.06083940342068672
-0.15216511487960815
0.1325608342885971
-0.052475523203611374
0.05084000900387764
-0.070314422249794
-0.0522424578666687
0.10087703913450241
0.1424793154001236
-0.1514524519443512
-0.03461838141083717
0.15545886754989624
-0.10313767939805984
-0.13348567485809326
-0.1202491968870163
0.10961589217185974
-0.01854514703154564
-0.13315553963184357
0.15928344428539276
-0.1737556904554367
0.019301123917102814
0.06463547796010971
0.07474781572818756
-0.08432842046022415
-0.017170531675219536
0.17409487068653107
0.09318514913320541
-0.0046255323104560375
0.07466613501310349
-0.06286013871431351
-0.14533020555973053
-0.03226903825998306
-0.056860003620386124
-0.14128760993480682
-0.08187748491764069
-0.1384918987751007
0.042538296431303024
-0.13341350853443146
0.11040570586919785
