-0.04024222493171692
0.0993986651301384
0.0077857873402535915
-0.17604534327983856
0.07718847692012787
-0.1417052000761032
0.030123408883810043
0.14569514989852905
0.1428251713514328
-0.01735217124223709
-0.07579819113016129
-0.17991073429584503
0.08349800109863281
0.09329958260059357
0.03663542494177818
-0.14749470353126526
-0.1044977605342865
0.16229674220085144
-0.11339175701141357
-0.1645960807800293
0.14269369840621948
-0.14327183365821838
0.019461393356323242
-0.12837687134742737
-0.17555274069309235
-0.08059553802013397
-0.12489639967679977
0.012125778011977673
0.005186832509934902
0.1441841572523117
-0.11198237538337708
-0.08895426988601685
0.10188795626163483
0.024436255916953087
-0.028676241636276245
-0.07069170475006104
0.15432047843933105
0.161990225315094
-0.09186926484107971
-0.1526731699705124
0.12090963125228882
-0.061976123601198196
-0.06662344187498093
0.15200625360012054
0.07334505021572113
-0.04624791815876961
0.16531333327293396
-0.015718434005975723
0.027203794568777084
0.11739574372768402
0.07425462454557419
-0.0950230211019516
-0.04637786000967026
0.12778916954994202
-0.19064834713935852
0.12040673941373825
0.07074010372161865
0.1181129664182663
0.06290580332279205
0.10846810787916183
0.025937946513295174
-0.03585238754749298
-0.153424933552742
-0.02634068951010704
-0.033495765179395676
-0.031856875866651535
0.167301744222641
0.012919972650706768
-0.08907473087310791
0.14593897759914398
0.008778771385550499
-0.16013319790363312
-0.006775006651878357
0.004515177104622126
0.13804633915424347
-0.1678038090467453
0.05487625673413277
0.0036399776581674814
-0.06934339553117752
0.17372757196426392
0.0880962610244751
0.1257806122303009
-0.020519621670246124
0.11640103906393051
-0.1645723581314087
-0.04413192719221115
0.009055115282535553
0.0721587985754013
-0.14597633481025696
-0.04966595023870468
-0.01932910643517971
-0.17895381152629852
-0.09581326693296432
0.10478438436985016
-0.0003474490367807448
0.15630586445331573
0.1258370578289032
0.03440510109066963
0.0021230531856417656
0.06693878769874573
0.04227352887392044
-0.02623089961707592
0.10644515603780746
0.06703148037195206
0.01668735407292843
-0.16047987341880798
0.03992614150047302
-0.10742191225290298
-0.14339077472686768
0.025604989379644394
0.04298729822039604
0.11276014894247055
-0.10227944701910019
-0.022640962153673172
-0.15382462739944458
-0.012999562546610832
-0.15299645066261292
-0.06630285829305649
0.000971671543084085
0.09426139295101166
