0.10867214947938919
0.07938428223133087
-0.1501789391040802
0.00964836124330759
0.06858798116445541
0.089301198720932
-0.04793930426239967
-0.16046875715255737
-0.09671562910079956
0.032397788017988205
0.12922558188438416
0.16498887538909912
0.1119840145111084
0.12446907162666321
0.06969984620809555
0.17320427298545837
0.002526286756619811
0.011415982618927956
-0.1295073926448822
0.1255151778459549
0.05362804979085922
0.11846230179071426
-0.10869649052619934
0.15674710273742676
-0.02229897491633892
-0.02730894461274147
0.01139817014336586
-0.03600708022713661
0.07394696027040482
-0.03774505853652954
0.17202094197273254
-0.10984693467617035
0.13476724922657013
0.11284277588129044
0.016739211976528168
0.1734112650156021
0.04853752255439758
-0.0967819020152092
0.01981629990041256
0.13365736603736877
0.09414955973625183
-0.005915839225053787
-0.007084087003022432
0.11905983090400696
0.032031625509262085
-0.17203958332538605
-0.16765935719013214
-0.07276353240013123
-0.0156064722687006
0.09251251816749573
-0.0257748831063509
-0.15547306835651398
-0.04471931979060173
-0.12486789375543594
-0.016203954815864563
0.025997446849942207
-0.10569871217012405
-0.10021954774856567
-0.15200269222259521
0.07451783865690231
0.06496267020702362
0.13889460265636444
0.09448561072349548
0.042687296867370605
-0.13534431159496307
-0.17209921777248383
0.13948360085487366
0.07756633311510086
0.03968910127878189
-0.1375870704650879
0.02883700467646122
-0.018448373302817345
-0.07599238306283951
0.057915885001420975
0.04187260568141937
0.0327923446893692
0.12086305022239685
-0.08477175980806351
-0.07493259012699127
-0.024901822209358215
0.107386015355587
-0.05066043138504028
0.0053956094197928905
-0.07947149872779846
0.041394636034965515
-0.0019901739433407784
-0.023640697821974754
-0.10660262405872345
-0.1425442397594452
0.14538367092609406
-0.14044681191444397
-0.12012127041816711
-0.06085734814405441
-0.11053568124771118
-0.09625448286533356
0.0961063951253891
0.17651213705539703
0.09187547117471695
0.11341241002082825
-0.06004022806882858
-0.03567994013428688
0.19803467392921448
-0.16649122536182404
0.19212742149829865
-0.09753702580928802
0.03683024272322655
-0.07586288452148438
-0.06216341629624367
0.19479680061340332
0.04422609880566597
0.00021867816394660622
0.11784142255783081
0.1619167923927307
-0.03095119260251522
-0.0751175731420517
0.11513044685125351
-0.12233882397413254
-0.08505848795175552
0.10263153165578842
-0.14872139692306519
