-0.10112077742815018
0.13961267471313477
-0.07415144145488739
0.0016934804152697325
-0.18207545578479767
-0.029215490445494652
-0.05196763575077057
-0.1610523760318756
-0.033325161784887314
0.12434607744216919
-0.10417898744344711
0.12072525173425674
-0.03646614030003548
0.10681522637605667
-0.06947644054889679
-0.03659657761454582
0.1407620906829834
-0.08749138563871384
0.12768405675888062
0.03973870351910591
0.06511096656322479
-0.11288512498140335
-0.11466673761606216
0.15853433310985565
-0.05993454530835152
-0.04875566437840462
-0.044656042009592056
-0.15431495010852814
0.10229068994522095
-0.11308863013982773
0.12230034172534943
0.034331563860177994
-0.06451406329870224
-0.1279662549495697
-0.13244687020778656
-0.03210952877998352
0.03113900125026703
0.13876782357692719
-0.15349392592906952
-0.01708798110485077
0.14449958503246307
0.03691455349326134
-0.19920901954174042
0.11893142014741898
0.023492738604545593
0.09930513054132462
-0.1204194575548172
-0.01197872031480074
0.11375139653682709
-0.14276905357837677
0.13908088207244873
0.1166243702173233
0.07915503531694412
-0.14122238755226135
0.11113868653774261
-0.17850610613822937
0.16536228358745575
-0.014639195054769516
-0.09557546675205231
0.033865924924612045
0.0346890389919281
-0.04050948843359947
-0.13931900262832642
0.15918682515621185
-0.02301420085132122
0.1393493413925171
0.0881773829460144
0.08181802183389664
0.13853216171264648
-0.08950259536504745
-0.013430679216980934
-0.004116263706237078
0.01293841004371643
0.08923240751028061
0.01153580006211996
-0.02815047837793827
0.039354316890239716
-0.07615971565246582
0.08082275092601776
-0.06876248866319656
0.10152847319841385
-0.0870644748210907
9.093115659197792e-05
0.08874425292015076
-0.104445680975914
0.1839732676744461
0.03925454616546631
0.14599478244781494
0.022348372265696526
-0.017656708136200905
0.12233761698007584
-0.09549083560705185
-0.04552062228322029
-0.17231076955795288
0.12645402550697327
-0.12013595551252365
0.10804455727338791
0.06068079546093941
-0.10145124793052673
-0.09067776054143906
0.06498447060585022
0.13127201795578003
0.08163242787122726
0.10382149368524551
-0.1826246827840805
0.012537973001599312
-0.02474777214229107
0.13220803439617157
-0.015736855566501617
-0.10029125213623047
0.2166433185338974
0.13195760548114777
0.05480482429265976
-0.11756383627653122
0.1213563084602356
0.005369344726204872
-0.0129373949021101
0.049104709178209305
0.1004924401640892
0.06240405514836311
