0.017922479659318924
0.089469313621521
-0.1858515590429306
0.036113303154706955
0.05836276337504387
-0.14814536273479462
-0.1250223070383072
0.15258796513080597
0.12972746789455414
-0.02149960584938526
-0.008433571085333824
-0.09704038500785828
0.09753526002168655
0.09864624589681625
-0.07129622250795364
-0.07084323465824127
0.048211563378572464
0.05122969299554825
-0.002079842844977975
0.15443363785743713
-0.020032847300171852
-0.002795038977637887
0.044773198664188385
-0.011198921129107475
-0.04442397877573967
-0.04205461964011192
0.13440349698066711
0.16494417190551758
0.0254871416836977
0.1108802929520607
0.06435951590538025
-0.0035875102039426565
0.026747284457087517
-0.09435645490884781
-0.13073359429836273
-0.016919802874326706
0.14562809467315674
0.11284532397985458
0.08761962503194809
0.21153372526168823
-0.11454129219055176
0.09045493602752686
-0.10395292937755585
0.08991444855928421
0.1519925743341446
0.05661436915397644
-0.14727072417736053
-0.1618170291185379
0.00211707828566432
0.06865514069795609
-0.02781122922897339
-0.06684135645627975
0.047833774238824844
-0.012452933937311172
0.11814679205417633
0.06843256950378418
0.026540780439972878
0.04508392512798309
-0.11308593302965164
0.1457085907459259
-0.0910082682967186
-0.09227470308542252
0.11477231234312057
-0.1019260585308075
0.0698375329375267
0.15149490535259247
0.11821550130844116
-0.1327764242887497
-0.06703387945890427
0.17115288972854614
0.07054932415485382
0.04718059301376343
-0.08894161880016327
-0.15740860998630524
0.11546763777732849
-0.16258221864700317
-0.010958351194858551
-0.0028847171925008297
-0.060287751257419586
0.08734926581382751
0.10770036280155182
0.10806049406528473
-0.1456012725830078
0.012404757551848888
0.07934720814228058
-0.10487278550863266
-0.14974918961524963
-0.09289639443159103
-0.16946610808372498
-0.14214082062244415
0.011725818738341331
-0.11496391892433167
-0.11179552227258682
0.008413143455982208
0.03868653252720833
0.08727749437093735
0.011177780106663704
-0.1179206445813179
-0.09185425192117691
0.15593206882476807
-0.162631094455719
0.04101819917559624
-0.014715366065502167
0.019337093457579613
0.06363443285226822
-0.1529131978750229
0.14661744236946106
0.028468891978263855
-0.14409253001213074
-0.0020113966893404722
0.17009298503398895
-0.010640060529112816
0.05021343752741814
0.17739082872867584
-0.11815502494573593
0.12754282355308533
0.14619585871696472
0.11029797047376633
0.11312724649906158
-0.12499016523361206
