-0.10099703073501587
-0.14080509543418884
-0.11653734743595123
-0.023197855800390244
0.129342183470726
-0.0860125944018364
-0.07008489221334457
-0.15827730298042297
-0.058258894830942154
-0.00011390281724743545
0.030617931857705116
0.028263255953788757
-0.06564287096261978
0.1736840158700943
0.12922008335590363
0.04766151309013367
0.13432016968727112
-0.0384129099547863
-0.03950297459959984
-0.12882930040359497
0.15694628655910492
0.08897938579320908
0.13856695592403412
0.16012436151504517
0.14678966999053955
0.1556934118270874
-0.014728947542607784
0.14733217656612396
0.09824319183826447
-0.08877706527709961
0.10377399623394012
-0.09137940406799316
0.15895362198352814
-0.16398677229881287
-0.018500620499253273
0.08782276511192322
-0.053227562457323074
-0.11883710324764252
-0.1379581093788147
-0.13196632266044617
0.12328845262527466
-0.012424305081367493
0.06992703676223755
-0.14679673314094543
-0.023739710450172424
0.07124988734722137
-0.07850527763366699
0.02141689695417881
0.03676178678870201
-0.0838603526353836
0.10976897925138474
0.08421296626329422
0.1457141786813736
0.060865942388772964
-0.03301210701465607
-0.012986000627279282
-0.12126640230417252
0.05349145457148552
0.1481013149023056
-0.10401920229196548
0.01718447171151638
0.10660751909017563
-0.09671018272638321
-0.14929117262363434
-0.15702541172504425
0.010765491984784603
0.1427404135465622
-0.11875035613775253
0.14591018855571747
0.12889693677425385
-0.13535313308238983
0.16567082703113556
0.15738798677921295
0.12428587675094604
-0.05489113926887512
0.1182720959186554
-0.17082078754901886
0.029172955080866814
0.04493878781795502
-0.14413343369960785
0.09511039406061172
-0.022482778877019882
0.08216312527656555
-0.07029521465301514
-0.16365298628807068
0.14838506281375885
0.15850500762462616
0.15487155318260193
0.14609728753566742
-0.15755775570869446
-0.011340743862092495
-0.029813360422849655
-0.000500825117342174
-0.11738882213830948
-0.12571701407432556
0.026055434718728065
0.11787111312150955
0.062065526843070984
0.15335337817668915
-0.01997649110853672
-0.006656050682067871
-0.06218690425157547
-0.06374908983707428
-0.10780403017997742
0.10928244888782501
0.16281765699386597
0.06338566541671753
-0.07880864292383194
0.14277143776416779
0.14015144109725952
-0.059397533535957336
-0.04586496949195862
-0.14266826212406158
-0.1370309442281723
0.14278021454811096
0.058015644550323486
-0.010096208192408085
-0.14163662493228912
-0.06336665898561478
0.1102142482995987
