0.10844377428293228
0.020156916230916977
0.02664588950574398
0.059902627021074295
0.08463294059038162
-0.11301440000534058
-0.05618618428707123
0.15543106198310852
0.12467297911643982
-0.12502723932266235
0.08817741274833679
-0.013532601296901703
0.11459929496049881
-0.11536049097776413
0.19649624824523926
-0.15299159288406372
-0.034960806369781494
0.10343994200229645
-0.04808201268315315
-0.06272276490926743
0.10839232802391052
0.018687237054109573
-0.06850965321063995
0.14974713325500488
-0.018645189702510834
0.10108700394630432
-0.10233166813850403
-0.15743504464626312
0.05035247281193733
-0.08401091396808624
-0.11962753534317017
0.14581705629825592
-0.21409159898757935
0.1798914223909378
0.023563409224152565
0.09994954615831375
-0.14127613604068756
0.07642107456922531
-0.08502883464097977
-0.17895297706127167
0.07656197994947433
0.1077846810221672
0.007504691835492849
-0.0836179107427597
-0.06490444391965866
-0.011722883209586143
-0.1296098381280899
0.09425189346075058
0.05073241516947746
0.13380692899227142
0.12784388661384583
0.15654224157333374
0.11718767881393433
0.01787365786731243
0.14059486985206604
-0.015322455205023289
0.10404163599014282
0.19521278142929077
0.21090030670166016
0.022124582901597023
0.10641147941350937
0.15907329320907593
0.07832138240337372
-0.11508183926343918
0.09327691048383713
0.12359064072370529
-0.11609796434640884
0.14078257977962494
-0.1675000786781311
0.03528844565153122
0.004936481826007366
-0.025793062523007393
-0.035238802433013916
0.158444344997406
0.006065463647246361
-0.028376340866088867
0.02320818230509758
0.018083227798342705
-0.03701592609286308
0.17807552218437195
-0.05049152299761772
0.021170413121581078
0.07854551076889038
0.12440869212150574
0.0383395217359066
0.019062696024775505
-0.11662296950817108
-0.07110703736543655
0.15219241380691528
0.15990261733531952
0.07388002425432205
-0.115708127617836
0.20890621840953827
-0.08115161210298538
-0.13620105385780334
-0.09364601969718933
-0.04735333099961281
0.1595122516155243
0.09115488082170486
0.026366284117102623
-0.0755075216293335
0.049999941140413284
0.058775294572114944
-0.023806650191545486
0.0765908807516098
0.020456207916140556
-0.06552605330944061
-0.13950566947460175
-0.09824858605861664
0.1074087843298912
0.141897514462471
-0.006785438861697912
0.03662297874689102
-0.008586660958826542
-0.04697452485561371
-0.01185817550867796
-0.21131287515163422
-0.14940403401851654
-0.050634175539016724
0.06873971223831177
