0.06979537010192871
-0.08785863220691681
-0.08400118350982666
0.12258926779031754
0.11517257988452911
-0.03797445818781853
0.11104266345500946
-0.13534186780452728
-0.18824180960655212
0.12055054306983948
-0.04159776121377945
-0.030413318425416946
-0.03866482898592949
0.053969476372003555
-0.12521816790103912
0.03484824672341347
0.018544957041740417
-0.06929809600114822
0.07708125561475754
0.06960172206163406
0.10789698362350464
-0.1622355580329895
-0.142146497964859
-0.10182341188192368
0.117601677775383
-0.015268521383404732
-0.15324878692626953
-0.012838234193623066
0.06889554113149643
-0.04950535297393799
0.10105367004871368
0.03638310730457306
-0.13783587515354156
0.17954564094543457
0.15969617664813995
0.10172276198863983
-0.09552858769893646
0.01264255866408348
-0.1606159806251526
0.03702626749873161
-0.14720723032951355
-0.16241882741451263
-0.15136516094207764
0.04602359980344772
0.15486662089824677
0.10011950880289078
-0.13979531824588776
-0.08928584307432175
-0.10095544159412384
0.13770967721939087
0.13308368623256683
0.2283353954553604
0.07550705224275589
0.13870376348495483
0.11666528135538101
0.033551011234521866
-0.14316676557064056
0.1658325493335724
0.01325742807239294
-0.04564962536096573
-0.1114259660243988
0.019948197528719902
-0.15619593858718872
-0.08343622088432312
0.0892033651471138
0.021343376487493515
0.09619550406932831
0.05700245499610901
0.05260787904262543
-0.03539154678583145
-0.07093539088964462
0.0972215011715889
-0.11332511901855469
0.0544685535132885
0.15991246700286865
0.10714764893054962
0.14041566848754883
-0.13805899024009705
-0.10617228597402573
0.040009479969739914
-0.02941613271832466
-0.14903627336025238
-0.05967540293931961
0.009160519577562809
-0.10398155450820923
-0.16730663180351257
0.009957528673112392
0.1622501015663147
0.0222492478787899
-0.04394849017262459
-0.09819623082876205
-0.03638022392988205
0.11140758544206619
-0.04317973554134369
0.022124089300632477
0.09666267782449722
0.14975202083587646
0.08883083611726761
-0.031753066927194595
0.01557183638215065
-0.11738809943199158
0.12988415360450745
0.19537104666233063
-0.07363305985927582
0.041882310062646866
-0.07059292495250702
-0.10640052706003189
0.20536358654499054
-0.1174836978316307
0.0192971583455801
0.15349526703357697
0.11053163558244705
-0.034522656351327896
0.0968124270439148
0.15317778289318085
-0.06921727955341339
-0.006287348922342062
0.1255842000246048
-0.13024410605430603
-0.01951390504837036
