-0.13925127685070038
0.09128937125205994
0.09005296975374222
0.14980146288871765
0.17047207057476044
-0.126486673951149
-0.020544083788990974
0.10034078359603882
-0.1394556760787964
-0.0926249772310257
-0.08704991638660431
-0.059102948755025864
0.117726169526577
-0.1377546638250351
0.1721721589565277
-0.14344051480293274
0.15327861905097961
0.005748469848185778
-0.10891871154308319
-0.0918867439031601
0.14530931413173676
-0.0006694387993775308
-0.015874627977609634
-0.051265694200992584
0.05936716869473457
-0.14501513540744781
-0.01833803951740265
0.06006859242916107
-0.12177867442369461
-0.11222631484270096
0.14506129920482635
0.1554642915725708
0.0935402661561966
-0.09224426746368408
-0.08320765197277069
0.03475511819124222
-0.08036525547504425
-0.15689603984355927
-0.15127122402191162
-0.02720222994685173
0.007623982150107622
-0.08294764906167984
-0.05448545143008232
0.17007508873939514
-0.07900494337081909
-0.0373302698135376
0.1522541642189026
-0.11077241599559784
0.12367935478687286
-0.11042521148920059
0.005950302816927433
-0.063077911734581
-0.046600520610809326
0.02731422334909439
0.12670190632343292
-0.08697985857725143
0.13381195068359375
0.12578777968883514
0.12576663494110107
-0.09599490463733673
-0.16467532515525818
-0.1747736632823944
0.09168831259012222
-0.10845043510198593
0.011475619859993458
-0.03605051711201668
0.0684526115655899
-3.8828795368317515e-05
-0.012888218276202679
0.12906299531459808
-0.1688753068447113
0.14834089577198029
0.07027395069599152
-0.06195801496505737
-0.03393833711743355
-0.05782230943441391
0.033933352679014206
-0.07344216108322144
0.15446820855140686
0.15930886566638947
0.09260432422161102
-0.13561902940273285
-0.09049803763628006
-0.1590035855770111
-0.11709998548030853
0.12434088438749313
0.12751811742782593
0.06389196217060089
0.1066918820142746
-0.0836460292339325
-0.051131218671798706
0.12163606286048889
0.016736093908548355
-0.05214456468820572
-0.06142902374267578
-0.14620371162891388
0.013177258893847466
0.005769696086645126
-0.11221285909414291
-0.0885029062628746
-0.02496286667883396
-0.02687251567840576
0.15462417900562286
-0.06323965638875961
-0.07564757764339447
-0.08488161861896515
-0.050160206854343414
-0.06628601998090744
-0.16401170194149017
-0.08515482395887375
-0.09862887859344482
-0.042176224291324615
0.03889671713113785
-0.041536226868629456
0.18216322362422943
-0.08515315502882004
-0.06320308893918991
-0.11476821452379227
-0.07844211906194687
-0.018136192113161087
