-0.09430326521396637
0.20228323340415955
0.17037536203861237
-0.1950746774673462
0.14931446313858032
0.05705631524324417
0.052610643208026886
-0.1673741489648819
-0.08049246668815613
-0.023798737674951553
-0.1463148593902588
0.1875203549861908
-0.08015052229166031
0.08755715191364288
-0.14388154447078705
-0.02756693586707115
-0.023281391710042953
0.15572452545166016
0.08344076573848724
-0.007589299697428942
0.03291201964020729
0.023589856922626495
0.079905204474926
0.15719279646873474
-0.06629517674446106
0.026436250656843185
0.008217855356633663
0.15162718296051025
0.06622016429901123
0.05761786922812462
-0.010694131255149841
-0.07428178936243057
-0.03433762863278389
-0.1497255116701126
-0.0360705591738224
-0.1256285160779953
-0.1277536153793335
0.17295832931995392
0.1419409215450287
0.15524637699127197
0.07829427719116211
0.07980511337518692
0.17411936819553375
-0.11081141233444214
0.09862981736660004
0.14522096514701843
-0.180728480219841
-0.009583434090018272
-0.013759671710431576
-0.10157009959220886
-0.0461704358458519
-0.0473649725317955
0.006575953681021929
0.15045695006847382
-0.0559469498693943
-0.19740775227546692
-0.06635098159313202
-0.14598727226257324
0.021142026409506798
-0.11489265412092209
0.07453452050685883
0.12947700917720795
-0.05859927833080292
0.13592572510242462
-0.05601433292031288
-0.111838698387146
-0.11935899406671524
-0.161856546998024
-0.039250992238521576
-0.0515635646879673
0.19104021787643433
0.06165902316570282
0.004731863737106323
0.1325775384902954
0.014079881832003593
-0.08336721360683441
-0.15808221697807312
-0.0778835266828537
-0.10829441994428635
-0.22743752598762512
-0.07671098411083221
0.07876560091972351
0.11347455531358719
-0.05102134495973587
0.0837760791182518
0.08036088943481445
0.03317323699593544
0.04182789474725723
-0.14678335189819336
0.15187221765518188
0.11375809460878372
0.03406626731157303
-0.15521185100078583
0.029997633770108223
-0.12832556664943695
0.05812713876366615
0.1565745323896408
0.13398686051368713
-0.05476682633161545
-0.11443451046943665
0.13773907721042633
0.10275094956159592
-0.01924115978181362
-0.053806010633707047
-0.040247198194265366
-0.05184146389365196
0.16520968079566956
0.10056760162115097
-0.09338997304439545
0.1690286099910736
0.16846898198127747
-0.09846349060535431
0.16503559052944183
-0.08233088999986649
0.07572150975465775
0.14753873646259308
-0.017418507486581802
0.033690195530653
-0.1662876456975937
-0.042098283767700195
