0.042989443987607956
0.08940019458532333
-0.1546821892261505
0.07505469024181366
0.09647675603628159
-0.028192749246954918
-0.15898609161376953
-0.12287479639053345
-0.085671067237854
0.08012016862630844
-0.12815101444721222
0.15605893731117249
0.15472783148288727
-0.09048786759376526
-0.05687596648931503
-0.12541882693767548
0.05098150297999382
-0.01673165149986744
0.054086629301309586
-0.16955450177192688
0.09776952862739563
-0.11560139060020447
0.04419192299246788
0.09224146604537964
-0.09516837447881699
-0.010812872089445591
-0.1273009032011032
-0.04753446951508522
0.12572942674160004
0.029568176716566086
0.051842913031578064
-0.10788290947675705
0.032055336982011795
-0.027961598709225655
-0.07126858085393906
0.04720880091190338
0.03388483449816704
0.10073117166757584
0.08430507779121399
0.1576104611158371
-0.1687629669904709
0.044357556849718094
-0.15277522802352905
0.1511019617319107
-0.02614779770374298
-0.0331881009042263
0.04470561072230339
-0.012091265060007572
-0.08872658759355545
0.01734277419745922
-0.13906365633010864
-0.11774339526891708
-0.15215115249156952
0.011110743507742882
-0.0328395701944828
-0.041465189307928085
-0.11383406817913055
0.1340074986219406
-0.08082295209169388
-0.03681577742099762
0.030254533514380455
0.13146930932998657
0.0910719707608223
0.003574477741494775
0.0408807098865509
0.028462408110499382
-0.14578835666179657
0.06089341640472412
-0.11608023941516876
-0.011351212859153748
0.16769330203533173
-0.10301128029823303
-0.006116539239883423
-0.09910603612661362
0.12064895778894424
-0.1212606206536293
0.04795955866575241
0.08022909611463547
-0.051390353590250015
0.10430958122015
0.09783349931240082
-0.05365120247006416
0.05414726957678795
0.05052788183093071
0.06820757687091827
0.13169942796230316
-0.15639609098434448
0.015418893657624722
0.07031214982271194
0.04734432324767113
0.014014435932040215
-0.1214861124753952
-0.024550728499889374
-0.035528577864170074
0.030753882601857185
0.07978451251983643
0.1697046011686325
0.054381512105464935
-0.13873779773712158
0.10941257327795029
0.1521235704421997
0.113490030169487
-0.024186190217733383
0.0402335561811924
0.04852291941642761
0.015545985661447048
0.056590449064970016
-0.13488149642944336
0.020494459196925163
-0.02823520079255104
-0.07601069658994675
-0.09303488582372665
0.10722275823354721
-0.1058436930179596
-0.05729661136865616
-0.03169955685734749
0.1279163807630539
0.03481190651655197
0.017935995012521744
0.021125661209225655
