0.08559257537126541
0.1231798604130745
0.14228197932243347
-0.15809676051139832
0.14064742624759674
0.08689967542886734
0.05661766603589058
0.11030814051628113
-0.06901496648788452
0.09390775114297867
-0.12191427499055862
0.1616254597902298
0.11118314415216446
-0.10801541805267334
-0.014807394705712795
0.046619389206171036
-0.13362467288970947
0.011023017577826977
0.05815799906849861
0.0010949535062536597
-0.10226172208786011
-0.146328866481781
0.09930112212896347
0.17170821130275726
-0.1370818167924881
-0.09511648863554001
-0.20083533227443695
-0.06031857058405876
0.1623438000679016
0.008253837004303932
-0.021693456918001175
0.06192600354552269
0.14277061820030212
-0.11452658474445343
0.12114517390727997
-0.0027772916946560144
-0.08680561184883118
-0.094728022813797
-0.13958482444286346
0.18998868763446808
0.056615110486745834
0.007170117925852537
-0.14466017484664917
0.06575232744216919
0.11722373962402344
-0.08821061253547668
0.016787923872470856
0.18490378558635712
-0.0817364901304245
0.18019980192184448
0.087701216340065
0.039385102689266205
0.17854592204093933
0.010293510742485523
0.2048608511686325
-0.07930566370487213
-0.01301613263785839
0.04516230896115303
0.1578497737646103
0.1160438284277916
-0.09691698849201202
0.028812767937779427
-0.14679265022277832
-0.0855063647031784
0.16982844471931458
-0.09222929924726486
-0.08509264141321182
-0.14938044548034668
-0.11279398202896118
-0.14654222130775452
0.13978104293346405
-0.0607195720076561
-0.09597871452569962
0.07277840375900269
-0.15622319281101227
-0.06189507991075516
-0.09082771092653275
0.011787126772105694
-0.17100271582603455
0.08753182739019394
-0.06994843482971191
-0.19497734308242798
-0.00433869194239378
-0.09560544043779373
0.18679404258728027
-0.1146860420703888
-0.055785033851861954
-0.061121758073568344
-0.18917492032051086
0.014331118203699589
0.18593893945217133
0.07564551383256912
0.09168754518032074
0.04190297797322273
0.13754794001579285
0.11275611072778702
0.04471768066287041
0.004364690277725458
0.12740279734134674
-0.041918180882930756
-0.19589072465896606
-0.02868121676146984
-0.1426869034767151
0.15338194370269775
-0.15075314044952393
0.1796642541885376
0.0023897476494312286
-0.1135086715221405
0.12301085144281387
-0.10906882584095001
0.06113200634717941
0.041268240660429
0.11258173733949661
0.11066101491451263
-0.06873849779367447
-0.044398579746484756
-0.18913903832435608
-0.11621026694774628
-0.0983056128025055
0.13414375483989716
