-0.17022565007209778
-0.07703340798616409
0.06018812209367752
0.18774551153182983
-0.15049275755882263
-0.0035540671087801456
0.08067480474710464
-0.022825494408607483
0.16213558614253998
-0.0101832440122962
0.07045377045869827
-0.1855641007423401
-0.021619634702801704
-0.06218024343252182
-0.11655619740486145
0.1329582929611206
-0.055258579552173615
0.051475875079631805
0.18859714269638062
-0.08850588649511337
-0.0663965567946434
-0.1591397523880005
0.023919424042105675
-0.004729927983134985
0.15628190338611603
-0.04361504316329956
-0.07497039437294006
0.10528916120529175
-0.08725778758525848
-0.17300941050052643
0.148703470826149
-0.014599749818444252
0.0417584590613842
0.10389015823602676
0.13296054303646088
-0.116460882127285
-0.030967582017183304
0.11050909757614136
-0.00021505945187527686
0.20395712554454803
0.005582230165600777
-0.16316936910152435
0.057508327066898346
0.16518288850784302
-0.06680722534656525
-0.1880236268043518
0.027820037677884102
0.027185697108507156
0.11429356038570404
0.17824220657348633
0.07538701593875885
0.14246153831481934
0.22277867794036865
-0.011708540841937065
0.02354017272591591
0.05603204667568207
-0.12066786736249924
0.11724059283733368
0.0811331570148468
-0.14486588537693024
-0.05526397004723549
0.04093201085925102
0.12179101258516312
-0.023720422759652138
0.1530015468597412
0.025242464616894722
-0.013751205988228321
0.07698729634284973
-0.05500688776373863
0.017422737553715706
-0.17165987193584442
-0.008152414113283157
-0.025465160608291626
-0.0324556864798069
-0.06522289663553238
-0.150946244597435
0.1510285884141922
0.05432327464222908
-0.05476345494389534
-0.049478959292173386
-0.15806147456169128
-0.032042305916547775
-0.06945570558309555
0.15446485579013824
0.03380757197737694
-0.09422390162944794
0.042438801378011703
-0.1649659425020218
-0.05765162408351898
0.006582679692655802
0.09663144499063492
-0.11148696392774582
-0.019872546195983887
-0.09436158090829849
-0.13634636998176575
0.1512056440114975
0.04764232039451599
0.14176112413406372
-0.07478898763656616
0.14326238632202148
-0.03178335353732109
-0.033636730164289474
0.07814876735210419
-0.09695044159889221
0.10179989784955978
-0.034895170480012894
0.08094315975904465
-0.06217588111758232
-0.118174247443676
0.11810803413391113
0.024773940443992615
-0.11622001975774765
-0.04528658464550972
0.08551624417304993
-0.025776907801628113
-0.023211844265460968
0.0573432520031929
-0.08409904688596725
-0.1293518841266632
-0.08976738899946213
