0.0696130022406578
0.2714141309261322
0.1714945286512375
0.048525139689445496
-0.03905487433075905
0.10248444229364395
-0.04458142817020416
0.1661853790283203
0.127886101603508
0.15650001168251038
-0.07869268953800201
-0.20408843457698822
0.12811273336410522
0.07945484668016434
0.23974543809890747
0.2579467296600342
-0.3498130738735199
0.09884685277938843
0.2815971374511719
-0.08584823459386826
-0.3168710470199585
-0.09579788893461227
0.19143520295619965
-0.05970492959022522
0.14131319522857666
0.27696558833122253
0.20717425644397736
0.1233193501830101
-0.25837036967277527
0.1996706873178482
-0.01916613057255745
-0.2185458391904831
-0.24177095293998718
-0.04896742105484009
-0.298758327960968
-0.07463907450437546
0.084874227643013
-0.23831336200237274
-0.0879378467798233
0.10815169662237167
0.10851504653692245
0.2836938500404358
0.19802144169807434
-0.12715093791484833
-0.21390949189662933
0.08904331922531128
-0.006610510405153036
0.10427100211381912
0.08360129594802856
-0.25630679726600647
0.10280082374811172
-0.1749802529811859
-0.13693968951702118
0.23885196447372437
0.1612328290939331
-0.08037905395030975
-0.09216633439064026
0.03585879132151604
-0.3217400014400482
-0.21967023611068726
0.2181226760149002
0.22142118215560913
0.15003813803195953
-0.22675234079360962
-0.104606032371521
-0.1991529017686844
-0.08183726668357849
-0.03827432915568352
0.24411341547966003
-0.24565757811069489
-0.2126992642879486
0.11783842742443085
-0.26098254323005676
-0.0560041218996048
0.10942360013723373
-0.07158324122428894
0.017035219818353653
0.13905112445354462
0.004473390989005566
-0.11650287359952927
0.15001212060451508
-0.10860796272754669
0.1830064207315445
-0.3655582666397095
