11111111111010110001011011111010
00000000010011111111001101110101
11111111110011000000001010001110
00000000110111010010001001011010
00000000001111111100101001110001
00000000101011100011110100001111
00000000111010111011110010000110
11111111111110010101100100000011
00000000000111110000010100011010
11111111101111110010101110101000
00000000001001110001111100101001
00000000001000101011011101011011
00000000011000101010101101110011
11111111101110111100000011100100
00000000011101101111000001111001
00000000010101101000110110111010
