00111101001101101000011011011011
00111101001101101000011011011011
00111101001101101000011011011011
00111101001110011011001101001110
00111101000111000000101011101100
00111101000100000000100010011110
00111101000011001100111010101110
00111101000011111000100100101001
00111101000011001110000000011001
00111101000101101010010100010100
00111101000011011110110001111110
00111101000100010111010010000111
00111101000111110010000010101011
00111101001101101000011011011011
00111101001101101000011011011011
00111101001101101000011011011011
00111101001101101000011011011011
00111101001111101101011101011110
00111101010100100001010100010101
00111101001110110000011000110101
00111101011010000100001100101100
00111101100010000111100011000101
00111101011001011011111100011010
00111101010001110001100010011100
00111101010100001011001001110100
00111101001110111101101111000100
00111101010001011111010011011100
00111101001101101000011011011011
00111101001101101000011011011011
00111101001101101000011011011011
00111101001101101000011011011011
00111101100011100101000101101110
00111101100101001100001110111110
00111100101011100011001100101010
00000000000000000000000000000000
00000000000000000000000000000000
00000000000000000000000000000000
00111100100111010001100011110010
00111101100000000111101011100000
00111101100000010110001110001001
00111101010101101000100011101100
00111101001101101000011011011011
00111101001101101000011011011011
00111101001101101000011011011011
00111101001101101000011011011011
00111101100011011001010010011000
00111101001000000010110111001111
00000000000000000000000000000000
00000000000000000000000000000000
00000000000000000000000000000000
00000000000000000000000000000000
00000000000000000000000000000000
00111100111101110101100011001110
00111101010100101001001001000100
00111101010001100011100001001010
00111101001101101000011011011011
00111101001101101000011011011011
00111101001101101000011011011011
00111101001101101000011011011011
00111101111000101111010101110000
00111110011001001000111011000001
00111111000011101001100111110100
00111111100001111011010111000111
00111111100100110000010010000011
00111111000111111000111011010000
00111101101001110000100110001111
00111100110100000010010111101010
00111101001001111000000011000010
00111101001010100100101000100000
00111101001101101000011011011011
00111101001101101000011011011011
00111101001101101000011011011011
00111101001101101000011011011011
00111110001110011111100011111110
00111110111000110100110110001110
00111111000011101100100001101000
00111111000100000111011101010001
00111111010110110000100001011001
00111111011110010000001110010101
00111111000100111100011000011000
00111101111100000011110111011110
00111101010011101100010110101010
00111101001001010000110111011100
00111101001101101000011011011011
00111101001101101000011011011011
00111101001101101000011011011011
00111101001101101000011011011011
00111110100001110100100111101110
00111111000011100111010010111010
00111110101111001111100010000011
00111100100110111010111000100110
00111101001000000010110010011001
00111110101111001001111100010001
00111110110110000010110101010111
00111101100001011001010100000000
00111101011100010101011100110010
00111101010011101110001011001100
00111101001101101000011011011011
00111101001101101000011011011011
00111101001101101000011011011011
00111101001101101000011011011011
00111110100010000010100010110110
00111111001011110110010001001000
00111111001001111000010001101100
00111101101101101011110110101000
00111101010001000001101110110100
00111110001100011111001101101000
00111110010101100010010011011010
00111101001010011101110100110001
00111101100001110000001011100001
00111101010101001010101001011110
00111101001101101000011011011011
00111101001101101000011011011011
00111101001101101000011011011011
00111101001101101000011011011011
00111110010110100011001111010000
00111111000111110111010001101101
00111111100100111011010011100101
00111111100110010101000110100100
00111111100110101001100111000110
00111111011100010001010110000110
00111110110011110110111101000110
00111101001011010001100100000110
00111101010010011011110111110010
00111101001101111010001100100010
00111101001101101000011011011011
00111101001101101000011011011011
00111101001101101000011011011011
00111101001101101000011011011011
00111101010001100001101100000000
00111110001111001000101101110000
00111110110110101100101110110110
00111111001001010000001001011111
00111111001111010010011000010101
00111111001111101011001000100011
00111110110100100011011010101010
00111101001101000110100100100000
00111101001110111000101101001111
00111101001100111111100001101101
00111101001101101000011011011011
00111101001101101000011011011011
00111101001101101000011011011011
00111101001101101000011011011011
00111101010000101010101010100011
00111101011010110010010100001110
00111101100001001111011010011000
00111101011001100101001001001001
00111110100100110110011010110011
00111111000010101000100111000100
00111110101110001001000000100111
00111100110001110100110000001110
00111101010100111011010000101101
00111101001111011110110011001010
00111101001101101000011011011011
00111101001101101000011011011011
00111101001101101000011011011011
00111101001101101000011011011011
00111101010011100100001011001111
00111101010111101110011101000010
00111101011011001010111001101010
00111101011001110010001011000110
00111110100011001011100010110101
00111111000101100011110110111010
00111110101100111100001011001000
00111100100001011100011111100010
00111101001111010100000111110000
00111101010000100001000100010101
00111101001101101000011011011011
00111101001101101000011011011011
00111101001101101000011011011011
00111101001101101000011011011011
00111101001111001111001001100001
00111101010110110110100000011100
00111101011011111111101111110101
00111101010110111000010101011101
00111110100010111110100111000001
00111111001110100000100111101110
00111111011000001111011001001110
00111110101111011011100101110011
00111101011011111001010111010100
00111101001101001000001000110110
00111101001101101000011011011011
00111101001101101000011011011011
00111101001101101000011011011011
00111101001101101000011011011011
00111101001101101000011011011011
00111101001101101000011011011011
00111101001101101000011011011011
00111101001101101000011011011011
00111110010101001001001010001110
00111111001000000111010110001110
00111111011010111011000010001000
00111111000000011010111010101010
00111101010111101010001100111000
00111101001110110000010010101110
00111101001101101000011011011011
00111101001010100101010110001000
00111101001010100101010110001000
00111101001010100101010110001000
00111101100101110101100100110000
00111101111111011001110001101011
00111110000010001011111011001010
00111110000101100111110001111101
00111110000011110110000110011000
00111101111110111000111000011110
00111101111011001100001000001000
00111101111110001010110110100110
00111101110000000110011010011010
00111101010111101000011001100110
00111101001010100101010110001000
00111101001010100101010110001000
00111101001010100101010110001000
00111101001010100101010110001000
00111101111000011100010111111000
00111110001111010010010111110100
00111110001010111100000101001000
00111110001001010000101111100100
00111110001011100101011110001011
00111110000100111101001011001101
00111110001001000100001010111110
00111110001100010100011100000111
00111101111111010011011111001000
00111101011001101011011010100010
00111101001010100101010110001000
00111101001010100101010110001000
00111101001010100101010110001000
00111101001010100101010110001000
00111110000110001111110100101011
00111111010101000100010101011011
00111111101111110001100110111010
00111111110100011010001100000110
00111111101111101100000110111100
00111111010001011001110011000000
00111110011001010110110110010100
00111110001000100111010111101010
00111101101101010010110010101101
00111101001111100000011001111101
00111101001010100101010110001000
00111101001010100101010110001000
00111101001010100101010110001000
00111101001010100101010110001000
00111111000100100110110101000100
01000000001111011011001100000100
01000000100101000110100011111000
01000000100110101001000001110111
01000000100110011100000101101010
01000000010010001110100101010110
00111111011110100000011010110010
00111101111111000011010000011111
00111101100011011000001110000111
00111101001110000101001000000010
00111101001010100101010110001000
00111101001010100101010110001000
00111101001010100101010110001000
00111101001010100101010110001000
00111111110110001100100110010000
01000000100100011101101111010100
01000000100001010101101010111111
01000000010011101001000000000100
01000000100101000110100111100001
01000000100101111101110100011111
00111111111000011110111010000001
00111110011011101000010010100010
00111101101111100111100100111010
00111101001111110111010000001100
00111101001010100101010110001000
00111101001010100101010110001000
00111101001010100101010110001000
00111101001010100101010110001000
01000000000111101100110010001100
01000000100110110001101110111011
01000000000110001100100100100100
00111111001001100100100000001100
01000000001010010000011011011100
01000000100000001010000010010010
00111111110100001010011001101010
00111110001110001010100011101010
00111110000001110001000001010110
00111101011000111010011010000000
00111101001010100101010110001000
00111101001010100101010110001000
00111101001010100101010110001000
00111101001010100101010110001000
01000000000111011101000000011010
01000000101001010100111001010001
01000000011000000011001111011110
00111111111010101101011011011010
01000000001101000011110011000011
01000000011100110011101111110100
00111111110010100010111010111110
00111110001100110101010110000010
00111101111100000011111100111000
00111101010001101100011110000011
00111101001010100101010110001000
00111101001010100101010110001000
00111101001010100101010110001000
00111101001010100101010110001000
00111111110001001011010111101110
01000000100010111011110011110111
01000000101000011110101011101001
01000000100101101000010100110001
01000000101010101101001000010011
01000000101001100010000010000110
00111111111111000111000001010101
00111110001100011110100010011010
00111101101010000001100000010000
00111101001111100001000110001111
00111101001010100101010110001000
00111101001010100101010110001000
00111101001010100101010110001000
00111101001010100101010110001000
00111110101101001110010011101110
00111111111100011000101011010010
01000000001101010101111011011000
01000000001110100100010111000001
01000000100001010000110111000010
01000000100111101111011000100011
01000000000000101111100011010010
00111110000011010001110111001111
00111101101000000000110110010010
00111101001110100011101101001110
00111101001010100101010110001000
00111101001010100101010110001000
00111101001010100101010110001000
00111101001010100101010110001000
00111101101110101101101000111000
00111110100100111001000100010100
00111110111010110001110100100000
00111110110011011100010010111000
01000000001100100100001110000100
01000000100111000011001010111000
01000000000001010000001011100110
00111110001010010101110100100001
00111101101110010111000100100010
00111101001011101100001101101011
00111101001010100101010110001000
00111101001010100101010110001000
00111101001010100101010110001000
00111101001010100101010110001000
00111101101011101110001110001010
00111110000001100001001010000011
00111101111110111100010001111100
00111101111101010011011100011010
01000000001010000011001110001000
01000000101000110010011100010001
01000000000111101110111101010001
00111110101100010000010011010100
00111101110000010001010011110000
00111101001100010101111001100010
00111101001010100101010110001000
00111101001010100101010110001000
00111101001010100101010110001000
00111101001010100101010110001000
00111101011110101001001100100100
00111101110101111100100001011111
00111101110000001011000101011000
00111101101011111111000101000010
01000000000111100111010010111000
01000000101011010110010101011100
01000000010110100011101100011100
00111111001011100011001101001000
00111101101011101111110010000101
00111101001101111111001110110010
00111101001010100101010110001000
00111101001010100101010110001000
00111101001010100101010110001000
00111101001010100101010110001000
00111101010001001110110111011110
00111101011011011111000010010101
00111101010110000011110010110111
00111101010000000011010111000100
00111111110000110001101011001010
01000000011111001111000001100110
01000000001100111110111100010100
00111111000001110110010001000011
00111101101001110011110100011011
00111101001101010001111111000110
00111101001010100101010110001000
00111101001010100101010110001000
00111101001010100101010110001000
00111101001010100101010110001000
00111101001010100101010110001000
00111101001010100101010110001000
00111101001010100101010110001000
00111101001010100101010110001000
00111110101011001011111111011111
00111111100011011101110001100010
00111111010011000010111100011011
00111101110100101100101111110001
00111101100001011011101101110000
00111101001011011111111010000010
00111101001010100101010110001000
00111101000010111000111001011100
00111101000010111000111001011100
00111101000010111000111001011100
00111101001010001101011010111000
00111101110001100100000011011011
00111110000111010000011100110100
00111110000101111101010110110111
00111110000111010111111101000100
00111110000010110000001110110101
00111110000000000100100110100100
00111110000000000110100110111110
00111101111101100110000110000100
00111101101001101010110001110000
00111101000010111000111001011100
00111101000010111000111001011100
00111101000010111000111001011100
00111101000010111000111001011100
00111101100010110101010110001000
00111110001010011010101111001010
00111110011000100011101000110110
00111110010001100111110110100100
00111110010100110100110110011010
00111110001110110010010001110000
00111110001011000100010110001100
00111110010010010010011111000001
00111110001110101000101010011110
00111101110001111000111011110100
00111101000010111000111001011100
00111101000010111000111001011100
00111101000010111000111001011100
00111101000010111000111001011100
00111101010110111010111111111100
00111110011001000000010000010101
00111111100111010100011011011000
00111111111101111011110010010000
00111111111110001011111000000110
00111111110100001001010011101000
00111111001100010011101010100110
00111110010110010101110010011010
00111110000101101000101110001011
00111101100110010000110111001110
00111101000010111000111001011100
00111101000010111000111001011100
00111101000010111000111001011100
00111101000010111000111001011100
00111101111000010111100010110111
00111111111011010111100111000010
01000000100111101011011010111001
01000000101110011001111011010110
01000000101100100000010110100101
01000000100110100011100010000011
01000000001001101101010011001010
00111110111000100010101010010111
00111101110111101001000000101010
00111101011011011001111010011110
00111101000010111000111001011100
00111101000010111000111001011100
00111101000010111000111001011100
00111101000010111000111001011100
00111111001101001101100110000000
01000000011111111000111000011000
01000000110100101011011010111001
01000000101000011101000100101010
01000000101001111100010001101101
01000000110010000110011001110110
01000000100100001110001011111111
00111111011011010111011000010100
00111110000010010001100001010010
00111101100100100110010010010010
00111101000010111000111001011100
00111101000010111000111001011100
00111101000010111000111001011100
00111101000010111000111001011100
00111111101001111111011010110010
01000000100101111000011000001110
01000000101011010101010110101100
00111111111101111000110000111010
01000000000100111101011001110010
01000000100101100110011110100001
01000000100001011001011100100101
00111111011011101111101111100101
00111110010101001101110101110001
00111101110010100011101000010010
00111101000010111000111001011100
00111101000010111000111001011100
00111101000010111000111001011100
00111101000010111000111001011100
00111111101100110101001110010100
01000000100110100110111100100000
01000000101110110000100110110111
01000000010000110111100011010000
01000000001010110001010100001000
01000000100100111001111000010111
01000000100000010001111101001110
00111111011000111010000010000011
00111110001111011011101011010100
00111101101101011010101100000001
00111101000010111000111001011100
00111101000010111000111001011100
00111101000010111000111001011100
00111101000010111000111001011100
00111111100011110110000110110001
01000000011110010101110110101000
01000000110010110000100010110011
01000000110001010100011101000101
01000000110000000111100011011101
01000000110100111000001101110111
01000000100110101101010100100010
00111111100001010110111111010110
00111101111100011001100010001000
00111101100000110100111010101100
00111101000010111000111001011100
00111101000010111000111001011100
00111101000010111000111001011100
00111101000010111000111001011100
00111110100000101100000011000010
00111111111010011010110101001010
01000000011010100011001001100100
01000000100011010100101000011010
01000000100110001000011001000101
01000000110001110111011110001010
01000000101001011100010100010110
00111111100010101101111010110111
00111101111001110100001000011001
00111101011111001110110101001011
00111101000010111000111001011100
00111101000010111000111001011100
00111101000010111000111001011100
00111101000010111000111001011100
00111101011110001110101110101010
00111110100000100010001110000110
00111111001000010000101000100101
00111111001111011001110100000101
00111111111111011110011010011100
01000000101001001010000111001110
01000000101001110001010110100000
00111111100100100001101110111110
00111101111111111111111011011111
00111101011101110011100000010100
00111101000010111000111001011100
00111101000010111000111001011100
00111101000010111000111001011100
00111101000010111000111001011100
00111101011110010110100111101100
00111101111100100110100111110100
00111110001001111000011001010010
00111110000011000111100000111100
00111111101111111010100101111111
01000000100111100101000100001111
01000000101100001100010001100010
00111111111000010110011110100100
00111110001011100101100111111100
00111101011001110100110010001100
00111101000010111000111001011100
00111101000010111000111001011100
00111101000010111000111001011100
00111101000010111000111001011100
00111101010000101111010110011000
00111101110001111101101101100001
00111101111011001001010100110110
00111101110100000011001100101100
00111111101110010001010011010110
01000000101000001110101011101111
01000000110010001001011101101110
01000000001011001010111001111100
00111110001000010101001110101101
00111101011000000101111100100111
00111101000010111000111001011100
00111101000010111000111001011100
00111101000010111000111001011100
00111101000010111000111001011100
00111101000111100010100101110000
00111101010111110100100010100110
00111101011110111110101001000010
00111101001111111111011111011011
00111111100011110110010101100100
01000000011101100100001100110001
01000000100111010001010001011111
01000000000011100010001100101011
00111110000110000001000110111110
00111101011000010100000110100110
00111101000010111000111001011100
00111101000010111000111001011100
00111101000010111000111001011100
00111101000010111000111001011100
00111101000010111000111001011100
00111101000010111000111001011100
00111101000010111000111001011100
00111101000010111000111001011100
00111110100000101110110000010110
00111111101000000011011110000010
00111111110110101010100001110110
00111111010000111101100111110100
00111101111011110011010100011001
00111101010000101100010010111111
00111101000010111000111001011100
00111101000010111110001001110111
00111101000010111110001001110111
00111101000010111110001001110111
00111101001101101011001010000110
00111101000111010101101100010101
00111101000010111011001111000010
00111100111110101100000010000010
00111101000101001110011011010000
00111100111110100000001111111010
00111101000011110001101000101000
00111101000111011001000011011110
00111100110101001100010101010111
00111100111100011111110101010100
00111101000010111110001001110111
00111101000010111110001001110111
00111101000010111110001001110111
00111101000010111110001001110111
00111101010000011000111110011110
00111100111010100001111100001001
00111101000001111001100111011010
00111100111001101111011100000000
00111101000011011000101001111010
00111100111100000101111101110110
00111101001010011111100100111101
00111100111011111010011100010000
00111100101010110101111100111100
00111101000010000110011111000101
00111101000010111110001001110111
00111101000010111110001001110111
00111101000010111110001001110111
00111101000010111110001001110111
00111101101000001001111101011000
00111110100110111101010010001010
00111110001110110101100010011100
00111101011001010111010111001011
00111101000010111001111001010000
00000000000000000000000000000000
00111011100000100001100111111101
00111100101100111110100010100100
00111101000000110110000101111000
00111101000111010101001010000110
00111101000010111110001001110111
00111101000010111110001001110111
00111101000010111110001001110111
00111101000010111110001001110111
00111110100010100100110001010110
00111110110001110101011100100101
00111101010011001010111010001011
00111101110101111010011110100110
00111110010001111010110101010100
00111101001010101100011101011001
00000000000000000000000000000000
00111100100110111010101100010000
00111100110111111110101100011010
00111101000001100010011101000000
00111101000010111110001001110111
00111101000010111110001001110111
00111101000010111110001001110111
00111101000010111110001001110111
00111110111011010000111101110011
00111101100010110011000001000010
00000000000000000000000000000000
00111101010100000100000010101111
00111110011101001111100011010100
00111110001100111100010110111000
00000000000000000000000000000000
00111100011100001111110100110100
00111100111000101011101000000100
00111101000000011110010001011011
00111101000010111110001001110111
00111101000010111110001001110111
00111101000010111110001001110111
00111101000010111110001001110111
00111110101101111111100000011101
00111100110101101111101100010110
00111100110011001001011101011010
00000000000000000000000000000000
00111101010011010100001101011111
00000000000000000000000000000000
00111101100001000111100111011001
00111101010011110001001110110100
00111100101100010011110110111011
00111100111011101111110000001001
00111101000010111110001001110111
00111101000010111110001001110111
00111101000010111110001001110111
00111101000010111110001001110111
00111110100011011100110000111011
00111101010101101100001111011111
00111101101001110100011011011110
00111101011010001000010001011000
00111101110011110111011111011010
00000000000000000000000000000000
00111100100000010100110110100111
00111100101010101001001000100000
00111101000011001010010101110111
00111101000101110110101110100011
00111101000010111110001001110111
00111101000010111110001001110111
00111101000010111110001001110111
00111101000010111110001001110111
00111101010111100001101001011011
00111100101011001001000000101110
00111110011010111111110111001010
00111110001001010111001101001110
00111101110111000111110010101000
00111101000111000110100001010111
00000000000000000000000000000000
00111100001100101100011111110001
00111100111000111111011011110010
00111101000011010111101110111010
00111101000010111110001001110111
00111101000010111110001001110111
00111101000010111110001001110111
00111101000010111110001001110111
00111100110011010011000110001010
00000000000000000000000000000000
00000000000000000000000000000000
00111001101010100000100001100000
00111110101000110010010110000000
00111101111100110011010011110010
00000000000000000000000000000000
00111100100011010110100101001000
00111100111000001101001001001010
00111101000001110001001101110000
00111101000010111110001001110111
00111101000010111110001001110111
00111101000010111110001001110111
00111101000010111110001001110111
00111101001100100100111110101010
00111100100001101001001110100110
00111100011110110010011010011100
00111100100010111000111110100110
00111110010101000001100110100000
00111011100000010111010111111110
00000000000000000000000000000000
00111100000011001110111100010110
00111100111111101101111000100000
00111101000011011010011101011010
00111101000010111110001001110111
00111101000010111110001001110111
00111101000010111110001001110111
00111101000010111110001001110111
00111101000100011101011011110100
00111101000011000110101010111101
00111100110111010011100100101010
00111101000100010111100000111101
00111110100110110010100001011100
00111010010001100010101100110000
00111100101110011010110111101111
00000000000000000000000000000000
00111100110011000011110111100110
00111101000001001011110101110000
00111101000010111110001001110111
00111101000010111110001001110111
00111101000010111110001001110111
00111101000010111110001001110111
00111101000010110101000111010100
00111100110011101100011001000001
00111101000100110000110111101110
00111101000000111011010111100010
00111110100010111100111100111101
00111101000010110000101111011101
00000000000000000000000000000000
00000000000000000000000000000000
00111101000011111110101011011010
00111101000010110100110111011010
00111101000010111110001001110111
00111101000010111110001001110111
00111101000010111110001001110111
00111101000010111110001001110111
00111101000010011110101100101000
00111100111010111000011000101001
00111101000011001111111001110000
00111101000011000111011100111111
00111101010100101011000001011110
00000000000000000000000000000000
00111101000010110101111010010001
00111110000100100010011010110110
00111100110101000000111010110110
00111101000011000100001111010010
00111101000010111110001001110111
00111101000010111110001001110111
00111101000010111110001001110111
00111101000010111110001001110111
00111101000010111110001001110111
00111101000010111110001001110111
00111101000010111110001001110111
00111101000010111110001001110111
00111100100110111100111101100100
00000000000000000000000000000000
00111101100110100010100111111000
00111110000010010001010111110010
00111101000111100001111111000100
00111101000100010110010001000100
00111101000010111110001001110111
00111101111010000111001111011110
00111101111010000111001111011110
00111101111010000111001111011110
00111101111110110110000010101000
00111110000101100000000110010101
00111110000111011111100101111001
00111110001000100010101010000011
00111110001000101000110001001010
00111110000110000010000001100001
00111110000011110001110010011101
00111110000110100100000001001000
00111110000001110011010110001010
00111101111011010001100101000111
00111101111010000111001111011110
00111101111010000111001111011110
00111101111010000111001111011110
00111101111010000111001111011110
00111110000111101100000000001110
00111110010111011010000100011010
00111110010100100101001001000011
00111110010110000000000111001011
00111110011000100100011010111110
00111110010001001001111101110110
00111110010000101010111101011010
00111110010011111011110100001010
00111110001010101110000100100100
00111110000000010110101100011110
00111101111010000111001111011110
00111101111010000111001111011110
00111101111010000111001111011110
00111101111010000111001111011110
00111110000110111111100001100001
00111110100001111100011100111010
00111110110100110100101011001100
00111110100110010101000000100111
00111110101000011111100100001110
00111110001110110000001101011100
00111101101110101111001011000001
00111110011000011111110111010010
00111110001010010101010011100100
00111101111111011001000100110010
00111101111010000111001111011110
00111101111010000111001111011110
00111101111010000111001111011110
00111101111010000111001111011110
00111110011011001101111110100110
00111111110001100101100011101110
01000000001000000101001100000000
01000000001001001010000010100010
01000000000111010101110101111101
00111111101100101011010000101110
00111110100011000101111000111100
00111101101011110110110111011010
00111110000010001100000001110001
00111101111100011111111100010001
00111101111010000111001111011110
00111101111010000111001111011110
00111101111010000111001111011110
00111101111010000111001111011110
00111111011010001111100010011001
01000000011001000101010001111000
01000000100000111001111100010110
01000000011111010001001001110100
01000000100011010110110110010011
01000000011001110111001101011111
00111111100011010011011110011100
00111101101101100001011010001100
00111110000100101000001010010000
00111101111001101101101100011101
00111101111010000111001111011110
00111101111010000111001111011110
00111101111010000111001111011110
00111101111010000111001111011110
00111111111110000001110000100100
01000000011101100010100001011100
01000000000011000001001011010110
00111111100101100101010111111111
01000000010010111001001101011110
01000000100000000010100111011110
00111111110011100001001011001101
00111110010111001000111101000100
00111110001011110110100001110011
00111101111011010110000100110000
00111101111010000111001111011110
00111101111010000111001111011110
00111101111010000111001111011110
00111101111010000111001111011110
01000000000010011111110110000111
01000000011111110101110100101100
01000000000000110001010000010000
00111110111101010001110111110000
00111111110100001100011101011011
01000000001101000001111111000000
00111111101001100101111111111000
00111110001101110101101100001111
00111110001110100000000011001100
00111101111111011101001001011000
00111101111010000111001111011110
00111101111010000111001111011110
00111101111010000111001111011110
00111101111010000111001111011110
00111111111110000000010000111000
01000000011110101110010101011110
01000000011110000001001110001100
01000000001101000011011011000111
01000000010100110011100111011101
01000000010111110100010110101111
00111111101001110101001110000101
00111101110100011000110101011011
00111110001000100101101100001100
00111101111110101010100011100001
00111101111010000111001111011110
00111101111010000111001111011110
00111101111010000111001111011110
00111101111010000111001111011110
00111111001100111011100100110010
01000000001011011111001110111000
01000000011100111100100001110010
01000000011111000011111100101001
01000000100010010110100101100001
01000000100011000111001011101110
00111111110100001001000110000001
00111101110001111001101000111100
00111110000011111010000110000011
00111101111010010101101011000110
00111101111010000111001111011110
00111101111010000111001111011110
00111101111010000111001111011110
00111101111010000111001111011110
00111110000110100110001001010110
00111111000100100000111000101011
00111111011100110111000111100111
00111111100011001011111001100100
01000000001100011010011110101011
01000000100000111111100000011010
00111111110100111011111111010100
00111101111011000111001010111010
00111110000101101011100110011010
00111101111001011010101100011011
00111101111010000111001111011110
00111101111010000111001111011110
00111101111010000111001111011110
00111101111010000111001111011110
00111110000111110111111000000111
00111110010000000111101100100000
00111110010010001111100000100110
00111110001011110111110110110110
01000000000011110011000101110100
01000000011111000011010101001110
00111111111001100111100000110101
00111101111101011101000000011100
00111110000110000011010010100110
00111101111010111001010010010010
00111101111010000111001111011110
00111101111010000111001111011110
00111101111010000111001111011110
00111101111010000111001111011110
00111110000011110001011001110000
00111110001101110000111001011111
00111110001010101000001011011101
00111110001010111011000000100010
01000000000010110100111011101000
01000000100001111111011100110100
01000000000110001011010001001000
00111110110101011100100001101010
00111110000110001010110110110110
00111101111100011011010111001011
00111101111010000111001111011110
00111101111010000111001111011110
00111101111010000111001111011110
00111101111010000111001111011110
00111101111110111101111011010111
00111110000100011011111100010111
00111110000011100101010000000110
00111110000000110001011011011010
00111111111101101110101101000010
01000000100000001001000001010110
01000000001110010010011001101110
00111111010001000111100101011111
00111110000101110111100110100100
00111101111010001110110100100001
00111101111010000111001111011110
00111101111010000111001111011110
00111101111010000111001111011110
00111101111010000111001111011110
00111101111010000111001111011110
00111101111010000111001111011110
00111101111010000111001111011110
00111101111010000111001111011110
00111111001100101010111100110111
01000000000000001000011001110000
00111111110010101011111001101101
00111111000010011101001100110100
00111110000010111001000101000010
00111101111010011011010111100000
00111101111010000111001111011110
00110111000010101100101100010111
00110111000010101100101100010111
00110111000010101100101100010111
00000000000000000000000000000000
00000000000000000000000000000000
00111010001011111010001111011111
00000000000000000000000000000000
00000000000000000000000000000000
00000000000000000000000000000000
00000000000000000000000000000000
00000000000000000000000000000000
00111011000110000001010101100011
00111010100011110010101000010101
00110111000010101100101100010111
00110111000010101100101100010111
00110111000010101100101100010111
00110111000010101100101100010111
00000000000000000000000000000000
00000000000000000000000000000000
00111011000001001000111010111001
00111010011000001011001111111110
00000000000000000000000000000000
00111011001110111111111100010111
00000000000000000000000000000000
00000000000000000000000000000000
00000000000000000000000000000000
00111011001000000110000111100100
00110111000010101100101100010111
00110111000010101100101100010111
00110111000010101100101100010111
00110111000010101100101100010111
00111011000000000011110001000100
00000000000000000000000000000000
00000000000000000000000000000000
00000000000000000000000000000000
00111011110110000000111100000001
00111101000101010011111001011110
00111101011001010000010000001010
00000000000000000000000000000000
00000000000000000000000000000000
00111010100101101110000010101110
00110111000010101100101100010111
00110111000010101100101100010111
00110111000010101100101100010111
00110111000010101100101100010111
00000000000000000000000000000000
00000000000000000000000000000000
00000000000000000000000000000000
00000000000000000000000000000000
00000000000000000000000000000000
00000000000000000000000000000000
00000000000000000000000000000000
00111100110110000110011001100010
00000000000000000000000000000000
00111010110000011110111101100100
00110111000010101100101100010111
00110111000010101100101100010111
00110111000010101100101100010111
00110111000010101100101100010111
00000000000000000000000000000000
00000000000000000000000000000000
00000000000000000000000000000000
00000000000000000000000000000000
00000000000000000000000000000000
00000000000000000000000000000000
00111101010000101110001011010011
00000000000000000000000000000000
00111010110101110110011101111110
00111011001011000000101101100100
00110111000010101100101100010111
00110111000010101100101100010111
00110111000010101100101100010111
00110111000010101100101100010111
00000000000000000000000000000000
00000000000000000000000000000000
00111100110111110010011100101110
00111101100101110111100100001111
00000000000000000000000000000000
00000000000000000000000000000000
00000000000000000000000000000000
00000000000000000000000000000000
00111011110111000011001100001011
00111010010001101000001111000000
00110111000010101100101100010111
00110111000010101100101100010111
00110111000010101100101100010111
00110111000010101100101100010111
00000000000000000000000000000000
00000000000000000000000000000000
00000000000000000000000000000000
00000000000000000000000000000000
00000000000000000000000000000000
00000000000000000000000000000000
00000000000000000000000000000000
00000000000000000000000000000000
00000000000000000000000000000000
00111010100110111111100110010000
00110111000010101100101100010111
00110111000010101100101100010111
00110111000010101100101100010111
00110111000010101100101100010111
00111100111000010011001111111101
00000000000000000000000000000000
00000000000000000000000000000000
00000000000000000000000000000000
00000000000000000000000000000000
00000000000000000000000000000000
00111101010100111110100101110111
00111001100110001101010011000110
00000000000000000000000000000000
00111010000010111110001101110100
00110111000010101100101100010111
00110111000010101100101100010111
00110111000010101100101100010111
00110111000010101100101100010111
00111101111010000010111110001010
00111101001000110111101101001100
00000000000000000000000000000000
00000000000000000000000000000000
00000000000000000000000000000000
00000000000000000000000000000000
00000000000000000000000000000000
00111000101111111001001100110111
00111011011100011110100100100001
00111001101101010010010110100110
00110111000010101100101100010111
00110111000010101100101100010111
00110111000010101100101100010111
00110111000010101100101100010111
00000000000000000000000000000000
00111101101001010101110000011010
00111101000100111010100011111101
00111001100110100101011101001000
00000000000000000000000000000000
00000000000000000000000000000000
00000000000000000000000000000000
00000000000000000000000000000000
00111010000111110101100100101011
00111010010010111110100000001110
00110111000010101100101100010111
00110111000010101100101100010111
00110111000010101100101100010111
00110111000010101100101100010111
00111011000100111000000000101111
00111011001001100111110110011101
00111011000011111100100101100010
00000000000000000000000000000000
00000000000000000000000000000000
00000000000000000000000000000000
00000000000000000000000000000000
00111100101010010010010000110101
00111011100001110111110100011000
00111001101101011010101001000111
00110111000010101100101100010111
00110111000010101100101100010111
00110111000010101100101100010111
00110111000010101100101100010111
00111011001101111111110110110110
00111010110010010001011011001110
00000000000000000000000000000000
00111010000100010010000100001010
00000000000000000000000000000000
00000000000000000000000000000000
00000000000000000000000000000000
00111101000011011010001011010100
00111011100011011111001000001001
00111001110000001001111100110010
00110111000010101100101100010111
00110111000010101100101100010111
00110111000010101100101100010111
00110111000010101100101100010111
00111011000001001100010011000111
00111010111111010100111100110101
00111010010000111010101000110101
00111011000010011110000111011000
00111100111100111110110101011110
00000000000000000000000000000000
00000000000000000000000000000000
00000000000000000000000000000000
00000000000000000000000000000000
00111011000010111001101001111001
00110111000010101100101100010111
00110111000010101100101100010111
00110111000010101100101100010111
00110111000010101100101100010111
00110111000010101100101100010111
00110111000010101100101100010111
00110111000010101100101100010111
00110111000010101100101100010111
00111101111001110110001110111010
00111101110001001111111001111010
00000000000000000000000000000000
00000000000000000000000000000000
00111011001100011000010101010111
00111010000000010101111001111010
00110111000010101100101100010111
