00111100111011010000001010100010
10111101000101011000000111001000
00111110101111101101101111100011
00111111100101010111001000101100
00111111101101000101100011100010
00111110111100110101010011011010
10111111010100011001101111100110
10111111100110010011100100011101
10111111101001111011100111001001
10111111111011110010100011111111
00111100001100001110111110111111
00111110101010101001111000100010
00111111110000101110000001011110
01000000000011001001110010011010
00111111100000111011111000110001
10111111101010111100101010100111
11000000001010001001110100101011
11000000001001010001010001001010
11000000010000101110110110110100
11000000011111100100011110000000
00111110010000101110010000001110
00111111101011000110101101111101
01000000001110010101101110011110
01000000001101000001100101011001
00111111100100111100010101011011
10111110000000000011011010000101
00111110100110001110100101010100
00111111100001011101010010011011
00111111001010000111010010001000
10111111001110100101100101110011
00111111001101111010010101001111
01000000000101010001011101010000
01000000010101100111111100010011
01000000001001011011001110010010
00111111100101101111100111110000
00111111011111001000110011110111
01000000000001011001000011100010
01000000010101100101000110000011
01000000011111010010001110011001
01000000001100011010010010101111
00111111101010111011100110000011
01000000001111101110001111110101
01000000100000011011111110010000
01000000011101101101101010010000
01000000000010001111100000000110
00111110010110110101000001111100
10111110100001110000111100101100
00111111001100001001001011100101
01000000000010110011000000111101
01000000000100000111100101101010
00111111100010111111100011010101
01000000001000000100011001101111
01000000100110111010001101100111
01000000110101001101000111011000
01000000101101000110001011100101
00111111110010110101011110101110
10111111111000010010111001110010
11000000001000101111001001101000
10111111100001110101111111101110
00111110101011100011011000110001
10111110000010010111000100010000
00111101101110100101011010001001
01000000001101000010001011110001
01000000110011101101000100110111
01000000111100110111101111111101
01000000010111001011110000011111
10111111111000111111010001000111
11000000010111100011001110101000
11000000000000111110010011011111
10111110111000110000011101001101
00111111010001000101011001000111
10111111010011100110100110000110
10111110010111111101101111011000
00111111111010010001001110100011
01000000011010100001101111100101
01000000000011010101110011101111
10111111100111010110000001001110
11000000000100111100010110100110
10111111101101011101011011110010
10111110110000111010010010111111
01000000100010111000101001010000
01000000000010100110011111101110
10111110100111100111001001110000
10111111110111101111011001000010
10111111001001101111010010010100
00111111011010101001110011110111
00111101111110000011110001101001
10111111010000001111001010110101
10111111001101001000000100011110
10111110010111011100001000101000
01000000110000110010101110011011
01000000101111001011110001100100
01000000001111101110000110110111
00111111001111101001011100011001
00111111101001011011110100111110
01000000000011010010101110001000
00111111100001011110010100011110
10111110000000010000010111001011
10111110100001011110111100000011
10111101010000100111010011101010
00111101101110000000001011110000
10111110010111100101010111100100
10111111100111001101111000000000
11000000001100010010111100101101
11000000010101100100110110000001
11000000000011010011001111011010
10111111010000001000110110101110
10111111000100111010101100110010
10111110111100001000000010000001
00111111101101000110100001011101
10111101000001111001101011001100
10111111100011000001110100000011
11000000011100100111111011101001
11000000110011100110110011110110
11000000101100010010100111111100
10111111110101101110110100001001
00111110110111000111101101011100
10111110111001001011110001010101
10111111000000001011100110101010
01000000001100101010000110010110
10111110100101001100101101011010
11000000000111001111001001101111
11000000110110111110000111110011
11000001000011101100110111000000
11000000011101010011110011000000
01000000011000111001001101001101
01000000101010010011100000101111
01000000001010110100010001100101
01000000000000011011100110010100
01000000101010010100000010000111
10111111010001110101001010000000
11000000100010010111001111010110
11000001000111001110110100110010
11000001000101101011000001111001
00111110001100001001101001000110
01000001000011000110010110001010
01000001000100011001011010011001
01000000101110000011001010001011
01000000100101011010111001011111
01000000110001011111001011000011
10111111101101000010011101001000
11000000101000011110101010101000
11000001000100000001100000010111
11000000101101011010010111110011
01000000010110101100111110110110
01000001000010000100001100010101
01000001000010001100111110101111
01000000111000001111000001101011
01000000101010100111011001100100
01000000100010000100101100011000
11000000001100000011010000000110
11000000100001011010010001010010
11000000011011000100101010010101
00111110000100101101100110111110
01000000001111011001100100100100
01000000011001000100011111001011
01000000110010100110110110101111
01000000111111010110101010101100
01000000100111001001001100011111
00111111111100011101011010110001
11000000101010010111011000000010
11000000010011000010111100000111
00111111101011000001110001011011
01000000001111110111101011101011
10111101000100010010101100111010
00111101011010011011100000010010
01000000110110100110001100000001
01000001000101111010111100011000
01000000100100011101101111001000
00111111010111010110001011111011
11000000111000001000010011111110
11000000001110011001010011111010
01000000000011101100111001100010
00111111101010111111100111001100
11000000000100001001110010111111
00111111100101001100011100111000
01000001000110011101100111110001
01000001000111101010111111100001
01000000010111010100001111001101
00111110110001100011011110010000
11000000101111000000000100111110
11000000001001110101011011101100
00111111000011011101110011010010
10111111010001111111010110110001
10111111100100001000110010110001
01000000101010011000010100001110
01000001001100111101100111110010
01000000111110110011111111111000
00111111110111100011110111100110
00111100010110110011011111111000
11000000001101010001101011001010
10111111100011110001100011001100
00111101100111001001011001000001
00111110001111001100110100100010
01000000010101100011111000111011
01000001000010111111110110000110
01000001000100100011101000110011
01000000100000000101001010001101
00111110101000100111000101011000
10111101011100111100101011100000
00111101001000111100000110011010
10111100101100010111100010000011
00111101001011110001100100110010
00111111001101110111110100001111
01000000000010010010011000010011
01000000011001111110111110010000
01000000100001000111010000100011
01000000100001001100011101010000
01000000100011001011011001010101
01000000100011111110101011000110
10111101010001101100111010000000
10111110010011101010111000001000
00111110101000000101100111001010
01000000000010101001111010110000
01000000100101011010110001001111
01000000101111000111111110010100
01000000101010010011000111000010
01000000100100001000100001100011
01000000100010111111001011001111
01000000100000010101110111010110
10111101111011011110001011111110
00111101100010101100110010011111
00111111111000011000011000001001
01000000100100100101010011101110
01000000110101000101100111001100
01000000110010001100111010100101
01000000100011001001111111110001
01000000001011000101001000101110
00111111101011000000001100011110
00111111001001101010010100001001
10111101011101110101110000110000
00111111001000001010101001110000
01000000000011111001001111011101
01000000011001011110101110111110
01000000100000010011110110011101
01000000011000111010000001110011
01000000000110100001111001111111
00111111011000110110100100111011
10111111010110101010110110001000
10111111101010011000011001010000
00111111000111001101011101101110
00111111110101010001100110100101
00111111111010000001100100101100
00111111010111100100110111011101
00111111010100101101011101101001
00111111111101011100110101100101
01000000001100000111111010100011
00111111111101110001011111100111
00111110011010101100010011001001
10111110101101011101110001010011
00111111110101110100111010011001
01000000001101001100101100001000
00111111111011010110111011111000
10111101111100101101101010110010
10111100111011000010010011010100
00111111111110000010000100111001
01000000011100100100100000011100
01000000010011011100111000110110
00111111101010001010011011000000
00111110101100101110000110000110
00111111111010111010101110110100
01000000001110101100100110110000
01000000000100101100011101101001
00111111101110110010010111000000
00111111111000010001001101010011
01000000010000101101101000110110
01000000011110001101100000000001
01000000001100000111000010011011
00111111100001000101100111000100
00111110011001010011100011000111
00111111011101111010001110111101
00111111111000000010110011011110
01000000001001110001100011011011
01000000011100010011001111110100
01000000100100000100100011000001
01000000011110000110100110010101
01000000001010110010001000001011
00111111101010001001011111101100
00111110111000101010000110100000
00111101111110100101100010101011
10111101110111000110111101101100
00111110111111111110111011011011
01000000000111110110111000001110
01000000100010101101010010100100
01000000011100011001000101000001
00111111111001001001110000101110
00111110110101110000100110111100
00111101101011001000101100001111
00111110000011110110111010111011
00111101111001110100010111011001
10111111000000001111010101101110
10111101110011101011000010011010
00111111100011011010001100000010
00111111100111010111001001100100
10111110100010011100111100001100
10111111100110100100010011100101
10111111010101100010111000010001
10111110001010111110011100001101
00111110000111001110111110010100
00111101111000011010000000110001
00111101111011100000101000110010
00111101101000000111011110010011
00111111001110101101100110101011
01000000010001101000000101101001
01000000110100000011101001001110
01000001000101101011001010111001
01000001001010010001110110101101
01000001001001101111011101100110
01000001001000010010101110111111
01000001000010101101111110100001
00111110000110011000000111000110
00111111010000100000101011100100
01000000010111101100111010111000
01000000111101110000100011100100
01000001001010111101010001110111
01000001001010110000010011011000
01000001000000011011010100010110
01000000101100100100000001101001
01000000011010001001111111100101
00111111101111110001000111101111
00111110101010000010010001101111
00111111111100001000010110100100
01000000101001101100001111000100
01000000111000101000001010110000
01000000101011011010010101001101
00111111011010111101011100011010
11000000011001100111000010111110
11000000110000100101100110000110
11000000111101110011100000111010
11000001000001001101110111000101
00111111010001110001001010001110
01000000001011101010001010101001
01000000100001111010100100110001
01000000001001000011101000110101
10111111101001000000010110011000
11000000100100001010001011110100
11000000101010000111001100000000
11000000101000010000001011101100
11000000101110101111001101100101
11000000110000001000100100010100
00111111110010010100001000000110
01000000001010010011001011110110
00111111110010110110100000101001
10111111111010000100011110101110
11000000100010110011111001000110
11000000001111101010100101011111
00111110101100010000101000101110
01000000000100001001110001111111
00111111110011110000101111110001
00111110101010001001000010000011
01000000001001010110000000001011
01000000000011011001000111111010
10111111000111000010100101010011
11000000011110000111101110100110
11000000100011100011010010010011
10111111110001111110111000011100
00111111101110000111101110010000
01000000000010111000011011111000
00111111110001110101100010110011
00111111011001100001010011110110
01000000011011011110000000110111
01000000010001101100011101100010
00111111101101010111000000110110
00111111101000011011001000000111
01000000001111101011101100010000
01000000010011010110110011001011
00111111101110100110111000111110
10111111011100001011101110000111
10111111100101000011101110011011
10111110010110010100100101010011
01000000000100010000011000111111
01000000000111111011010010010100
01000000011111001110100111101000
01000000111010010011111111010101
01000001000000110010000100000110
01000000100000011011111111101101
10111111101001100010000010111001
11000000011100110100010010010000
11000000000010100100101011010000
10111110011001010010011111011001
10111111100101000101010011101000
10111111011101011000111110101001
00111110111100000100111000000010
00111111101011111100010110100111
10111111000101011101001010011110
11000000100100000010010000010101
11000000110011100001010000010100
11000000100011111010001000100011
10111111100101110110110001010101
00111110001001000100001010100101
11000000010001001101001101011011
11000000100011110001101001111001
11000000110001001011010000111101
11000001000010001101110000100101
11000001001000100110110100010000
11000001000101011111011110011000
11000000110000011011111100101001
10111111111111000011010000110110
00111110001001110111111111110100
00111110100100010101101001100110
10111011111001101111001010011100
10111110110110101000101111001010
10111111111111110110111001001011
11000000100111111111011101111000
11000001000000100101011001010001
11000001001001000010110000110111
11000001001011100011100000000100
11000001001010000111111110011110
11000001001000100101010001100111
11000001000011000100011101000111
10111110000000001101011111111000
10111111011100011111000100110011
11000000010010010101101100111000
11000000101111011100100010011100
11000000111000110110000010000000
11000000101011100110011110001000
10111111111110000110010110111001
00111110111111101100010100101110
00111111010000101110110110101101
00111111000010001110010100010100
10111101111101110110010011010000
10111111001010001010001111111010
10111111111101000010100111001100
11000000001011101111010000101010
10111111011100010111101111110000
01000000100000000010001100101001
01000001000101110110100001001111
01000001010000011101000100011111
01000001001111100011000111000111
01000001000111111011110011001100
00111101100100000111100110101110
00111111001101000011100000110100
00111111011000001100010010010010
00111111011100111011100010111110
01000000000001100101011010111010
01000000100001100011011101000100
01000000110000111101101011010011
01000000111100000001100011111011
01000001000010101101000000000101
01000001000001011010010011010010
10111110111010111011110010011111
00111111110000110010100100001101
01000000100010000001111101101001
01000000110111010000100001111101
01000000111001100101000101000101
01000000011110101111001111010111
00111110111101010100000000001001
10111110101011101010010100010011
00111111101110000111000000011001
01000000001100000001010100111010
11000000001110010001101011000000
10111111110000001111100100110001
01000000010100010001101011000011
01000001000011010010100011000000
01000001000110110001100000011000
01000000101001011111100000101000
00111111000101100110101101001010
10111111010111100101010111001010
10111101001011110011010000101010
00111111000000010001001010101011
11000000100010000011100010000101
11000000101111011001110001011111
11000000011011111000010101100000
00111110111110001011110011100010
01000000001110110110000000000001
01000000000111010110101000011011
00111111111110011111111011110000
01000000001000100111101001110010
00111111111110011110001111001000
00111111001001111010101000100100
00111110111100000010010010101001
11000000001010011111001011001101
11000000100101011001110011101100
11000000100110001101001111111110
11000000000110010100101110000010
00111111110011011010110001101101
01000000100110100101111110110000
01000000101101100011101111010100
01000000010001110100010111010101
00111111001010101011000100011111
01000000110110000111001101000001
01000000110101110111011111111010
01000000101101000010101000000111
01000000100000101000100000100010
01000000100100010101011111010011
01000000111011100111001000000110
01000001000001110111110000110100
01000000110000111111101101101001
01000000000110010100110001111100
00111110101111001001000101111101
01000000111101000111010100010011
01000001001101011000100001111100
01000001010100100011100101010001
01000001010010100000110000000010
01000001001101110011101001111110
01000001001001100111100001001110
01000000111100111011101111110100
01000000011101001001101101010101
00111111100011100000010101011111
00111110001100111010010111011010
00111110100100001011101100001010
00111111011111100011110000111000
00111111111000101000000000010101
00111111100010110101010001000000
10111111100011001111010101011011
11000000010010011110101101111001
11000000100001110110010000101110
11000000100110000110110100101110
11000000101111000111001000001010
11000000110110110100011111100111
00111111000110100110101111010011
00111111111100111111111001111010
01000000000101010001101111100011
10111110000110100001101011011010
11000000011111101100100100010110
11000000110001001010010100100110
11000000101111110101011110101001
11000000101000111101111001010110
11000000101101010111010110110101
11000000110101001011101101001010
00111111100100101000110011001101
01000000001110100111000010000110
01000000010000011100110100000111
10111110100100001000100000000111
11000000100010100001100100101011
11000000101011010111000000111010
11000000001101000011000100110000
00111101111001000011010110100111
00111101111100011001100101011100
10111111101100011000110110101101
00111111110001101111000010011111
01000000011011100100110101110110
01000000100010000011110000101011
00111111101010100110000011101011
11000000001010010001011011001101
11000000011110100100001000011110
10111111011111100111011000010100
01000000001010110001000011101100
01000000010101010001011000111111
01000000000011001000010110001010
00111111101111011000100011100000
01000000011000110010101100010011
01000000100110101101111110111011
01000000010101101001011110001000
00111110100101100101010110000111
11000000000100111111111001100100
11000000000011011111101010010111
10111110100011011000000001110111
00111111100110000101101010001000
00111111110111001010000000110000
00111111100110100110010000111111
00111111111111000011101110100111
01000000011000100010001110011000
01000000100100111010010100100111
01000000010101101110010010001011
10111111001001011011010110011010
11000000011101100000010010001011
11000000011011010100110011000101
10111111110011111101001010001110
00111101001000000110001010101000
00111111100110001111101110001000
10111110100001101001010101011011
00111110100100011110111001001001
01000000001101110001101110011100
01000000010001101001111111101111
10111111001110001000101110000110
11000000100010110000100010001110
11000000100000001110101011100001
10111111110000011111101111111000
10111101100110100011100000001111
01000000000001000110000000001000
10111111011111101100000110010100
11000000001010001010110110010010
10111111110000010001010111010000
10111111100101010011000010101011
11000000010100100011101101000110
11000000100011000111110010110100
11000000000110000111011111100000
00111110000100101100000110010010
00111110111110000100001000010000
01000000011000010010111010100000
00111111011001001011010111011001
10111111100111011011010001001100
10111111101011110100100000010011
10111111111111010010111111110001
11000000010001111001100000110011
11000000000111011010011101100101
00111100011100010001011110010000
00111111101011101000001111101001
00111111001001111111001000110101
01000000100110010000100010111001
01000000100000100101101000110001
01000000011001001010010011110101
01000000010100001001100011101000
00111111110101101111101101001000
00111110100010010101001011100010
00111111000101010011100000100110
00111111110100010000111101000111
00111111101110010111101110110001
00111110111011001101010101101100
00111110100001111001110110010010
00111111000110011000000100100000
00111111010011110011001001100101
00111111010100110001010000100000
00111111010100101110000010101010
00111111000100001110100111101100
00111110111101000000011010111010
00111111010010010011110000001010
00111111100010001100101110110000
00111111010010011000110011001011
00111110101010010110000101001000
00111111000010100110000000111001
00111111001011001010110100001001
00111111101100101101010000101100
01000000000000011101111100010011
01000000000010011001010001101101
01000000001010001101110011011100
01000000011010010110100000100010
01000000100101010010001101000010
01000000100000011001100000010001
00111110100111100111011010100111
00111110110010010001111011010110
00111111111001101010001110001110
01000000100101001011101001101100
01000000101100100000000111111110
01000000100011001011100010101111
01000000010111000000110001010000
01000000011110011100011000111101
01000000100101000110110100011110
01000000010000010011101101111001
10111101000000000000100111111000
00111111001010101010000001111011
01000000100101010000100110111110
01000001000100000110110111000001
01000001000000110110010011111011
01000000011101001110110001001110
00111111001110001011011100101000
00111110100101010101110111011000
00111110001110110101110010100010
10111111111010000001101110101101
10111110100001000000100001001000
00111111101010000101011110011101
01000000101111110001011101000000
01000001000010000110001101011100
01000000101011100010100001110110
00111111011000011001010101001100
10111111101010000101001100100000
10111111111011011110101000000011
11000000000100100011110010111101
11000000010100010100111001100101
00111111100001111111001010111000
01000000010000010101010000011110
01000000101100110111010100110011
01000000100100001101001110000100
00111111100010111001101001110001
10111110101011011001011000100100
10111111001111101111001110111110
10111111100010110111111101001111
10111111011100100111100111110001
10111111011111011100000111001111
01000000010110101111001000011101
01000000100111100101011000110100
01000000100000111110001100011011
00111111000110100010100001000010
10111111011100111100101110000101
10111100111001001010100101111000
10111111010110111000100001010111
10111111101001110011001011111010
10111110100111000110000110010000
00111110000001111010011111010110
01000000100101110001000010101110
01000000101010110101110001000111
01000000001111001010000000110001
00111111010111111111010000111100
01000000000110100010110010000000
01000000001110100110100000110010
10111110111100110010111000100000
11000000000011011110001001110011
10111111011011010001111101101101
00111101001000000111011110111000
01000000100001010100001110000111
01000000010101110000000001111000
01000000000010000011110111101000
01000000100001100001011011111011
01000000111100001011000010010011
01000000101011101011011010011110
10111111010000100111000001000001
11000000010100011001111101010101
10111111101101101100101011010001
10111011000111100010001011000000
01000000010101011011111110001000
00111111111110010010101101100000
00111111111100011111111100011110
01000000100111001110101100110100
01000000110000010111010001010101
00111111110010100100001001000010
11000000010101100000101110111101
11000000010110011001000101110011
10111111011110000111011011100001
00111101101101000100110001000110
10111101110010010000100000110111
10111110111010010010010000011000
10111111101010000000110100101101
11000000000000111000010011111000
11000000000000111100001000100101
10111111111100110010001001011101
11000000000001001000010110010101
11000000000011000011101000101000
10111111111001001001001101110011
10111111011010011010111010111010
10111110011000010100111011000110
10111111011101100010011011101100
11000000000001000100100110111010
11000000000101001011011010000010
10111111110110100001100000011001
10111111101110101110001101110000
10111111110101100001000110100101
10111111111000110111100010011010
10111111110001001101111111011110
10111111100000111110000000011101
10111110110010101001011111011101
10111111101011011010000100110010
11000000000110000011110100010111
11000000001001100100100001001100
11000000000011011100001100101011
11000000000001010110001000110100
11000000000010000000010011101011
11000000000010101011111100010011
11000000000010110011101110101100
10111111110101000001100011010110
10111111000001111101010101101110
10111111101100110001000000101111
11000000001001000100101111001100
11000000010101111110101100101010
11000000011010100110111000010000
11000000011010000101111101011001
11000000010011100111011110101110
11000000001100100111001111100111
11000000000100110110110101000110
10111111110011010001010001111011
10111111010000010010101101101010
10111111100100110001011011001100
11000000000010101110101100000010
11000000010001101101010111101000
11000000011110101111010001110000
11000000011101110100001001101001
11000000001100100100111100001001
10111111111111001001100111000110
10111111101011110011100000000000
10111111001011101010110101101101
10111111101101001100000001010101
10111111110001111110000001100011
11000000000011001110001111010001
11000000010000101011111111000011
11000000011011100101011100100011
11000000010100011001101111010101
10111111111111100001010000010111
10111111101111000001111001110000
10111111011101010100010011011011
10111110010101011100011110111100
11000000000010001000110111010011
11000000000110011011001111010000
11000000010010110100000011001100
11000000011010111100110001001110
11000000010111100011101011111110
11000000000111111101111101101101
10111111101110101001101110000100
10111111101111110101011110010011
10111111100100000101110011000111
10111110101001001011001000011011
11000000000000010110100011111100
11000000001001000011110000011100
11000000010010110011110110111111
11000000010100001000111011010010
11000000001011101110110010101101
10111111111110010010110011011110
10111111100000011101100011111000
10111111100111010011110100100111
10111111100010110100101101111110
10111110110011000100000001011010
10111111110010000110111011001011
10111111110110110011110111001100
11000000000001101010011100000000
11000000001000011011001001010000
11000000001000101011111000001010
10111111111110010010110101001011
10111111100100111100101101111011
10111111100010101010001101000100
10111111010110110110011011111001
10111110100101110100100110011111
10111111101110000001101010100100
10111111100110100011100011110011
10111111110011010000100100111011
11000000000111111011100100100100
11000000001011000101011110001010
11000000000001010110010110001100
10111111101100000101001110111101
10111111011011000000111001111110
10111111000000011100011000000111
10111101111101110001101101001001
00111101110101101110000101111001
00111110110011111100010001000111
00111111010111101101000001111100
00111111101001011110100001100110
00111111111100000111101011111111
01000000001111111111110010101110
01000000011110111011000011010000
01000000100001000100110000011010
01000000100000100111011010001000
01000000100000110111100110011010
00111110010011100001000010101001
00111110111110100101101101110011
00111111001010011110101101110011
00111111100111100110010110011000
01000000010100011100111010100101
01000000101100110000110100000001
01000000110001101001100111011001
01000000101110110001010110110011
01000000110010010110000111010111
01000000111000001011001000001001
00111110010001001101100001011000
10111011100000101010110111001010
10111110000011111010110010100010
00111111111110010010101010111100
01000000101111000101000011011001
01000000111001011100100001100010
01000000100111110001110011001111
01000000010100001100101111010011
01000000100000000001010001101111
01000000100111101100000001110100
10111110010010110100011000101100
10111111101000011010001111001001
10111111001100101100000110100110
01000000011010000000010101110101
01000000111100000101100000010010
01000000110001100100010100011111
00111111111010011010001111001010
10111111010011100100101000101010
10111111011011101011010011001111
10111111000111110010111000110101
10111111000111000111110101000111
11000000000010011001111100101110
10111111011001001010100000101011
01000000010100111110111000010010
01000000101100110011001000111001
01000000100100110010100001011111
01000000000111010100100010101110
00111110100001000011110001111111
10111111110100000110001100101010
11000000000011101111111000010110
10111101011110011100001110101110
10111111001100001011011010000000
10111110000000111110001100000000
00111111001001000101011110110010
00111111100011011101010001111111
01000000001101110011010000101001
01000000101000110001111110010001
01000000100000011001110000111011
00111111011010010011011000111100
10111111000110100100101010001101
00111111110010010110000011101001
01000000010011011110001000111111
01000000001010000000101011100011
10111111010110110001111111110110
11000000001000001101010010101101
00111111100101001101001101111111
01000000101011101111010000100000
01000000100111010101110101000101
00111111110111011110011100001100
00111110000100111000101001011101
01000000000000111100011111101101
01000000101011011011111101101110
01000000101010100100011100100100
00111111101011100000000010101000
10111100111000111001001011101100
01000000010101000111101101010011
01000000101001010011000110011010
01000000010000011000101010010100
00111111001111111000011111110011
00111101101100100100001001000001
10111110001000111101110100001100
01000000001010100110101011111110
01000000100001000011100001000110
01000000100000101100000001110111
01000000100111000000000100110111
01000000101100111000111010001000
01000000010000111010001000010101
00111110000101111000011010110001
10111110010100111100001011010011
00111101101110100110100110100110
11000000001001010100110011001001
11000000000000101110010111010010
10111101111001110101100110010011
01000000001101100100001001110100
01000000100010011101111101011100
01000000001000011100101100010101
10111110111111110100011111110101
10111111101001100101001000000001
10111110100110001000101101011101
00111101110101100110011011011100
00111101101100001000100010011110
00111110101101111011101010111010
00111111011100011000001011100110
00111111110001001101111001010110
01000000000011100011100101101000
01000000010001011101101110110001
01000000011100010011100001110100
01000000011110110001101111000111
01000000011001010010010010100100
01000000010000101010011000111111
00111110010000100001011010111110
00111111010100001100011011010110
00111111111011101100101111010110
01000000001100011100111011011110
01000000011011101100111100100100
01000000100101111100011000100110
01000000100110110000000111010110
01000000100001101010101111000100
01000000010101101101100010011010
01000000001001010100100101101100
00111110110111110011000101000011
00111111110110100010000110010110
01000000010100101010110011000000
01000000100011010111001111101001
01000000101001010010101001011010
01000000101010010101100100011010
01000000100011000111001010110010
01000000010010110001010000111001
00111111110110010110100110010110
00111111000011110011001101101010
00111111010010100110111111000101
01000000001001100000100110110111
01000000100010010001001100100001
01000000100101010100001000100110
01000000100011101101101010010000
01000000011111100001100011010101
01000000011000100010010011100010
01000000001010000111001110011110
00111111001101110000000101100111
10111111000000011010010011111010
00111111101010001000100001010110
01000000010100001100101111000011
01000000100000011011011000000111
01000000001101000000000000111101
00111111111001101101110111110000
01000000000010011011110001000011
01000000010010010011011010000001
01000000001101101010000100101111
00111111010100111000111101000111
10111110011000001000100000101111
01000000000010101100101100110101
01000000011101100000001000000100
01000000011101110110010110110100
00111111111101110011110001000100
00111111100110011011000110000110
01000000000010000110101101010011
01000000010101001100100110110001
01000000010011111011010100101000
00111111101001001001011011101100
00111110000011000100100010111110
01000000001001111011001111000010
01000000011011011000000101000100
01000000011101000000011010100111
01000000010000000100111101101110
01000000001100000001110010001100
01000000001001000000010001111110
01000000010000101101101011101010
01000000010010100111000001101011
00111111101101001111100111110110
00111110001010100100100011101010
01000000000011010101010000110110
01000000001001100111000101101001
01000000011001001001001010101111
01000000100101111011010011110001
01000000100110000010010111000001
01000000001110101101101011111101
00111111111110111101010110110010
01000000000001001101000110010001
00111111100111000100010100110010
00111110100011001100001111001100
00111111110000000001000001101000
00111111100111011010101101101010
01000000010001111110001011110010
01000000101001111000010110110111
01000000100011101001011101001001
00111111101010110111100101111010
10111110010010000010001110110101
00111111010001111010100000110101
00111111100010101001001010000010
00111110110011010001000011111111
00111111100100010100001101101100
00111111001001101000011000101100
01000000000100101011111001101110
01000000011000001100001011101100
00111111110111101011111101010000
10111111011011110011000111010101
10111111011100010100111010100000
00111111001111011101001001101000
00111111100000001101001101001100
00111110101000010111000100111000
00111101101110010010000100001110
10111011010011001100110111011000
10111110000001011100111001101100
10111101000100111101100011001000
00111110101101000110110110101111
00111111100111001110000011011010
01000000000011111111011100110011
01000000001011111100001110111011
01000000010010011111110111100010
01000000010111110000100100101100
00111101001011010000010011111110
10111110101110110001111110101010
10111111010011011001111010001010
10111111000001110001000011010010
00111111010111101011001000010110
01000000010010100010010000111001
01000000100101001111001101111110
01000000100110000000111011010101
01000000101010001001100000010100
01000000110001110100100000110110
10111110001100111001000000100100
10111111100101111000100110110011
11000000000001000100101110100001
10111111101000011100110011000011
00111111110110000111010001010111
01000000101000000101001100010001
01000000101010010010000011100110
01000000011100001100010000110111
01000000100000101000101100010101
01000000101101110110011101110011
10111111000111111001111100001100
11000000000111001010101000001011
11000000010111000011101100010001
10111111100001101000001110000111
01000000100011011001111010100011
01000001000000011001101011001011
01000000110010001111001110000011
01000000001111110101000111011000
01000000000110001010000000100000
01000000010101101010011010010100
10111111100010100101111000000000
11000000010101010001111010001111
11000000011010100000111001001001
00111110100100000010100001101011
01000000110100011101100110000001
01000001000101110011010011001101
01000000111010100011111111000101
01000000100100110000011101011101
01000000001011111111001001100001
00111111110111011000111011110010
10111111100000101001110111100000
11000000001001010110101100000100
11000000000011000110100101101101
00111111001100011100100111010010
01000000100000110110110110001111
01000000110001110110001111111101
01000000110100011000111101110111
01000000110001101100011100100000
01000000011011101111110010101000
00111111100110100011111101011101
10111110110001100100000011011011
00111110100110000111010111100001
00111111111011000100110001110100
00111111110011110011001011100111
00111111011011100111000010111000
01000000001110000110000001100010
01000000101110101101111111100101
01000000110111010100100010111100
01000000011111001010101010010110
00111111011010100111001101110000
10111110111010001101011011100100
01000000001011010000011111110001
01000000101001101001001110101111
01000000011010100100001100001111
00111111110011011010010010011011
01000000011111010100100111100111
01000000111010100100000011101000
01000000110110101111110011100001
01000000001111111010111000011011
00111111000011000100101011011111
10111111110011110000011000101011
00111111111001100011000011011101
01000000100001011011110111100010
01000000011111100101110010100001
01000000011100001101100000110000
01000000110011110011110010100111
01000001000000010001111100010101
01000000101001000101110100001100
00111111101100101101000110101101
00111110001010011101010011010101
11000000000100101110010000010011
10111111000001011001101111110100
00111111010011111100001110000111
01000000000000010110111101100111
01000000100010101101000000010000
01000000110101100010111011101011
01000000101101110111001001010000
01000000000011100100000010000001
00111110010100101011111000100011
00111101001011111111101000001010
00111110000110011110110110100101
00111110011000111100000100010100
00111011100000110000000010000000
10111110101011110111011110000011
10111111001111011111110010011011
10111111010000001000100011101101
10111100010011111110101101101010
00111110111001111000110001011100
00111110001001101110110111110000
10111110010100000101100111011000
00111110101000011000111111111010
00111111010001100011111010110101
00111111101010111110000110000111
00111111111010011110001100101101
01000000000100001001111101100111
01000000011011101111011111001010
01000000101100111110111111100110
01000000110001111111001111111100
01000000100111111111111010101100
01000000010000010101101010010101
00111111001011110100110101111110
01000000000001100001111100001011
01000000011110100011111010011000
01000000100000111111110100111010
01000000011100010001010101101110
01000000100101111010011010011001
01000000110000011101011001100111
01000000110001011110001110000011
01000000100010010110111000001011
01000000000000000101110011100110
00111111101011110011001010010111
01000000100001010110110010011011
01000000110010100000011110100100
01000000100110011000111000001111
01000000000001010100011000001101
00111111100001010100001000100110
00111111101101101011101011110111
00111111110001110111111010100101
00111110111010111010100001000111
10111111000010101001111011111111
00111111101111011001101001110100
01000000100100101111110011111101
01000000110000101010100010111001
01000000100101101010011011101111
00111111110110110111111101100010
00111110000010000001001110111101
10111110000001001011010101111000
00111101110111000000111101001010
10111101100110001101111100111010
10111111000010000001000100101100
00111111011011110100100001100010
01000000000011111100111111000101
01000000010000010100010010001110
01000000010000101100111110001010
00111111111110011001000010101011
00111111001011101100111110000010
00111101101000000001111000110100
00111111010111110000001000000111
00111111100110000000010001111011
00111110110000010111111100101100
00111111101000101100110011110001
10111101000101101001011111100011
10111110101011010001001011111110
00111111100000010000011111111110
00111111111010000010101101101011
00111111000111100100111010001010
00111110100111101010000100010000
00111111101111111010010011011011
00111111111100010001010100101100
00111111010001100011001111100111
01000000010110010010000110010011
00111111101000111001111111111011
00111111010100000001101011110011
01000000010001101111011000011100
01000000011011010100100111100001
00111111110101100111011000001010
00111111010101110110011110110000
00111111101100010111101100001011
00111111110010101101010010111100
00111111001101110110011100010101
01000000100100111011111000111001
01000000100000001011100011000101
01000000100110111100010001110010
01000000110101000001000111111100
01000000101011101000010110010111
01000000000101001111100011101001
00111111001010100010010101010100
00111111001001110110100001011000
00111111100000100100010001010000
00111111000000111010100111100000
01000000010011101101110011001111
01000000011110001011000110100111
01000000100111010010101000001001
01000000100101101100100111101010
01000000000111011001000011100101
00111110010101111100011101000111
10111110100010101001110111111001
00111110110001011110000011101100
00111111001110001110011111010011
00111110100100110000110110111101
00111110001010110100100100100011
00111101100011000100101001111001
10111111001111111110100010011101
11000000001010101010110111010011
11000000101000000010010011111111
11000000110010110011001010101000
11000000110010010011100100100011
11000000110001101000001101001000
11000000110100000000100101110001
11000000101011010110100010101001
00111110010111100101010011011010
00111101000000011110000101011010
10111111110010010110010011111001
11000000100100011111110111010111
11000000110011010100000111110010
11000000101011010100000110111001
11000000010101000001001111110001
11000000001010100111111000111001
11000000010110101000111000010111
11000000001101000110001111100101
00111110110101011101010010110001
00111110111011000100000001011100
10111111100110010010101110111010
11000000010110001000011000101100
11000000000101011010010101010100
00111111111110001101010001111101
01000000101110001001100111010101
01000000110101110110111011111101
01000000101010111100100101011110
01000000011111001100001000100111
00111111010110011011011001110110
00111111110011000001010011001111
00111111001010101010100001011001
10111110110000001000000111100100
00111111100000000100000001000110
01000000011111001001001011110010
01000000110011110000001100000100
01000000111010011000111101000011
01000000110011111111000001010111
01000000100101011001101010101101
00111111100011000011100011101000
01000000010001001111101111100010
01000000011110110001000000111011
01000000011101011000011011100011
01000000000010101100111101110011
00111101011010101011000110001110
10111110001001011100000100111100
00111111100001110001011010101110
00111111111010111100110000000000
00111111101100000011100111110111
10111110101110010010000101100001
01000000000100101000011100101101
01000000101100100010101100011110
01000000111100111000000011111001
01000000100100110000101110110111
10111111010011010010100110000110
11000000000111001001111101000011
10111111001100101010100000000011
00111111001101000011111010010110
00111111000001011110011101011110
11000000001010001001101000111100
10111111110011011010110010110000
00111111110110001001010011110100
01000000100100111100111001100001
01000000001000001001111000100001
10111111110000010100111110000110
10111111101011100100000010000110
00111111001000100101010011101110
00111111101000100111010010000100
00111111000111110100101101001110
10111111101110010101000101000011
11000000010101100111010011000110
11000000001110100111010110001011
10111111100110000001111001111010
10111111100101000010001011011011
10111111010010010111001110100110
00111111101000101101001001101011
01000000000000010101011111101001
00111111100111111000010001011000
00111110111001111100101010000100
01000000011010100101101110100111
00111111101011110111011101000110
10111110001111111100100010001100
00111110110010001011000001110101
00111111110001110100010100100111
01000000010100101001001100001000
01000000100000001000011000000000
01000000000110100101011011110010
00111111001011001100100011111111
00111110001001000101001010101010
01000000110100001010000000110011
01000000110110100011001100001010
01000000110100001111011000001111
01000000110100010100110101110101
01000000110011110110000001000111
01000000101110001010101101110100
01000000011100011100110001110101
00111111101010000000010011111101
00111101101101010000110011010000
00111100111010001110110111111011
00111101111111011011110001101100
00111110010111101000101010001000
10111110010010011101100100001000
10111111100010001001001010001000
10111111101001011010011000101000
10111111010010110100111101011100
10111110101000110100101111101110
10111110111000111011101101000101
10111111010100101011111001110001
10111110111001111110000100101101
00111110001100101011110011100010
00111101101110000010110110001100
10111111001111000010001011011111
10111111101000010011101011110011
10111110111000111110001111110111
00111111010101101101011101011111
00111111100011100011111011111111
00111111000100100101001111101000
00111101110110011011000010110100
10111110011000000111111100001011
00111110001011001110011110010011
10111101101010001110110101001111
10111110101011011000100111111111
00111110111100001110100010010011
01000000000100111001011111101100
01000000011110101000000111110000
01000000100010011111001101100110
01000000100010010100010001100000
01000000100000001100111011010101
01000000001010011011111011000001
10111100101011001000111101110100
00111101101111100111010010101110
00111111100101110011011111000000
01000000010101000000000010001111
01000000100100110101000001101000
01000000100010110000111010110101
01000000100110000110110101001111
01000000110000101111010000000111
01000000110101100000001011000001
01000000100111110101111101101011
10111110111111100001001111101011
00111111010101010001011010101001
01000000011110011010110010001111
01000000111000101101110001001101
01000000110011010001001011111011
01000000001110011011000000001011
01000000000000110010110110101100
01000000011000000010001100100001
01000000100100011001110111110011
01000000011001001011001000011000
10111111100011001010111001110101
00111111011110011001011001010010
01000000101100101001111111100000
01000001000011000101001000100000
01000000111010000100001010011110
01000000010001001110110111011110
00111111011110110111000010100100
00111111001111101101100010010000
00111111011011101110000010000011
00111111010110011001100010111000
10111111010111000111100111110011
00111110000010110001000000001101
01000000010101010011000000000001
01000000101110100001110111100110
01000000110101010011101011010111
01000000101100111000010001000101
01000000011001001111101111011000
00111111100001111100001110011101
10111110101011010010101000010001
10111110001110010100001100001011
00111111101111001001111000000100
00111111010001111111001111100100
00111101010010011101101010001111
00111111001100111111111101001011
01000000100000100010100101011010
01000000110011011000110010000100
01000000100111110110101100000010
00111111101101010001110010001111
10111111000001101110001110010011
10111110100100000001100111101010
01000000100001110010000000000100
01000000011100110011010010101001
00111111101001100011111101011001
00111110100000000111011001100110
01000000001101001101100110100111
01000000101010010100111111111010
01000000011101000101101110101010
00111111010111110011110001000111
10111110100110100111010000100001
10111101110001001111000101011010
01000000100111000101011110101111
01000000110010101000111101011011
01000000101011101111111010011010
01000000100010011101100001001101
01000000100100110001000110000001
01000000100011111001011110111100
01000000000110010101001000100010
00111111000001111110011101111000
00111101011100111101100001101101
00111101010010010100011100001111
00111110101000110110101100000111
00111111100000100110111101010001
00111111111000000010000011010111
01000000000001001100011100011001
01000000010011111101111010111000
01000000101001110011010000000100
01000000110010110110100011011111
01000000101110100010001011000010
01000000100100111010011000100110
01000000100001001011010010011010
00111111001100000101101111111110
00111111111010100000000101001111
01000000000011001001100110100001
01000000000101010100101001011001
01000000011010100011011110100100
01000000100100111010110111100011
01000000011010110011010100101000
00111111110110001111111011101110
00111110101101010111110010001101
00111101111100001010000110000010
00111111100011100100001110010110
00111111111110001011011100010111
00111111101001101001111000100010
00111111001110110110001101101101
00111110110011101001110110111000
10111111000110100111110110110011
10111111111101101010010001000101
11000000010010100000010100110110
11000000011101000001000011011011
11000000011000000001110000011110
00111111011111100010100110111101
00111111010111001101011110101110
00111011110010101101011010010000
10111111001010101111111111110001
10111111101011111110000111001000
10111111011100011011000100110101
00111111000011011011010101000010
00111111100011110011110110111011
00111110101001110101011000010101
10111101111111010010011100000001
00111110110001111100100111110010
10111101110001101001011100100001
10111110110010101001011011110111
10111111011100011010111011101101
10111111100000111001001001100111
00111111101100011110101100001000
01000000100101100000100101101111
01000000101110010010000111001000
01000000100011000110010000000001
01000000001110011001101001111000
00111110100111101110010000010101
00111101010100010110000001110100
00111100100011011110111101010110
10111111000000110111100101011111
10111111001001101001010101011110
00111111101010100001111011110110
01000000011110010001101000100110
01000000100100011100001000000110
01000000001110110001111100011110
00111111101110001111101010000101
00111111100110111010010110010011
00111111110111110010101111011110
01000000001011110100000000001010
01000000010000001100001011101100
01000000001110010010011000100101
01000000010110000011110011010000
01000000010110011000000111101111
01000000001100011110101110111011
00111111101001101011010100011111
00111110100000111010100000010010
00111111000000010001100100011111
00111111100110010101100010000011
01000000010011110110111011111010
01000000100010100000011000101010
01000000100011011101101000101101
01000000010011000011111110010010
00111111101110100001000111100010
00111111110000100111101111111100
00111111100110100100110101011110
00111110110010000110011001111111
10111111110011111110111111111001
10111111110101011001010111000101
10111110100111000000111010000010
00111110101110100101110001111010
10111110101010100010100000110001
10111111111000100010110100111010
10111111101011010010001100100110
00111111100111111111101100010110
00111111110101000001100101011111
00111111000100101011011010011011
11000000000011001000100001010011
11000000010010111100110110111010
11000000010011110100101100011010
11000000010100010110010011111110
11000000011010000111010100000110
11000000001100110011100001001000
00111101011110011111110010101101
01000000000011110001001111010110
00111111110011100100110101010010
00111110111000001101000000001011
10111010010010110101101110000000
10111110101000111001000010010000
10111111011100011100001001111010
10111111100111101011111011100011
10111111100011011101011011101101
10111111101000011011101001101010
10111111110001001100011101001001
10111111101010100111101100100101
10111111100101001110100011001100
10111111110001110110111000010001
00111100000110010111000100001100
00111101111100101011100101010011
00111111100110111101000001000110
01000000010100000011000000110111
01000000100110010011101101110110
01000000101100000100101111000101
01000000110100100100001111000000
01000000111100111011011010011101
01000000110101111001001100101011
01000000011101001010000011001101
00111110100001001111010101100101
00111111111000101111010001111110
01000000100110110110000100001000
01000000110111101010000001111000
01000000110101001011010110110111
01000000110011110000110100101010
01000001000000000010111110001010
01000001000100111010010000100101
01000001000000101110000010110001
01000000101011100111000011000101
00111111011110000000100111101111
01000000100001010001100011011010
01000000111001100111001110011101
01000000110010101111000010001000
01000000000100110001011000101100
10111111000011010101110111111010
10111111001110101000110001110010
10111110011111001111101110100001
00111110010010010110000000110010
00111111001011111111000000001010
00111111100101100000011010001111
01000000100101000110100000100011
01000000110111010011000000101000
01000000101110010111110000001110
01000000001100011001100100110001
10111111000011110111101101001010
11000000010110100011111000011010
11000000100110111011010010110101
11000000100001001111101011001000
11000000000011010000011101101011
10111101101101001010000010000000
00111110111111000011101001100110
00111111101001010111100111111010
01000000001101010001011111000100
01000000100101001001011111110000
01000000100001100011111010001101
00111111011101100100011010001001
10111111110000110001111111111001
10111111110100100111101010001111
10111111011100011110010111110010
00111111001010101110001111000101
11000000010010001000010000011010
11000000101011101110001111001000
11000000001110000000101100000001
01000000000001000010101111010111
01000000011011101011001101100101
00111111111011111101100100101110
00111111001010110101110100101111
00111111000001111111110001110101
00111110011010010011111010101010
01000000101000101011111000011001
00111111101010011111010001100010
10111111110001011100110010111111
10111111001101011000011110011101
00111111101111111100111100101000
00111111110010001100000100111110
00111111000100100110010010001100
00111111010111001000111110101000
00111111011110101100001110000110
00111110101011011100000010111010
01000000111010011100001111100110
01000001000001101111100001001001
01000001000011011000101000100000
01000000111100110010010100001111
01000000100011111001000111110100
00111111110110000101110011001001
00111111001001100000000100110100
00111111011011101110101101001011
00111111001111111101110001110100
00111110001011000000111001101011
01000000010100101010000011000010
01000000110101111010001111101010
01000001000010100110001001110111
01000000111000010101111100110111
01000000010100111110100110000011
00111111100001110010001110011111
00111111001000011010101001010000
00111111000101101111110010011111
00111110011010110000011010010100
00111100000001100110101010110000
