00111111001010001001111110101110
00111111010011000011010000111010
00000000000000000000000000000000
00000000000000000000000000000000
00000000000000000000000000000000
01000000000001111000100100100011
01000000001011000101001001100100
01000000010111110110000011111010
00111110110011001000111110111011
00000000000000000000000000000000
00111111110101001111101011000100
01000000010111101010100000111101
01000000010001000101000010110110
00111110110000001100000011000000
00000000000000000000000000000000
00111111101000000000001001101010
01000000100101111011101111101001
01000000100011101001010100010101
00111110000000000001101111010010
00000000000000000000000000000000
00111110101101011110100011001001
01000000011110110100010000001000
01000000010001100111010000110010
00000000000000000000000000000000
00111101000101000101101000001101
00000000000000000000000000000000
00000000000000000000000000000000
00000000000000000000000000000000
01000000000110110111100100001010
01000000010010010001001111111011
00000000000000000000000000000000
00111110101101001100100110000111
00111110111001101000100100101000
01000000110011001100100100000100
01000000101011010000110011011001
00000000000000000000000000000000
00111101101101101100101110011011
00000000000000000000000000000000
01000001001100011001000010111011
01000000100001100111010111010111
00000000000000000000000000000000
00000000000000000000000000000000
01000000000011010100010001101110
01000001010000111010101000001000
01000000000011010011001010110100
00000000000000000000000000000000
00000000000000000000000000000000
01000000100100010111101100101100
01000001000010010001000011011000
00111110110001110110110011100001
00111101110000100101111111110110
01000000000101011010001001000011
01000000100000110010100100010110
01000000100010110011010111001010
00111111111000001000010101100110
00111111010101111101010110001000
00111111110000111011110110111011
01000000000111000000111010000100
01000000011111111101011110000000
00111111101100011100011100000100
00000000000000000000000000000000
00111111011100001011110100000011
01000000100001010011011011010001
01000000011110000000011111001010
00111111100111001010110011111101
00111110110111001011100100110110
00111111000011010110001100011010
01000000000000001101101101101001
00111111110010111111001101001010
00111110100101101110011110101000
00111010110100000101110100100100
00111110001101111001010000000010
00111111101010010000111000110010
00111111101000110100111001101101
00111110010001101100000000111110
00111111111000011000100011011110
01000000110101001010100110000100
01000001000000001010001111010011
01000000110001111100100001111010
01000000001001010111111000000111
00111111100001010000111001110010
00111110011001111111011000101011
00111101100011100000101111100100
00111110001001000011100010111100
00000000000000000000000000000000
00111111011110100110000111100010
01000000011000010000001011101010
01000000101101101100111110010010
00111111101010100001000000011000
00111110100000000110000011010110
00111101011100100010010111111110
00000000000000000000000000000000
00000000000000000000000000000000
00000000000000000000000000000000
00000000000000000000000000000000
00111110001101000010010011111110
00111111100100110101011110001111
00111110011000000101101011110010
00000000000000000000000000000000
00111110100111111110010001010000
00000000000000000000000000000000
00000000000000000000000000000000
00000000000000000000000000000000
00000000000000000000000000000000
00000000000000000000000000000000
01000000010011110011011101001100
01000000110000110001110011111111
01000000101110011000010011010001
00111111111011101111111000010000
00111111110010011010011111000100
00111110001010000010111010000110
00111111000111110110001000101110
00111110110101011001000010101010
01000000000110001101110001101001
00111111110100000111001101011001
01000000000000100001011111111011
01000000110001101011100000101011
01000000111000010101010100010111
01000000111101000100101001110000
01000000000101110111011101010111
00111101111001001100100000100001
01000000000000110000100101000111
01000000010100100011000010110110
01000000011010110111011101011110
00111111001001010010111111000001
00111111110010010100111111011010
00111101011110011011110111111110
00000000000000000000000000000000
00000000000000000000000000000000
00000000000000000000000000000000
01000000010001010000101000101100
01000000000101000110110010001110
00111111111000101010010000001110
00000000000000000000000000000000
00000000000000000000000000000000
01000000010111001101010101011100
01000000010000111111100011101010
00111111011010000100111101011010
00000000000000000000000000000000
00111101010101101010001001111001
01000000000111111101101110010001
01000000110001011011111101011000
00111111101001010111111101111010
00111100000001111111010110110111
00111111001110011111011111011001
00111111101010110011011001010111
01000000101101111110111010010100
00111110101111011101000110000011
00111110011110010100010000010101
00111111001111010111000101101111
00111111001101010111111010010110
00111111110001100100110001100101
00111111111110000010011001111010
00111111100101111010010000000000
00000000000000000000000000000000
00111111111101101100001100100111
01000000101001000001110100101100
01000000010111111101010110101010
00111111110110001111110001000010
00111001011101111111110000000000
00111111111011111100110100110010
00111111111101010101100001101011
01000000100011101101011110001110
00111111010100001011101111111011
00000000000000000000000000000000
00111111101100000001011011000111
01000000100010111100111110111001
01000000101110010010111110101101
00000000000000000000000000000000
00000000000000000000000000000000
00111111000100101000010010111011
01000000010001100111001010010110
01000000001110110000011111010010
00000000000000000000000000000000
00000000000000000000000000000000
00000000000000000000000000000000
00000000000000000000000000000000
00000000000000000000000000000000
00000000000000000000000000000000
00000000000000000000000000000000
00000000000000000000000000000000
00000000000000000000000000000000
00000000000000000000000000000000
00000000000000000000000000000000
00000000000000000000000000000000
00000000000000000000000000000000
00000000000000000000000000000000
00000000000000000000000000000000
00000000000000000000000000000000
00000000000000000000000000000000
00000000000000000000000000000000
00000000000000000000000000000000
00000000000000000000000000000000
00000000000000000000000000000000
00000000000000000000000000000000
00000000000000000000000000000000
00000000000000000000000000000000
00000000000000000000000000000000
00000000000000000000000000000000
00000000000000000000000000000000
00111110111000100100110111110111
01000000000100011101100001100100
01000000100110001100101100010100
01000000100011101011001010001010
00111111110001011100011101010100
00000000000000000000000000000000
01000000000111010010100000010001
01000000001100100010110101010100
01000000110010101001101111010001
00111111111101111000001011010010
00000000000000000000000000000000
00111110100001000100001011001000
01000000001111011110010010100010
01000000101101001010101011011010
00111111100001011110000000111001
00000000000000000000000000000000
00111110100001000110101101111111
01000000010110101011111001001100
01000000010001111010111010101110
00111110111110000001111000101110
00000000000000000000000000000000
00000000000000000000000000000000
01000000001110011110100001011010
00111111011010111111011101010010
00111100000110111010111100001010
00111111100000011010011100000001
01000000000101010101100100000010
01000000011100111101100000110100
01000000001101001011010100110000
00111111101010001110111011001100
01000000000000001100001111010001
01000000000111111111110101101000
01000000011010100010010010011000
01000000001000001110110010010010
00111111101110011011000011011110
00111111101100110011000110100010
00111111111111001011001101100110
01000000101011011101010100010001
01000000000111110001100110000000
00111111111100101100100111110011
00111111101100000001000001111100
01000000001110101100101101100001
01000000001000001110010111111001
00111111110011000111000001010110
00111111011111111010101110001010
00111111000000001010000001010000
01000000001001001010001110110010
00111111001000010101001010100001
00111111111100100101010000110000
00111111000010100001110111001110
00000000000000000000000000000000
00111111001101010001100000001000
01000000010001110110010110010110
01000000100000001010011000110110
01000000000100000110111000000000
00000000000000000000000000000000
00111111000111011010000100011111
01000000001110000111100100000000
01000000110101001000001000111001
01000000100001100111011111110010
00000000000000000000000000000000
00111110111001001110110001110001
01000000000100100011111110100110
01000001000011111011001100011000
01000000010100001010000001011110
00000000000000000000000000000000
00000000000000000000000000000000
01000000010101100000110010000011
01000001000001101110010010100111
00111111111001001001000001010010
00111011111101010010001010110010
00000000000000000000000000000000
01000000100001110011111111001111
01000000101100100000111111100001
00111110100001001000000110110100
00111111011101110011110101111110
00111111101111101111000110100101
00111111111110001011011101001100
00111111000000000010101001011100
00111111001001110000001110100001
01000000011001101010111010110100
01000000010110101101110000001101
01000000011011101001000110110111
00111111000000001010110100100100
00111111101110110010010100011010
00111111110011000110110100010100
01000000000100001011100001111111
01000000011000011000001011111100
00111111000001010110101111111110
00111111110010010001011000010110
01000000000010000010001111101010
01000000100100100101000010001101
00111111111101101000011001011011
00111111011110111101001100111110
00111111100001110001101011111110
00111110111001011110101100100110
01000000011010011111101001000110
00111110001000000111111000010011
00111111011101001111111110101101
00111110111010110111010011001010
00111100010001000111111010110001
00000000000000000000000000000000
00000000000000000000000000000000
00000000000000000000000000000000
00111110010101101111111100110011
01000000001110000110100111101110
01000000011111011001001011111100
01000000001101011001000010001100
00111110011011001011000110000101
00111111100101101001101000111110
00111111111110000001110001000101
00111110000111111111101011110100
00000000000000000000000000000000
00111110101011110100110100100110
00111111000100101100100010001110
01000000001101011101010010000101
01000000101110110010010001100001
01000000001110011101111100101000
01000000010111101011111101101010
00111111010011110100111111110110
00111111100001111011010110110110
01000000010101010000011011011110
00111110101000100001101111001010
00111111101101010000100000111101
00111110000100101001000011001010
00111101100010110110010010010100
00000000000000000000000000000000
00111101100110001100100001010000
00111110000110111001000000100101
00111111001100010110001101001100
00111111101000101111110001111000
01000000011001000011111110110000
01000000010100111110111100100100
01000000000111111111000011111001
00111110001100111010000001111011
00111111100011111100001011011101
01000000001100111001011110001111
01000000011010100111110000011010
01000000100010010101100010110000
00111110010110011101000010011000
00111111010011000011100100110001
01000000011110111110111011000101
01000000110000010001000110000110
01000000011100111010111011100111
00111101101011010011110110000000
00111110100010100000101110010000
01000000001011010110111110010000
01000000101010110100110111101100
00111111110101111111111011101100
00111110100100111100010010010100
00111111101111011100000110101000
01000000001100101110101010000100
01000000100010001001000110101001
01000000010000101100001000010010
01000000000010100100101100011000
00111101110100011111100001011101
00000000000000000000000000000000
00111110100101111100110010000101
00111111110001001111101101011100
00111111110111101110010111001101
00111111011101101100100011000000
01000000001001110010011001100110
01000000010110000001001010111000
01000000010001001100010001101000
01000000001001011110111111011110
00000000000000000000000000000000
00000000000000000000000000000000
00111101011010011111101110101010
00111111111000111100110011101010
00111111100110111000101001010001
00111110111110010010001100110111
00111111001001011111000110001001
00111111000011100101101100101000
01000000011010000001100001000110
00111111011110001110111011100010
00111111100010011110000010000000
01000000000110010011100010010010
00111111111101101001010001100100
00111110110100000000100100101111
00000000000000000000000000000000
01000000100000001101001110110111
01000000100111011110110011010110
01000000110010110101000110001100
01000000001010010100000001001101
00111110111010000100001110110000
00111111000110011101010011010100
01000000001001001011110101001010
01000000001000001111111101011111
00111110110001001100100101011110
00111110001000001101111110110011
00111111101101110100000110011101
01000000100101110010111110010011
01000000100001100011001011001001
00111111101010101000110111101110
00111111010000101000111100100001
00111101111010010000111000111000
00111111111100010110111111011110
00111111000100110110101100100100
00111100010111101110110111101110
00111011001111011110000010000010
