00111101001101101000011011011011
00111101001101101000011011011011
00111101001101101000011011011011
00111101001100110110101000110001
00111101001100101100111011100010
00111101001000010011010001011100
00111101000111010000010101011011
00111101000111011010011001001000
00111101000101000001110101010000
00111101001001000010000011110010
00111101000101001101101111010000
00111101000101010011000100001100
00111101001010001001001000011010
00111101001101101000011011011011
00111101001101101000011011011011
00111101001101101000011011011011
00111101001101101000011011011011
00111101010010000000001111101110
00111101010011010000011011010010
00111101001110000001100110100101
00111101010101110111111001010011
00111101011011110100010111011101
00111101010111100001011100001011
00111101010111110001010100101100
00111101011001100011000111001000
00111101010111111011101100000100
00111101001111110001101010000101
00111101001101101000011011011011
00111101001101101000011011011011
00111101001101101000011011011011
00111101001101101000011011011011
00111101001110100000110101101010
00111101100001001101111110101111
00111101011111011110010101101000
00111100110101110000100011000000
00111100110101110001110110001101
00111100101110100110011101000100
00111100100101101011011011111000
00111101001000001001010110011000
00111101010111110011111001010100
00111101010001011001110011010110
00111101001101101000011011011011
00111101001101101000011011011011
00111101001101101000011011011011
00111101001101101000011011011011
00111101101001011001001111101100
00111100001011110001111101110011
00000000000000000000000000000000
00000000000000000000000000000000
00000000000000000000000000000000
00000000000000000000000000000000
00000000000000000000000000000000
00111100110000001110011111100010
00111101010010100001010100111100
00111101001100111101111011100110
00111101001101101000011011011011
00111101001101101000011011011011
00111101001101101000011011011011
00111101001101101000011011011011
00111101010101111111001111100000
00111100110011110010100110010100
00111110010010000100000011010000
00111110111100110001010001111100
00111111001011110010010110011101
00111110111001000110010111011010
00111110011010101110110101001010
00111101011110100011101111011111
00111101001101111001111110010001
00111101010000010101011000010010
00111101001101101000011011011011
00111101001101101000011011011011
00111101001101101000011011011011
00111101001101101000011011011011
00111110100110110101100101110110
00111111001111101111101110000100
00111111100100011001100101110001
00111111010111000001100010101110
00111111000101110100110101001010
00111111000001001101011001101100
00111110110110011000100101110011
00111110010011011010100100111110
00111101001011110011111001100101
00111101000110000101011111101001
00111101001101101000011011011011
00111101001101101000011011011011
00111101001101101000011011011011
00111101001101101000011011011011
00111101110000010011110000001001
00111110100011001110011011011001
00111110100010111010110001110100
00111101101101010101011001101100
00111101111111111101101011001100
00111110101010011101000011000010
00111110110001000010100010101011
00111110000000001101101110010111
00111101100000011011101011100110
00111101010100100110110011010101
00111101001101101000011011011011
00111101001101101000011011011011
00111101001101101000011011011011
00111101001101101000011011011011
00111101000111001010000101111100
00111101000001110010100000011110
00111100001110001101000001111110
00000000000000000000000000000000
00111101101010000001100001100110
00111110111010001110101011101111
00111110010011110011101011010101
00000000000000000000000000000000
00111101011101001100110000111010
00111101010111001000101001011110
00111101001101101000011011011011
00111101001101101000011011011011
00111101001101101000011011011011
00111101001101101000011011011011
00111101110011111111000101001001
00111110101010110100110111011011
00111111001011111101000101101110
00111111001011111000010011111110
00111111000100011100011000111100
00111111000001001110101000000011
00111110101011000111000001010110
00111101000011101111110101010100
00111101010100010111111111010001
00111101001100100100010001101010
00111101001101101000011011011011
00111101001101101000011011011011
00111101001101101000011011011011
00111101001101101000011011011011
00111101101001110011111111001000
00111110100101010001011101001100
00111111000110010110110001000110
00111111001000011111001100111000
00111111001000101001011101010101
00111111001001101101111111011101
00111111000000011011010111011000
00111110100011000011010110111110
00111101010010110000101100000000
00111101001101100111000111101110
00111101001101101000011011011011
00111101001101101000011011011011
00111101001101101000011011011011
00111101001101101000011011011011
00111101001111110111110010011110
00111101010011100001001111000001
00111110001010010000010011100101
00111110100110110100110011010011
00111111000010011110000001001010
00111110101100110110100100111110
00111101011100011011101100101100
00111101010101001011001000000000
00111101010100010000001010100000
00111101010000000011100010010110
00111101001101101000011011011011
00111101001101101000011011011011
00111101001101101000011011011011
00111101001101101000011011011011
00111101010000110100001101010111
00111101010100001101110010110010
00111101110101011000010011110111
00111110101000110001101011001101
00111110101101001111001011110010
00111101011011111001100101101011
00111101011111011111101111101110
00111101100001101010110110101110
00111101011100111110010011101010
00111101010100111100101011001000
00111101001101101000011011011011
00111101001101101000011011011011
00111101001101101000011011011011
00111101001101101000011011011011
00111101010001000110110100101100
00111101011001001000111110111000
00111110100110000001010011000011
00111111000101000101000101001011
00111111000111011111001100010000
00111101100100100010011101010001
00111101011010010110011000010001
00111101011000100000000001110000
00111101011001101010011010111001
00111101010001111011000011101101
00111101001101101000011011011011
00111101001101101000011011011011
00111101001101101000011011011011
00111101001101101000011011011011
00111101010000010100111110111000
00111101010101010101101100100100
00111110000100000010001011110100
00111110110011000001001011101111
00111111001000111011011111001111
00111110001111000110000000101101
00111101001101101000011011011011
00111101001101101000011011011011
00111101001101101000011011011011
00111101001101101000011011011011
00111101001101101000011011011011
00111101001010100101010110001000
00111101001010100101010110001000
00111101001010100101010110001000
00111101100011011001110110011100
00111101101110011110001110100001
00111101110011100000110110100110
00111101111010010101110111000001
00111101111000001110011110110010
00111101111001011001101101001100
00111101110110001111110101001000
00111101111100000011110011001000
00111101110000010101111010100000
00111101010101001110101000010111
00111101001010100101010110001000
00111101001010100101010110001000
00111101001010100101010110001000
00111101001010100101010110001000
00111101101011100111101011010010
00111101111111000111110000000000
00111101111010000001101010101110
00111110000001111100100011111001
00111110000011001001000001001110
00111110000000100001001111111011
00111110000010111111010001011000
00111110000010101110000101000011
00111101101101110000001101001111
00111101010001111011000101010100
00111101001010100101010110001000
00111101001010100101010110001000
00111101001010100101010110001000
00111101001010100101010110001000
00111101110100110011111001010101
00111110010101101111101000011000
00111110110000010001101001010111
00111110111010111100010100011001
00111110111010011001100010101110
00111110110110101011011101000010
00111110011000100010010001110101
00111101110011100100000111101100
00111101101010111100100111111001
00111101010010011001000111111011
00111101001010100101010110001000
00111101001010100101010110001000
00111101001010100101010110001000
00111101001010100101010110001000
00111111001011010110110011110100
00111111110110010110101100010110
01000000001010001101110111111110
01000000010001100101011011100100
01000000010000011101110110011000
01000000001100111111010101001110
00111111101010001101010000001000
00111110010001111111011100000100
00111101101100100011001111000011
00111101010000101011011001001010
00111101001010100101010110001000
00111101001010100101010110001000
00111101001010100101010110001000
00111101001010100101010110001000
00111111110011001110111111011110
01000000011111001010011101011010
01000000100000100000001101000110
01000000001111111010111101010000
01000000010110100111101101100010
01000000100010010101101101111100
00111111111101111101100001001011
00111110010110010000100011110010
00111101101111101100001010010100
00111101010100011000001111100010
00111101001010100101010110001000
00111101001010100101010110001000
00111101001010100101010110001000
00111101001010100101010110001000
00111111010111010100101001011111
01000000000100010110001111000100
00111111101010010101010110011100
00111111000101100110101010100010
01000000010001000011001111001000
01000000100000100111101110010010
00111111101011011001001001110010
00111101111100100011110101100110
00111110000000000101001100111000
00111101010100010101100001110001
00111101001010100101010110001000
00111101001010100101010110001000
00111101001010100101010110001000
00111101001010100101010110001000
00111110000111011011110011001110
00111111010100101011001001101110
00111111010111001011110111100010
00111111100010111100101010000010
01000000011110111010001100000100
01000000011000000100011110110000
00111111001000010101000011001011
00111110000011101101000101100100
00111101111010111001000011000110
00111101001111010011000011101010
00111101001010100101010110001000
00111101001010100101010110001000
00111101001010100101010110001000
00111101001010100101010110001000
00111110110101101111011100000100
01000000000111011000010100011011
01000000010110110101110010011000
01000000011100110010111101000010
01000000101001011101110110111110
01000000011010001011000010100001
00111111100100001111010101000010
00111110100110100111110111000101
00111101101100110010010100101101
00111101001001100111110110111010
00111101001010100101010110001000
00111101001010100101010110001000
00111101001010100101010110001000
00111101001010100101010110001000
00111110111011000000000001001011
01000000000001011011001111110001
01000000001111010001010010101001
01000000100010000111110110001101
01000000100100111010000111110000
01000000001100001001011011010011
00111111100000010100100101111010
00111110100010010001101101000100
00111101101010100111110000000000
00111101010001111110010000011100
00111101001010100101010110001000
00111101001010100101010110001000
00111101001010100101010110001000
00111101001010100101010110001000
00111101110101011011101000101110
00111110101101111011010001010101
00111111100010100111111111110110
01000000011110010100101000100010
01000000010110011010110111001100
00111111010101100101010110011110
00111110100101011110000001000011
00111101110011011011110101101100
00111101101111000100000001100010
00111101010010111001000101001010
00111101001010100101010110001000
00111101001010100101010110001000
00111101001010100101010110001000
00111101001010100101010110001000
00111101100011101011100010010100
00111101111011010100111001111001
00111111101010100100100100111000
01000000100000001010111011101100
01000000000110100101000011110001
00111110001101111101101100110000
00111110000001010111010111100100
00111110000010101011101111110110
00111101110010001111110010101000
00111101010110010101100101101010
00111101001010100101010110001000
00111101001010100101010110001000
00111101001010100101010110001000
00111101001010100101010110001000
00111101100101101010010110110010
00111101110110100100101101000101
00111111111011011101111111001010
01000000100001111010010000101001
01000000000001011001000001100001
00111101111111001000101011101000
00111101110001101011101000111101
00111101110100110111110111011010
00111101101010111010111110110000
00111101001110011100010101111110
00111101001010100101010110001000
00111101001010100101010110001000
00111101001010100101010110001000
00111101001010100101010110001000
00111101100101000101100000010110
00111101110011001010101011010101
00111111101000110101001111000100
01000000011010000100001011101000
00111111111010011010011000010110
00111101110010101100001011110101
00111101010101001011011011000110
00111101011011111111010111110101
00111101010001100001001110101101
00111101001010001111100001111000
00111101001010100101010110001000
00111101001010100101010110001000
00111101001010100101010110001000
00111101001010100101010110001000
00111101100000101100010111000101
00111101101111110000101101110100
00111111000011111111111000100100
00111111111001011111001100111101
00111111010101111000101110001110
00111100110000001010010000001101
00111101001010100101010110001000
00111101001010100101010110001000
00111101001010100101010110001000
00111101001010100101010110001000
00111101001010100101010110001000
00111101000010111000111001011100
00111101000010111000111001011100
00111101000010111000111001011100
00111101001111111000001000011001
00111101100110100110011111000001
00111101110110011010111010011000
00111101111001100110010111011011
00111101111110101011011001111000
00111101111100110000100101110100
00111101110101010010111000111000
00111101111011001100110110001110
00111101111111101100000100010101
00111101100101011010011011000101
00111101000010111000111001011100
00111101000010111000111001011100
00111101000010111000111001011100
00111101000010111000111001011100
00111101011010100100000010010111
00111101111001111111000101000010
00111110000010000111101010110101
00111110000110101001100101010010
00111110000101111000011110111111
00111110000110010111100100011110
00111110001010001000110100001010
00111110000111000100010101001010
00111110000010110011001001111000
00111101100011111010100001100010
00111101000010111000111001011100
00111101000010111000111001011100
00111101000010111000111001011100
00111101000010111000111001011100
00111101011111100111010010111101
00111101111110001010100111100011
00111110010100101111101011011100
00111110111001101010100010100000
00111111000010110111011101000110
00111111000101010011000111011101
00111111000011110101001111011011
00111110011101010101100001000000
00111101111010011011110010110010
00111101100101111010111101110110
00111101000010111000111001011100
00111101000010111000111001011100
00111101000010111000111001011100
00111101000010111000111001011100
00111101111101101010101000010011
00111111100010110011001100100100
01000000001100000001001101100000
01000000011001111011100100010010
01000000011000000000001001111110
01000000010100100101001000111101
01000000001010111111000010101000
00111111001101001110011000100100
00111101110111010101100110010110
00111101100011000110110100000111
00111101000010111000111001011100
00111101000010111000111001011100
00111101000010111000111001011100
00111101000010111000111001011100
00111111011000110010011000101110
01000000010101011110000110001000
01000000101101000001100100000000
01000000100101010101011101001010
01000000011101100100011111000000
01000000101001011000101110101011
01000000100100010001001001010110
00111111011111101011011110010011
00111110000001010110111001111101
00111101101001110111011010010111
00111101000010111000111001011100
00111101000010111000111001011100
00111101000010111000111001011100
00111101000010111000111001011100
00111111001100111111010100000001
01000000000111001111011100001000
01000000001101111111100010000001
00111111101011100011101111001001
01000000000011000100001100000100
01000000101001111011100110101111
01000000100000111110111011111111
00111111000101001111011010111010
00111110001101111001110000100100
00111101110001101011111101000100
00111101000010111000111001011100
00111101000010111000111001011100
00111101000010111000111001011100
00111101000010111000111001011100
00111101010010100001010010001010
00111110110111110001010100001001
00111111100100110100101011001001
00111111100010010110011110110110
01000000010010000011111011000000
01000000101011101110000101010000
01000000001101010100001101100010
00111110011011000011001101011110
00111110001101100100010001010111
00111101101011111110010100001110
00111101000010111000111001011100
00111101000010111000111001011100
00111101000010111000111001011100
00111101000010111000111001011100
00111101111100011100010000110100
00111111110000111001000011110000
01000000011010010110100111001100
01000000100001011100000101011100
01000000101100010111011110110110
01000000110000001101101011110011
01000000010000101111011101000111
00111111010010110010110110001010
00111110000010111110100010100010
00111101011111101001011111111100
00111101000010111000111001011100
00111101000010111000111001011100
00111101000010111000111001011100
00111101000010111000111001011100
00111110101011001111011111101000
00111111111100010000101111111010
01000000011001111111000000000110
01000000100100011001011010001111
01000000110011110110110011110111
01000000101011001101001100000110
01000000000011101010000101001111
00111111010101100110001100000010
00111101111100101110010101001010
00111101100011010101111100011011
00111101000010111000111001011100
00111101000010111000111001011100
00111101000010111000111001011100
00111101000010111000111001011100
00111101011101110011010101010111
00111110110001000001111000110010
00111111011011111010101100101100
01000000010010111001010010100001
01000000101011101000011011010001
01000000001110100011001011010111
00111111001001011000110000000011
00111110101001001111010000111101
00111110000001011000010111001111
00111101100110010011010001100010
00111101000010111000111001011100
00111101000010111000111001011100
00111101000010111000111001011100
00111101000010111000111001011100
00111101001111000001101111000110
00111101110010000110011001100101
00111111000100010010101111110110
01000000010111011101101111111100
01000000101000011010011011010000
00111111110000100111010111001011
00111110000110111000101111010101
00111110000101111110110100100100
00111110000011010000100111110100
00111101101001000000010010111011
00111101000010111000111001011100
00111101000010111000111001011100
00111101000010111000111001011100
00111101000010111000111001011100
00111101010101000100101001101000
00111101110001110101011011010000
00111111100001101001000111011110
01000000011101111101101110101100
01000000100101101111000001111100
00111111100010010100101011111100
00111101111011011000001110101100
00111101111100010100000111110111
00111101111000110100111111100101
00111101100000100010110000111011
00111101000010111000111001011100
00111101000010111000111001011100
00111101000010111000111001011100
00111101000010111000111001011100
00111101010011110010000101011110
00111101101110101100101111011110
00111111010101100111101001100010
01000000010110101001100111010111
01000000100000111011111011011000
00111111011100001010011011000111
00111101011011101000100101001101
00111101011011111101000001001100
00111101011001111100111100110001
00111101001001110111001000000000
00111101000010111000111001011100
00111101000010111000111001011100
00111101000010111000111001011100
00111101000010111000111001011100
00111101010100011000001110100010
00111101101010100001110111111110
00111110111000010011011010010100
00111111111010000000111110101000
01000000000000100111010000111100
00111110111011110111100011010101
00111101000010111000111001011100
00111101000010111000111001011100
00111101000010111000111001011100
00111101000010111000111001011100
00111101000010111000111001011100
00111101000010111110001001110111
00111101000010111110001001110111
00111101000010111110001001110111
00111101000111011111100100101010
00111101001001010000100000011010
00111101000000100100110101011100
00111101001000001100011101010000
00111101000001010000100011111110
00111100111010011111100100110010
00111101001011000011100110010100
00111100111111011111001111001110
00111100111001110001001000110101
00111101000001100011110011011001
00111101000010111110001001110111
00111101000010111110001001110111
00111101000010111110001001110111
00111101000010111110001001110111
00111101001001001001101100001010
00111101000011101100001101010010
00111101000000010000110010100011
00111100111000001010101000101101
00111101000010101000000101111110
00111101000101100100010100010010
00111100111110010100110110100110
00111100110101000101110010010100
00111100111011100101101000110100
00111101000011001111001100111010
00111101000010111110001001110111
00111101000010111110001001110111
00111101000010111110001001110111
00111101000010111110001001110111
00111101001011100101101011100000
00111101101011011011001010010110
00111110000001010110001010101001
00111101100001100111001001111100
00111101011000110111100100000100
00111100110101100000100010101000
00111100100001001111111001111010
00111100111111001011001010010110
00111101000000101010000000000010
00111101000000110001101110110101
00111101000010111110001001110111
00111101000010111110001001110111
00111101000010111110001001110111
00111101000010111110001001110111
00111110100011110110111010001011
00111110101010011110101111100011
00111101101100101111110111001000
00111101010000010111001111100110
00111100100010011001101001010010
00111101110000001010101010010011
00000000000000000000000000000000
00111100011001111110011101011101
00111100111100001010111110111110
00111101000011011011100010010111
00111101000010111110001001110111
00111101000010111110001001110111
00111101000010111110001001110111
00111101000010111110001001110111
00111110100101010110101000001110
00111101111011001110000001111001
00000000000000000000000000000000
00111100101110010010001011101110
00111110111101101111100010001011
00111110001000010010110010000010
00111101000011011001100011000111
00111100111101111001010100000100
00111100110010110100001001101011
00111100111110001110000001101110
00111101000010111110001001110111
00111101000010111110001001110111
00111101000010111110001001110111
00111101000010111110001001110111
00111011110101101111110101011010
00000000000000000000000000000000
00111101100010010101101001110100
00111110000010101000100010011100
00111110100110010000100011011000
00000000000000000000000000000000
00111101010100100010110011010000
00111101110101011010100010011101
00111100110110011000100001001110
00111101000001001011011101001100
00111101000010111110001001110111
00111101000010111110001001110111
00111101000010111110001001110111
00111101000010111110001001110111
00111101100110100101010000000110
00111110001110101001100101000100
00111101001111010001111100010110
00111110011011001011110001011100
00111110000100011010001010001100
00111010011100100101010001110000
00111101000011000101111010101000
00111100101111001000100000010100
00111100111010011010000000111000
00111101000011101000010101010100
00111101000010111110001001110111
00111101000010111110001001110111
00111101000010111110001001110111
00111101000010111110001001110111
00111110010010011110001100100001
00111110100010110001001101000110
00111101100001111001110100001100
00111101111100010001001110111100
00000000000000000000000000000000
00111100000010101011110010100000
00111101000000010111101101010100
00000000000000000000000000000000
00111100111101100111111111011000
00111101000010000001010001110001
00111101000010111110001001110111
00111101000010111110001001110111
00111101000010111110001001110111
00111101000010111110001001110111
00111101100111010111100000010011
00000000000000000000000000000000
00111110000101101101011010111000
00111110111111111100000110110010
00000000000000000000000000000000
00111101001011100111010011101010
00111110001110101010111011000000
00111110000000100000000001011001
00111100111011110011110011001010
00111101000000010011111100010111
00111101000010111110001001110111
00111101000010111110001001110111
00111101000010111110001001110111
00111101000010111110001001110111
00111101000011110000011001101110
00111100001000011010110010100110
00111110010010101100110000100000
00111101111010010010101000101111
00000000000000000000000000000000
00111101001111010000100010001000
00111100100110111111000101101110
00111101000000010100000110111000
00111100111100101001110010100010
00111101000001100001011011110101
00111101000010111110001001110111
00111101000010111110001001110111
00111101000010111110001001110111
00111101000010111110001001110111
00111101001010010010111101101010
00111100111101000000000111110110
00111110110001101101000101010010
00111101101100010110010010011010
00000000000000000000000000000000
00111101101101110000101100101000
00111100110111001100010000011100
00111101000100010010001000010010
00111100110011110011001011100000
00111101000000110101100000000111
00111101000010111110001001110111
00111101000010111110001001110111
00111101000010111110001001110111
00111101000010111110001001110111
00111101001000110100001001011010
00111100110110111010100000001000
00111110101000101111101011000100
00111101000001100010000010100101
00000000000000000000000000000000
00111100010100101010011010011100
00111101000000101100110010001100
00111100111011010111100100111011
00111101000000010011110101001100
00111101000110101111111111010001
00111101000010111110001001110111
00111101000010111110001001110111
00111101000010111110001001110111
00111101000010111110001001110111
00111101000101000011110010111100
00111101000100001101111111111001
00111101110011100000101000100010
00111100111101001101100101110010
00111101010111010101011110001111
00111100110110101010101000101010
00111101000100000100011110011101
00111100111111000100101110011000
00111101000011110000010111111101
00111101000100011110111110010001
00111101000010111110001001110111
00111101000010111110001001110111
00111101000010111110001001110111
00111101000010111110001001110111
00111101000010000001101110000000
00111101000101010001101010110101
00111101100010111000100110001010
00000000000000000000000000000000
00111110010010010101000110100011
00111101101110100100111110100111
00111101000010111110001001110111
00111101000010111110001001110111
00111101000010111110001001110111
00111101000010111110001001110111
00111101000010111110001001110111
00111101111010000111001111011110
00111101111010000111001111011110
00111101111010000111001111011110
00111110000000101010000110000100
00111110000011010010111100001100
00111110000100010000101100101110
00111110000101111111110111101000
00111110000101011100101111010101
00111110000110000100111111111011
00111110000101001011111101000010
00111110000100111001000101011110
00111110000011110011010100010010
00111101111100000111010110001111
00111101111010000111001111011110
00111101111010000111001111011110
00111101111010000111001111011110
00111101111010000111001111011110
00111110000100111100001011100110
00111110001011000110111010000011
00111110001001010100010000111011
00111110001111101011110010000111
00111110010000001100110011011100
00111110001101101000011011011100
00111110001110101111010101110110
00111110010001100110110000010011
00111110000111101100110000100010
00111101111110000101101000000000
00111101111010000111001111011110
00111101111010000111001111011110
00111101111010000111001111011110
00111101111010000111001111011110
00111110000111001111101001111111
00111110001010001000100111000100
00111110010100100001110100000100
00111110000110001100110011101110
00111101110111101011111100011101
00111110000010011111110010100000
00111101110001001000000101111110
00111101111111101100010111011001
00111110000110000001000111001101
00111101111100011101011100101100
00111101111010000111001111011110
00111101111010000111001111011110
00111101111010000111001111011110
00111101111010000111001111011110
00111110001111011001101100001101
00111111000100100111110011011000
00111111010100010111001000111101
00111111100111010000101001010110
00111111101000010110001000011110
00111111100101010100110110000010
00111111000101011101111000001110
00111101101000110011011100111100
00111110000110001111001101101001
00111101111100111011110100000011
00111101111010000111001111011110
00111101111010000111001111011110
00111101111010000111001111011110
00111101111010000111001111011110
00111111100011110101000010000010
01000000001001101000010001000000
01000000010101110011001000100001
01000000010001010011010101100001
01000000001111010111011010010000
01000000010101100001110101010001
00111111101011001101010110010111
00111110000110100001010011011000
00111110000100010110011001010101
00111101111100000111111000100001
00111101111010000111001111011110
00111101111010000111001111011110
00111101111010000111001111011110
00111101111010000111001111011110
00111111101100111101001100000101
01000000010001000000010001100010
01000000000100111001001101111010
00111111100110001100110110101101
01000000001010100101110010000000
01000000011001101011110011110001
00111111101000101101001110001100
00111110100010000100100101010000
00111110001001100000111111011000
00111101111001111010111011111010
00111101111010000111001111011110
00111101111010000111001111011110
00111101111010000111001111011110
00111101111010000111001111011110
00111110011000101101010101111001
00111111001110001010100011101100
00111111000011100011101111111001
00111110110101001100000011000110
01000000001100111000110100010100
01000000001101011000001000101011
00111111010010001100000111000110
00111110100011000001000011111101
00111110001110010000011000110000
00111101111100100100110000111100
00111101111010000111001111011110
00111101111010000111001111011110
00111101111010000111001111011110
00111101111010000111001111011110
00111110010111111100111011000111
00111111101000011111100110001010
00111111110101010001000011101000
00111111111100100100101010101110
01000000011100001000010111001011
01000000001001100001000110001010
00111111010001111011101110100100
00111110000100100010110000011000
00111110000111111001101000111111
00111101111101111101111000011000
00111101111010000111001111011110
00111101111010000111001111011110
00111101111010000111001111011110
00111101111010000111001111011110
00111111000100101100011010100100
01000000000111110011101001111101
01000000010010101110110010001110
01000000011011000100000000101101
01000000100001100100100001000010
01000000001001111011111110110111
00111111100010110000001111101010
00111110100110010100010010110100
00111110000101010000001101111000
00111101111011001011111011011001
00111101111010000111001111011110
00111101111010000111001111011110
00111101111010000111001111011110
00111101111010000111001111011110
00111110011111101000110000010100
00111111010001101010100001001010
00111111101010110001100001010110
01000000010111100011001011110000
01000000010001101111000011101000
00111111101100111011100010011100
00111111010000000011110000101011
00111110101010100110010011000111
00111110000101010101000011000110
00111101111101001010001110110001
00111101111010000111001111011110
00111101111010000111001111011110
00111101111010000111001111011110
00111101111010000111001111011110
00111110000001100110010001100101
00111110001011101010100000010001
00111111010110001110010000101110
01000000010101001110000100011100
01000000000011100011001111110111
00111110110000001101011110000001
00111110001111101101011011100000
00111110001111000000010110110101
00111110001001001001110101100001
00111101111110100011011001001010
00111101111010000111001111011110
00111101111010000111001111011110
00111101111010000111001111011110
00111101111010000111001111011110
00111110000011100101100000110011
00111110001011000111001111110110
00111111101101111110101011110011
01000000010110100110101110110010
00111111110101100011011101101110
00111101111010001110001010000111
00111110001101010010101011101010
00111110010000001011010100010100
00111110001000010000111000001010
00111101111110100110111101010001
00111101111010000111001111011110
00111101111010000111001111011110
00111101111010000111001111011110
00111101111010000111001111011110
00111110000100000100011000000001
00111110001000111101000101000000
00111111110000100111100001100111
01000000010100101111000110010100
00111111111010001011011001101001
00111101111100001001101110110010
00111110000011011110010100011000
00111110000100011000000001100010
00111110000001011110011111111110
00111101111011111001100100000100
00111101111010000111001111011110
00111101111010000111001111011110
00111101111010000111001111011110
00111101111010000111001111011110
00111110000011011111000110111001
00111110001001001111110111111010
00111111001111110011010000110111
01000000000100111001011001111110
00111111100110100101000011001000
00111110001111111000001010111101
00111101111010000111001111011110
00111101111010000111001111011110
00111101111010000111001111011110
00111101111010000111001111011110
00111101111010000111001111011110
00110111000010101100101100010111
00110111000010101100101100010111
00110111000010101100101100010111
00000000000000000000000000000000
00000000000000000000000000000000
00000000000000000000000000000000
00000000000000000000000000000000
00000000000000000000000000000000
00000000000000000000000000000000
00000000000000000000000000000000
00111001101001001001000001111110
00111011000011101110110110011001
00111011001101001000011111010101
00110111000010101100101100010111
00110111000010101100101100010111
00110111000010101100101100010111
00110111000010101100101100010111
00000000000000000000000000000000
00000000000000000000000000000000
00111010101110011010110101000101
00111011001100011110111001010011
00000000000000000000000000000000
00000000000000000000000000000000
00111011010101000000000010111011
00000000000000000000000000000000
00111001101010010100111101010110
00111010101110110110011111101110
00110111000010101100101100010111
00110111000010101100101100010111
00110111000010101100101100010111
00110111000010101100101100010111
00000000000000000000000000000000
00000000000000000000000000000000
00111010010010110010001000010001
00000000000000000000000000000000
00111010000010101101111111110111
00111010111001010001010110110111
00111100111000010011101111011100
00111100110100000100000011001111
00111010111001101010110110100110
00111011010010001100101101000101
00110111000010101100101100010111
00110111000010101100101100010111
00110111000010101100101100010111
00110111000010101100101100010111
00000000000000000000000000000000
00000000000000000000000000000000
00000000000000000000000000000000
00000000000000000000000000000000
00000000000000000000000000000000
00000000000000000000000000000000
00111100100100111001101011010110
00000000000000000000000000000000
00111010011101101101111000101011
00111011000010010111000000110010
00110111000010101100101100010111
00110111000010101100101100010111
00110111000010101100101100010111
00110111000010101100101100010111
00000000000000000000000000000000
00000000000000000000000000000000
00000000000000000000000000000000
00000000000000000000000000000000
00000000000000000000000000000000
00000000000000000000000000000000
00111101001101011101101111110011
00111010001001111011001010101111
00111010100111000000101100010100
00111011001010010000101101001110
00110111000010101100101100010111
00110111000010101100101100010111
00110111000010101100101100010111
00110111000010101100101100010111
00111101110011100111110010101011
00111100100100100111110101100110
00000000000000000000000000000000
00000000000000000000000000000000
00000000000000000000000000000000
00000000000000000000000000000000
00000000000000000000000000000000
00000000000000000000000000000000
00111001101000100010011001111110
00111011100110110111010100001010
00110111000010101100101100010111
00110111000010101100101100010111
00110111000010101100101100010111
00110111000010101100101100010111
00111101001110100001110101110100
00111100101001001001010110010010
00111100100100110011000010110101
00111011110111111111101111000110
00000000000000000000000000000000
00000000000000000000000000000000
00111100100000011010011010101100
00000000000000000000000000000000
00111100000001100101110101010111
00111010000101011111110010110111
00110111000010101100101100010111
00110111000010101100101100010111
00110111000010101100101100010111
00110111000010101100101100010111
00111010011110100000010010001001
00000000000000000000000000000000
00000000000000000000000000000000
00000000000000000000000000000000
00000000000000000000000000000000
00000000000000000000000000000000
00000000000000000000000000000000
00111101000011000111100011111011
00000000000000000000000000000000
00111010101011010101101111011111
00110111000010101100101100010111
00110111000010101100101100010111
00110111000010101100101100010111
00110111000010101100101100010111
00111100111011100101110000000100
00111100101100111000010110001010
00000000000000000000000000000000
00000000000000000000000000000000
00000000000000000000000000000000
00000000000000000000000000000000
00000000000000000000000000000000
00111101001000110111000011000110
00000000000000000000000000000000
00111010001010101010111101101101
00110111000010101100101100010111
00110111000010101100101100010111
00110111000010101100101100010111
00110111000010101100101100010111
00111101001110011010110001111011
00111101100110101010001011000110
00000000000000000000000000000000
00000000000000000000000000000000
00000000000000000000000000000000
00111101010000100001111001010111
00000000000000000000000000000000
00000000000000000000000000000000
00111010101010001110111111101010
00111011011011101010011111001111
00110111000010101100101100010111
00110111000010101100101100010111
00110111000010101100101100010111
00110111000010101100101100010111
00000000000000000000000000000000
00111010111101001101101110010110
00000000000000000000000000000000
00000000000000000000000000000000
00000000000000000000000000000000
00000000000000000000000000000000
00000000000000000000000000000000
00000000000000000000000000000000
00111011000000000010011000111110
00000000000000000000000000000000
00110111000010101100101100010111
00110111000010101100101100010111
00110111000010101100101100010111
00110111000010101100101100010111
00000000000000000000000000000000
00000000000000000000000000000000
00000000000000000000000000000000
00000000000000000000000000000000
00000000000000000000000000000000
00000000000000000000000000000000
00111010010100101000110101000101
00000000000000000000000000000000
00111001001101001101001000011111
00111010110001000110001001110000
00110111000010101100101100010111
00110111000010101100101100010111
00110111000010101100101100010111
00110111000010101100101100010111
00111010000110000110101001100000
00111010100010111101101111110100
00111101100000010111011100110011
00000000000000000000000000000000
00000000000000000000000000000000
00111010111000011101001111111100
00111011000110100011111100011101
00111010011010100111011110000000
00111001110110001011100011001111
00111010000110100000010010110000
00110111000010101100101100010111
00110111000010101100101100010111
00110111000010101100101100010111
00110111000010101100101100010111
00111010100100110111111100111110
00111001000010000110101010000011
00111100111000110100010000010101
00111100101100000010100111011110
00000000000000000000000000000000
00111001010001101110111101101100
00110111000010101100101100010111
00110111000010101100101100010111
00110111000010101100101100010111
00110111000010101100101100010111
00110111000010101100101100010111
