11000000010111101110101011011010
01000001011000110000001011101010
11000000010010001000011110010111
01000000110011101001011111011000
00111111110110100111010010100101
00111111111000110010101100100001
10111111101110001100010000011111
10111111110100011100101001101001
10111110100100101110100111010101
10111111010010100100110000000000
10111111101000000100000101110110
01000000001001100111010100010001
10111111111000111001111001010001
10111111000111010110100011100100
00111110101010001110111000011011
10111111010110100111011001010111
01000000011101010100110110101111
11000000000110110110101100110010
10111111011000000110100111000000
00111111111111110100011010001100
11000000000011111010001110110111
10111111010000010110101000010010
01000000000010110010011001111101
11000000011110011011111101000011
00111101000000001111011101011011
00111100011001111110000001110101
11000000001010001000010110101100
10111111101100110110101001100100
10111111100011011011011110011011
01000000011010011011001001110110
11000000000101110010111000110011
00111111101110110110011110010010
01000000001000100101000001000101
00111111010011101111011111000000
01000000010100010000011101100000
01000000000111001001100000001111
11000000100000000000101111111011
01000000010010100111111111010011
10111111110111111001110001010010
01000000110011100101111100000110
10111110100001011101101011000101
10111111111000011110011110101111
01000000100000000101101111110100
01000000010101101101111011000110
10111111110111111000011001111100
00111111101110111111001000101001
11000000011010110011011111110011
00111101001000111001011100110100
01000000010100001010111000101010
01000000000110111101111101101001
01000000111001011101010100011010
01000000000000001001101111101111
00111111101101001101100110000111
11000000011011011001101011000010
01000000110100100010111010010101
11000000001001110010010000101001
01000000000100000001111110111100
00111111011111111111100111111100
00111101010110000100110011111011
01000000100100101011111111101000
10111101011111011111100000010000
01000000101100000011101011010011
00111111000100100100110100110111
10111111101010110100000010111110
00111110000001000001110000101011
01000000001110010000000010000111
01000000100010101101010111001110
11000000000111100110111000011010
11000000000111101010010111101110
11000000010110111000011001100110
00111111110111101110110100001010
01000000111101001101101100111100
11000000000010001100110101001110
01000000110001100110100011000011
01000000100100011010110110011011
01000000001111010001100010110001
10111111100010111001011111111010
01000001111010101111010101000001
10111111111001010111100000100100
11000000100111011010011101001101
00111111110100101101010110110000
00111111110001111010001011011011
10111111001101001100111100010001
00111111101110110100110001101110
11000000011110001010000010101001
00111111111101110000100011111110
00111111110101001101101111110011
11000000010101111000101000100000
01000000010111011011100010000011
01000000101000000000101110010111
11000000010100001001111010000010
00111111000011101000101110101000
00111111110011111111000000001000
10111111100001110000111101100011
11000000100100110011110101000100
11000000000101100000011011000010
00111111001110001110111110011011
01000000110000110000010011100011
00111111001011111100100101011101
00111111110110011101000100001101
11000000001100100111100011010110
01000000101000010001101001000110
01000000111000101001110000100111
00111111111110011011011011110110
10111111010110110110011011010100
10111110011110000101111110001011
01000000000010100011010011001000
01000000100011101110000111110001
11000000010000110001101011101011
11000000100011100100011111110100
01000001000000010101010001010100
00111111110001100000101100110100
00111110101011010110011010111010
01000000010010000100011000111011
00111111101011010111000101111101
11000000000011101010010100010011
00111101000001001000010111010111
00111111111001101111100111100100
01000000100111011011011010001111
10111101111000011011101111010111
