00111101001101101000011011011011
00111101001101101000011011011011
00111101001101101000011011011011
00111101001110000010000010010010
00111101001100110001110101000101
00111101001011001100110100011100
00111101001010101100000011000101
00111101001011010000101010100110
00111101001010101000000011001010
00111101001001000000000000100010
00111101001100111000100011111110
00111101001101011010011011010000
00111101001100011100100110110110
00111101001001111110111011010001
00111101001101101000011011011011
00111101001101101000011011011011
00111101001101101000011011011011
00111101001110010010001000110011
00111101010000001110110011101000
00111101010001010010101000100110
00111101010000010111110000000010
00111101001101101011001101100100
00111101010000110100000010101011
00111101001110110001011100100010
00111101001011111001111000000110
00111101001001000100101010111101
00111101001011010101110100010101
00111101001111001110001001101010
00111101001101101000011011011011
00111101001101101000011011011011
00111101001101101000011011011011
00111101001110101010001111011100
00111101010011101110101010110010
00111101100001011000011000010001
00111101001111001110101110111000
00111100010111111011110011010010
00111010011010101100110100010000
00000000000000000000000000000000
00111010001101100110010111100000
00000000000000000000000000000000
00000000000000000000000000000000
00111100011010100101100111100001
00111101001101101000011011011011
00111101001101101000011011011011
00111101001101101000011011011011
00111101001111010100100100000100
00111101010111101001100110000010
00111100101001101110010100001011
00000000000000000000000000000000
00000000000000000000000000000000
00000000000000000000000000000000
00000000000000000000000000000000
00000000000000000000000000000000
00000000000000000000000000000000
00000000000000000000000000000000
00111011001011111000010101100100
00111101001101101000011011011011
00111101001101101000011011011011
00111101001101101000011011011011
00111101010001010110100101000000
00111101011101001000110000000001
00111100011011111001101111000110
00111101111011000010001100011010
00111110101110111111010100100100
00111111001001000111010111101011
00111111001101101110011001110001
00111111001111110111011011011110
00111111001110110100100011000010
00111111000000100011100110010010
00111110000110000110100110110000
00111101001101101000011011011011
00111101001101101000011011011011
00111101001101101100100000000010
00111101011101011011111000100011
00111101110111101101110110011100
00111110011111011100101100010000
00111111000011011111100001000000
00111111001011001010010011011100
00111111001010101110111111001000
00111111001100011101101110110111
00111111010000101011101110000111
00111111001111101010011011011000
00111110111010111100111100011000
00111110000010001101110111110011
00111101001101101000011011011011
00111101001101101100100000000010
00111101001101100110110110100111
00111101011010001011101010110010
00111110000001011111101011101001
00111110110000010001010111110111
00111111000000101100010010010001
00111110001110101010101101101100
00000000000000000000000000000000
00111100011010101001101001110110
00111101101101110111110101011011
00111101110010100110010110001001
00111101101000011101001110110100
00111101010010011101001111110111
00111101001101000110100111110110
00111101010101100101100100110101
00111101000011111100100100000100
00111101010101000100011110001010
00111110101101111000110101110110
00111111011000110110100111111110
00111111100000111000011101001001
00111111001011101111010111001010
00111110000110111111001000110000
00000000000000000000000000000000
00111101000100010101110011010000
00111101010010110100110100010011
00111101001111110000010010001110
00111101001111111011101000111101
00111101001100011101010101100110
00111101010001010110000100010000
00111100001000100001010011010110
00000000000000000000000000000000
00111101111010111010010101001000
00111110110101100000010001010010
00111111000001111101100101100101
00111111000011011001000100011100
00111110111000111110010110110110
00111101111010100010011001100111
00111101001111101110101001011100
00111101011011101101010000110110
00111101011011001111100010111010
00111101010110110010010010000000
00111101010100101011011101001010
00111101110000101110110010100011
00111110000110000111100100011100
00111110000110110001010101101111
00000000000000000000000000000000
00111100000100111011111001110001
00111101001100011011111011110010
00111110000101000111000001100100
00111110110110110010011001010100
00111110100111100101001000010000
00111101100010110101100000101000
00111101010001111011001001000110
00111101001110000100111011111000
00111101001110000101101001001110
00111101001111001011000000001110
00111110000000101011000111101101
00111110110110100011110110000100
00111111001001100010100000011111
00111110100000010000000010000111
00000000000000000000000000000000
00000000000000000000000000000000
00111110100100010000110100011000
00111111000111010000100110010110
00111110101000111000011100000000
00111101011111010100011001110011
00111101001111110010110000101001
00111101001101011100011011000000
00111101001101101000011011011011
00111101001101001010100111011100
00111101100110010110110011101010
00111110101000001001010010010110
00111111001101010101110101000110
00111111010111100001100111111110
00111111001000111100000110101000
00111111001100011011011011001100
00111111010001100010001001011110
00111110111100111010100001100010
00111101111010011111111011110101
00111101001111111000000100001010
00111101001100011000010100100100
00111101001110010100011100001011
00111101001101101000011011011011
00111101010111111000001111000011
00111101011111000000101101100000
00111101101000101011110010111011
00111110100000110001011000101010
00111111000110100011111111111010
00111111011000011101001111101100
00111111010000101100100010001100
00111110110010100110100001011100
00111101110111100111100011111100
00111101011000100110010010001001
00111101010100010111010110110011
00111101010110110010011000110001
00111101010000000011111111101010
00111101001101101000011011011011
00111101001101101000011011011011
00111101001101101000011011011011
00111101001101101000011011011011
00111101010110100000001111010000
00111101101010111001100000101111
00111101111100011100110100000011
00111101110100111000111010000110
00111101100000111101010010010111
00111101001110101011010010110010
00111101001110101000010000000000
00111101001111000000000100110010
00111101001111011100101010111110
00111101001101101000011011011011
00111101001101101000011011011011
00111101001010100101010110001000
00111101001010100101010110001000
00111101001010100101010110001000
00111101010001000010111111101101
00111101100001001111011011000010
00111101100010110000011000110101
00111101011001001010111101000010
00111101100101100001111010110011
00111101101001100111001110011010
00111101011010011101110101101001
00111101010010000111011010111110
00111101011011110111010111010000
00111101100011001010111110001001
00111101100101110100001101110000
00111101001010100101010110001000
00111101001010100101010110001000
00111101001010100101010110001000
00111101010011011010111001011100
00111101100100010100001010101101
00111101101010001111110001011111
00111101101000011110110110110110
00111101110010011111110110110010
00111101110011100110001010110001
00111101100110110111001110110101
00111101100110000010111011110001
00111101101010000100110101100110
00111101101001110011010000110000
00111101101001000111000110000111
00111101001010100101010110001000
00111101001010100101010110001000
00111101001010100101010110001000
00111101010010100101110110011001
00111101100011110010101101000101
00111110001100110011011100101001
00111110111100110001000000111011
00111111001111001000111001010001
00111111010011010101000010111011
00111111010100000001011011011010
00111111011111000101001000110000
00111111011110001100010100001000
00111110111000000101010111011000
00111101101011010001100011110111
00111101001010100101010110001000
00111101001010100101010110001000
00111101001010100101010110001000
00111101011000101110010010100111
00111110100110111100000011110011
00111111101001010101011110101010
01000000001011101110101100001111
01000000010110101001000000000111
01000000010111000010101011111001
01000000010111110010110111111011
01000000011101010010100101111111
01000000010101001001110101100100
00111111101011111111001001110000
00111110010100110100110111011010
00111101001010100101010110001000
00111101001010100101010110001000
00111101001010100101010110001000
00111101110001101101001001110001
00111111011111011011101011100100
01000000010100111110000100000011
01000000100100011101000101110010
01000000011100101001000011111001
01000000010000101110111011011110
01000000010000011010000000110011
01000000010110010101010100101110
01000000001011111010000011000100
00111111011010110011100010111010
00111101110010100111111100011011
00111101001010100101010110001000
00111101001010100101010110001000
00111101001010110011001101101011
00111110100010111000100111110001
01000000000000000110110000100000
01000000100100010001001000100100
01000000100000111001000100000101
00111111111011101010011101111010
00111111010000011100110101101110
00111111001100111000101111010110
00111111011010001100010010100001
00111111001011100011100101000110
00111110001111000001001011100010
00111101010001100110000101001110
00111101001010100101010110001000
00111101001010110011001101101011
00111101001100001111001001100110
00111111000101110000001000011100
01000000001110110100010111001100
01000000100110000000110101010110
01000000100010010110001100010110
01000000001101000010111101010111
00111111100101101010011100101010
00111110100001101010111111001101
00111110000011101001100010000010
00111101111110110111011001101010
00111101101000011110010110001011
00111101011110101111011110000001
00111101010100101101011011100000
00111110000000011101110010001010
00111110100101101010111001001110
00111111001000101111010000110101
00111111111011111010111110001011
01000000000101110110010001000011
01000000001011101100111011010101
01000000011010100100001111000010
01000000000101101000010011111000
00111111000011111010111001010010
00111101111100110011100101110110
00111101110010110111101101011000
00111101101000111111010101101001
00111101011111101111110011100110
00111101101000001001101000101101
00111111000001011111001101011110
00111111110111010110011011111000
00111111101110110101110010001101
00111111001001100001011001111001
00111110110011010010010101111110
00111111100111111100111100100100
01000000011011111100110111111000
01000000001111000011001100010100
00111111000111110010001010010001
00111101110000000111011110111011
00111101100011000111000110100111
00111101010100101010110010111100
00111101010010111101101110011100
00111101100100100000010011010110
00111111010001111111010011100010
01000000010010011110011000000110
01000000010011110001010010110101
00111111101101110000100111001011
00111111010001011000110100000110
01000000000001111100100100000000
01000000011111101001101011001001
01000000000111110111101001001000
00111110110000101110101011111000
00111101100001101010111001111010
00111101010110101110010100111111
00111101001010111100000111110101
00111101001010111111010001011000
00111101100110011011110011110100
00111110111001001000110100111100
01000000000101100101101111011110
01000000011101011110100111111100
01000000010111111100000000010110
01000000010110111010101101011010
01000000011111111101101111110111
01000000010011101111001010011010
00111111100010110111010011011110
00111101100110111001000011110101
00111101011000100011011011110001
00111101010111001111000110111111
00111101001101000110010011001100
00111101001010100101010110001000
00111101101110011011011110000110
00111110000000110100000111101101
00111111001100100011000100000110
01000000000010101001100111110001
01000000010011111101101110010101
01000000011000110001110110001010
01000000001011011011110011011010
00111111100010100100110101111000
00111110000011111011100000101011
00111101001011001100100000111010
00111101100110010111001000110001
00111101100000011010111101000000
00111101001100111110001001000110
00111101001010100101010110001000
00111101011011000101000110100001
00111101010110110011001100001101
00111101101001000011101111111111
00111110110110101001000000000011
00111111011110000001010010001101
00111111100000110010011010000110
00111111000001100001011010010000
00111101101010010000011001111110
00111101000110101101100010010100
00111101010011011110001000000100
00111101011101010110100011001100
00111101001111110011110100110110
00111101001010011000010011101110
00111101001010100101010110001000
00111101001010100101010110001000
00111101001010100101010110001000
00111101001010100101010110001000
00111101010011101100011110110011
00111101101000101010011011111010
00111101101100100100010110111001
00111101011000110111110000000001
00111101000101111000010000000010
00111101001011010010110001110101
00111101001010101101011110101100
00111101001011110011000111110111
00111101001010101001100101111001
00111101001010100101010110001000
00111101001010100101010110001000
00111101000010111000111001011100
00111101000010111000111001011100
00111101000010111000111001011100
00111101000101110010010010101101
00111101010010010000001111010100
00111101100001111010110010010011
00111101011110000100000101110010
00111101011001011000001110001010
00111101101000100111110101011101
00111101100011110010011100111110
00111101001111011100001110011110
00111101010000101111111110001000
00111101011001111011001000000110
00111101100100001110000101001010
00111101000010111000111001011100
00111101000010111000111001011100
00111101000010111000111001011100
00111101000111001100110001000100
00111101011101001010110010010110
00111101101000000010001010010100
00111101100111111011111010010100
00111101101110010011011010100111
00111101111000110101001100011110
00111101110000011011110011111111
00111101100001101011100000001010
00111101101000011000001110011110
00111101110100111111110110100100
00111101101110011101110110010110
00111101000010111000111001011100
00111101000010111000111001011100
00111101000010111000111001011100
00111101000110111011011011101100
00111101010011101110110011110100
00111101100010100010000110010110
00111110010001111000110011001110
00111111001000110001110110010110
00111111011011010000111000100000
00111111011011111110111110101010
00111111011111010011011110110010
00111111101000010110100110110111
00111111100010111010100111101101
00111110100111110010100011000100
00111101000010111000111001011100
00111101000010111000111001011100
00111101000010111000111001011100
00111101000100011000111110010110
00111101100000000101110111101100
00111111000111011001000100000100
01000000000101011111101110001011
01000000011110001000110101001101
01000000100001000011001010000010
01000000100000001001100001110110
01000000100010001001010000010110
01000000100011001101100111111110
01000000001111011010101000101000
00111111001100101001000100000100
00111101000010111000111001011100
00111101000010111000111001011100
00111101000010111000111001011100
00111101001100010011011011110111
00111110110111101000111111010000
01000000000111010101000111011110
01000000101011010110011011001100
01000000101110010101110110100110
01000000100100100111100101100001
01000000100001100001001111011001
01000000100011111101110011011111
01000000100010111101101000001111
01000000001000011110111110010011
00111111000011000100110000101101
00111101000010111000111001011100
00111101000010111000111001011100
00111101000010110100000000101101
00111101100010101100100100010110
00111111100010110100010111100000
01000000100001110101011111100101
01000000110000100111101000100110
01000000100001110110110000010010
00111111111101111100011001100111
00111111100110110001010011110001
00111111101100110010011010000010
00111111101011111101101010110110
00111111001111000010111101110101
00111110001100101110011011010000
00111101000010111000111001011100
00111101000010110100000000101101
00111101000011011000101001000000
00111110100010100111100111000100
01000000000001101100100111111101
01000000101001111001110110110010
01000000101110111010000100011100
01000000100010011101111000101011
01000000001000100100001101101101
00111111010011101011011000100110
00111110010001101001110011100110
00111110001011100010001101101011
00111110000000001010001100110100
00111101100111111110011110110100
00111101001010000101010001101111
00111101000001011101000001100001
00111110000101111011111011011110
00111111001100100000100110001100
00111111111011100001001010011100
01000000010100010101011100000110
01000000011010010011111111101011
01000000100000111000111001001011
01000000100001100101100011011101
00111111111011110011010100000100
00111110010101110110101011110000
00111101111100000101101100011000
00111101110000100100111100111001
00111101100101010101110111010110
00111101100001001111111010110000
00111110001111010001111000111110
00111111100010010100111111100110
01000000000011010001001110011010
00111111101110111011000101001100
00111111001110101110000000010101
00111111011110001010010001111101
01000000010100001001101011010100
01000000100111100011110001101100
01000000000101111101111000000000
00111110010111011101001111011100
00111101101100111001010111111010
00111101011111001100010011000010
00111101010100000100000001010000
00111101100000011101110100001111
00111110111011100100000110011000
01000000000100101101110011110010
01000000100000110001111010010111
01000000001111100000101010000100
00111111100001000001010011111010
00111111110001111001100001101011
01000000100010001100100011110000
01000000100101111111100000101010
00111111110111001111011100110110
00111110000110110111010110000010
00111101011110001101111000111100
00111101001001100101010011110100
00111101000011100011110110100110
00111101011010011010100111000101
00111110101100110111111001100011
00111111111110111011100110000001
01000000100000100101011001100110
01000000100100110001010100011111
01000000100001000101101011110110
01000000100101100111100100011100
01000000100111001011110101100010
01000000001110001010001100101010
00111111001010001101111111101101
00111101100111001101001100101110
00111101011111010000101111010111
00111101001101100111001110100101
00111101000010111000111001011100
00111101100110000000010110110000
00111110000000011110101111111010
00111111001000110010111101100000
01000000000011010110100100100010
01000000011110101011011001011010
01000000100110011100101101100100
01000000100011001111101011010011
01000000001011010010101100001111
00111111010100101110000111010111
00111110000010000011100111101011
00111101100010111011100010111110
00111101100110000001011010010010
00111101001101001110011010010011
00111101000010111000111001011100
00111101010110011110001111011101
00111101011101110100111000000101
00111101100101010110011110010100
00111110110011001001110001101100
00111111100101101111101100011011
00111111110110100101001010110101
00111111101011000011010101000100
00111111000001111101111000000111
00111101110011011111110001111100
00111101010110001011100000011000
00111101011010001000010000010000
00111101011010000000000001001000
00111101000101110100000100001101
00111101000010111000111001011100
00111101000010111000111001011100
00111101000010111000111001011100
00111101000010111000111001011100
00111101001001001100001001001010
00111101101000011100011000101011
00111101111100101110011100101110
00111101110000100110001010100111
00111101010001000101011000001001
00111101000100010001110111001001
00111101000011011000111100011110
00111101000100111001110000111010
00111101000100010111100001110100
00111101000010111000111001011100
00111101000010111000111001011100
00111101000010111110001001110111
00111101000010111110001001110111
00111101000010111110001001110111
00111101000100110010111000100001
00111101000101001010110111011010
00111101000011000111010111111011
00111101000010010000001001100100
00111101000111000110111010000101
00111100111110111101101101011010
00111100111111101111000010000011
00111101000011011111001101001110
00111101000011010110010000101000
00111101001001010011100010010110
00111101000001011111001001100111
00111101000010111110001001110111
00111101000010111110001001110111
00111101000010111110001001110111
00111101000100110010000111111000
00111101000001101000010000110010
00111101000010110001111111100000
00111101001000010111011011011110
00111101000011100001100111010101
00111101000001111111010110111001
00111101000100100110010110111100
00111101001000110011010000100100
00111101000001110100110100010000
00111100110101010101101000011100
00111100110011101110000011101110
00111101000010111110001001110111
00111101000010111110001001110111
00111101000010111110001001110111
00111101000011111000110101010000
00111101000111100100001111110001
00111101101100110000100011000101
00111110001010010100000111010100
00111101110111011101100011011001
00111101010101011010001100010110
00111101011111011000111000000010
00111101110110101011100010010000
00111100101000100011001011100010
00000000000000000000000000000000
00111100000010111000010111100110
00111101000010111110001001110111
00111101000010111110001001110111
00111101000010111110001001110111
00111101001001100010000110001000
00111110000100000100101000000100
00111110101011001111000110010111
00111110010000000111001101010000
00111100110011100000011100100010
00111100000010100011110010010110
00111101000001101110010111011100
00111101001100010100100101101110
00000000000000000000000000000000
00000000000000000000000000000000
00111100000010010001000010001111
00111101000010111110001001110111
00111101000010111110001001110111
00111101000010111110001001110111
00111101011011011011111100111110
00111110100011001000010001010001
00111110011101001011111011001000
00000000000000000000000000000000
00000000000000000000000000000000
00111100011110111100011010111000
00111101011101101100001010100100
00111101001000100110111111101011
00000000000000000000000000000000
00111110000101010101100111001101
00111101101000100001011000000101
00111101000010111110001001110111
00111101000010111110001001110111
00111101000011001001001011001110
00111110000001010011001010110100
00111110101100000111101000110101
00111101001001011100000011110100
00000000000000000000000000000000
00000000000000000000000000000000
00000000000000000000000000000000
00000000000000000000000000000000
00000000000000000000000000000000
00000000000000000000000000000000
00111101100010110001001111011110
00111101001010011101011110101111
00111101000010111110001001110111
00111101000011001001001011001110
00111101000011100110011001001101
00111110001110110010001100101010
00111110001001110111000000101110
00000000000000000000000000000000
00111101110000100111101101111100
00111101110011101001011011101101
00000000000000000000000000000000
00000000000000000000000000000000
00111100100001001101100011101001
00111100101000100100010000011110
00111101000000001000100111111100
00111100111101001100011010000100
00111101000100010101100101000101
00111101101000001000010000001010
00111101110000101100001011010010
00111100111101010001100000101000
00000000000000000000000000000000
00000000000000000000000000000000
00111110000000110111010101011010
00111110100101000111001011000111
00111011111111001101101110101101
00000000000000000000000000000000
00111100110001110100111001100010
00111101000001010111111110100010
00111101000100001000001100000011
00111101000001110011011110001011
00111101000101001100101010110111
00111110010011111101010001100101
00111110011010000101101001111001
00000000000000000000000000000000
00000000000000000000000000000000
00111100000000100001011011111111
00111110001110001110110001110010
00111101011110000011101101011101
00000000000000000000000000000000
00111100000101100001010111011101
00111100111010011110011011110010
00111100111100111101010111101010
00111101000000111000101101111000
00111101000001001010011110101100
00111101000001111011001010110011
00111110001010001101111110110011
00111110001010001010001001111110
00111101110101110110011111001111
00111100011110010110010011010110
00111101100111101000011110110011
00111110100010111110011010001000
00000000000000000000000000000000
00000000000000000000000000000000
00111101110011100111000100111000
00111101000101110101010000101010
00111101000011101001110001101101
00111101000010111000110011001000
00111101000010101011011001111011
00111101000101110111000100010110
00111100111111111011000000011000
00000000000000000000000000000000
00111110001000100100111111111010
00111110100101000000100101100111
00111101110000000100010110111100
00111011101110011101100010101110
00000000000000000000000000000000
00111101101101010001010100100110
00111101110001110010011001011111
00111101000111000100010001000100
00111101000000001011111110011110
00111101000001101110010010011001
00111101000010111110001001110111
00111101000001000011111110111011
00111100110110001001100011100010
00111011001001000010001010110100
00000000000000000000000000000000
00111101101011101010111110110110
00111101000110111010110010011111
00000000000000000000000000000000
00111101100000110000000000001110
00111101101110101011010010010001
00111101001011010111001001100000
00111101000000000100111110111111
00111100111111001100101100110010
00111101000011110110010111000011
00111101000010111110001001110111
00111100111001000100100011110111
00111101000001101110101011110101
00111100110101110011100100110010
00111011100000001111110001000010
00000000000000000000000000000000
00000000000000000000000000000000
00111100110000111001100000100110
00111101100000111001100001001011
00111101000011000101101100100110
00111101000100011010100101100111
00111100111100101010011110011000
00111101000101100001111100101101
00111101000011011010101000111100
00111101000010111110001001110111
00111101000010111110001001110111
00111101000010111110001001110111
00111101000010111110001001110111
00111101000000010011100100111111
00111100100110011010100011001111
00111100100010010010001000110101
00111100110101101000111001110100
00111101000010011010111101000100
00111101000010110001010011100000
00111101000010111010101000111001
00111101000010000101111010000011
00111101000010111110100101101100
00111101000010111110001001110111
00111101000010111110001001110111
00111101111010000111001111011110
00111101111010000111001111011110
00111101111010000111001111011110
00111101111011110000011010111000
00111110000000010110100100000011
00111101111111101100000110001100
00111101111100001111100010110000
00111110000000000111110100111111
00111110000010011001110001110110
00111101111100100111011111110100
00111101111100011100011101001110
00111110000000001001001111010100
00111101111111100100001011010011
00111110000000011110110000101111
00111101111010000111001111011110
00111101111010000111001111011110
00111101111010000111001111011110
00111101111101011010101010011110
00111110000011001001101000010011
00111110000100100001101111110101
00111110000001111100010100001000
00111110000110010011111110000001
00111110000101101001101001101000
00111101111111101010000010100010
00111101111011111000111101011010
00111101111111100110011111011000
00111110000010110011101110101011
00111110000100010011100101010110
00111101111010000111001111011110
00111101111010000111001111011110
00111101111010000111001111011110
00111101111101101100100000001010
00111110000001111110100010101001
00111110000011001100010010010100
00111110001101100101001000110010
00111110010010101010010101100100
00111110001001111011101100110100
00111110000101000100111111001101
00111110001011111000100010111100
00111110100000101010101111010000
00111101101100111011001111111101
00111101100011011010001011011101
00111101111010000111001111011110
00111101111010000111001111011110
00111101111010000111001111011110
00111101111011101111001101101110
00111110000010000011101001101111
00111110111001101001110010100000
00111111100011011000100100101100
00111111110000001011000100100010
00111111110010011100110011100110
00111111110100100000000100010100
00111111111100111101011001111000
00111111110110110111001011101100
00111111001101000110111100000110
00111101110111000101110101010000
00111101111010000111001111011110
00111101111010000111001111011110
00111101111010000111001111011110
00111110000000011010010101001010
00111111000010011101000000110111
01000000000000010110111100001100
01000000010110000110001110100011
01000000010110011110111001011000
01000000010100010101100110111100
01000000010101000111010010010110
01000000011001101101111000000011
01000000001111110010100111110000
00111111100100110101110011011011
00111110011100000010001010011010
00111101111010000111001111011110
00111101111010000111001111011110
00111101111010000100001011000101
00111110001010101110111011010110
00111111101000100100100000011100
01000000010101110110010111101000
01000000010110111010110101100100
01000000000000101110101001110111
00111111101011001101011111011100
00111111101110011000110000010101
00111111111000001111110101111100
00111111101011110000000001110010
00111111000101011110001100001001
00111110010001110111111001001111
00111101111010000111001111011110
00111101111010000100001011000101
00111101111010011101001010111000
00111110110101010011011110110101
01000000000011101000010011110111
01000000011111000100010100101110
01000000010010100101111011010101
00111111110110000000010000111011
00111110111110111010101100011000
00111101110110100011000010100010
00111110011101000111111000100110
00111110011000100101111101011100
00111110001010001001011001100100
00111110000001010111000011010000
00111101111011000010101010011100
00111101110011000110110101000111
00111110001011100001000100011100
00111111000111010000001100101101
01000000000100000100111100011111
01000000010010001001011110001000
01000000010100001100100000001010
01000000001110111101000010101100
00111111110001011110110011001010
00111110011010001001101011000100
00111110000110100101001100010100
00111110001001011010001010101101
00111110000100100011110010010111
00111110000001001100010001100100
00111110000010000100110101101010
00111110100000010011110101001010
00111111001110100000111000011001
00111111010001100101100000011111
00111111001000101101001001010110
00111111010011011001111011110010
00111111101101000011111101110111
01000000010011001110100001010111
01000000000101101010011101101010
00111111000000100011101101010010
00111110000101111110010010001110
00111110000110010110101100101110
00111110000010110010111010000010
00111110000001001011010000000110
00111110000101100100010001001001
00111111001100111001011110001100
01000000000011001010110100000011
00111111111101001111011000010000
00111111000001111110110001000110
00111101110000110110011011001111
00111111100100000101111010011101
01000000010001110010010111001000
01000000000011010110101000111100
00111111000011110101000010111000
00111110000110000011110001100001
00111110000000000010011100010110
00111101111010010001111010000000
00111101111010100101101011110100
00111110000001101110110100100100
00111111001000110010001001101100
01000000001001101101101100100110
01000000010001101100111001000100
01000000000001010110100111100110
00111111110010011011011101111000
01000000001010100101101110011000
01000000001111100000010110110101
00111111101101110110110001100101
00111110101101111100001110100100
00111110000011101101110011010001
00111101111101111010100111110101
00111101111010101110000000011000
00111101111010000111001111011110
00111110000110001111110011111110
00111110100000000010010111100010
00111111100110011010000011101011
01000000001100101000001011010101
01000000010111010001000101100001
01000000011000110110111000011100
01000000010001101101001111100001
00111111110101011111011001101000
00111111000011010001111111010000
00111110001100100000110101111100
00111110000010100011010110000010
00111110000001000011111011110010
00111101111011011111001001011111
00111101111010000111001111011110
00111110000100111110101011110000
00111110000011111101010110101100
00111110010101110100101100011011
00111111010110000000100110101101
00111111110110111100000101111111
00111111111110101000010000010110
00111111100110110001010000101010
00111110111010000011010010100010
00111110001011100001011110001011
00111110000001110101110101010000
00111110000011100111101011101110
00111110000000010110011011011101
00111101111011000000110011101111
00111101111010000111001111011110
00111101111010000111001111011110
00111101111010000111001111011110
00111101111010000111001111011110
00111110000011011111010100110011
00111110010100011110100011111111
00111110011100010010001001111011
00111110001101001101111000110100
00111110000000110000001100100000
00111101111010110101001111101000
00111101111010111110000110010100
00111101111011100010100100100000
00111101111010110011011110001110
00111101111010000111001111011110
00111101111010000111001111011110
00110111000010101100101100010111
00110111000010101100101100010111
00110111000010101100101100010111
00000000000000000000000000000000
00000000000000000000000000000000
00000000000000000000000000000000
00111001011110001010111010010100
00000000000000000000000000000000
00000000000000000000000000000000
00000000000000000000000000000000
00111001110010111100001111110001
00000000000000000000000000000000
00000000000000000000000000000000
00000000000000000000000000000000
00110111000010101100101100010111
00110111000010101100101100010111
00110111000010101100101100010111
00000000000000000000000000000000
00000000000000000000000000000000
00000000000000000000000000000000
00000000000000000000000000000000
00000000000000000000000000000000
00000000000000000000000000000000
00000000000000000000000000000000
00000000000000000000000000000000
00000000000000000000000000000000
00111011000110110101011001110011
00111010011101111000010001110101
00110111000010101100101100010111
00110111000010101100101100010111
00110111000010101100101100010111
00111001000000000000001000111110
00000000000000000000000000000000
00000000000000000000000000000000
00000000000000000000000000000000
00000000000000000000000000000000
00000000000000000000000000000000
00000000000000000000000000000000
00000000000000000000000000000000
00000000000000000000000000000000
00111100100101010100100111111001
00111100011110110111111001000110
00110111000010101100101100010111
00110111000010101100101100010111
00110111000010101100101100010111
00111001010000101011000111111100
00000000000000000000000000000000
00000000000000000000000000000000
00000000000000000000000000000000
00000000000000000000000000000000
00000000000000000000000000000000
00000000000000000000000000000000
00000000000000000000000000000000
00000000000000000000000000000000
00000000000000000000000000000000
00000000000000000000000000000000
00110111000010101100101100010111
00110111000010101100101100010111
00110111000010101100101100010111
00000000000000000000000000000000
00000000000000000000000000000000
00000000000000000000000000000000
00000000000000000000000000000000
00000000000000000000000000000000
00000000000000000000000000000000
00000000000000000000000000000000
00000000000000000000000000000000
00000000000000000000000000000000
00000000000000000000000000000000
00000000000000000000000000000000
00110111000010101100101100010111
00110111000010101100101100010111
00110110110100000011000010100010
00000000000000000000000000000000
00000000000000000000000000000000
00000000000000000000000000000000
00000000000000000000000000000000
00000000000000000000000000000000
00000000000000000000000000000000
00111010001000111101010011001011
00111011100110100000010011011101
00000000000000000000000000000000
00000000000000000000000000000000
00000000000000000000000000000000
00110111000010101100101100010111
00110110110100000011000010100010
00110110000010101100101100010111
00000000000000000000000000000000
00000000000000000000000000000000
00000000000000000000000000000000
00000000000000000000000000000000
00000000000000000000000000000000
00000000000000000000000000000000
00111100001011101000001001110001
00111011000011110010011100100100
00000000000000000000000000000000
00000000000000000000000000000000
00000000000000000000000000000000
00000000000000000000000000000000
00000000000000000000000000000000
00000000000000000000000000000000
00111100100101111011101010100101
00111100101011010110010011001010
00000000000000000000000000000000
00000000000000000000000000000000
00000000000000000000000000000000
00000000000000000000000000000000
00000000000000000000000000000000
00000000000000000000000000000000
00111001000110111011000011011000
00000000000000000000000000000000
00111001001101110111111000110010
00000000000000000000000000000000
00000000000000000000000000000000
00000000000000000000000000000000
00111100110001000101110011100111
00111101000011001110011000111011
00000000000000000000000000000000
00000000000000000000000000000000
00000000000000000000000000000000
00000000000000000000000000000000
00000000000000000000000000000000
00000000000000000000000000000000
00111001101110010100101001110000
00111010001111011110000000000101
00000000000000000000000000000000
00111001010101001100111000100100
00000000000000000000000000000000
00000000000000000000000000000000
00000000000000000000000000000000
00000000000000000000000000000000
00000000000000000000000000000000
00000000000000000000000000000000
00000000000000000000000000000000
00000000000000000000000000000000
00000000000000000000000000000000
00000000000000000000000000000000
00111000011010001110101000111001
00111001110110011111110011101010
00110110100010101100101100010111
00000000000000000000000000000000
00111100110111011000110010011110
00111010100101100001001011101110
00000000000000000000000000000000
00000000000000000000000000000000
00000000000000000000000000000000
00000000000000000000000000000000
00000000000000000000000000000000
00000000000000000000000000000000
00000000000000000000000000000000
00111001100000111001001111100110
00110111110000100000000010100011
00111001111101100101000011011100
00110111000010101100101100010111
00000000000000000000000000000000
00111100110100101011100010011110
00111101101000101000010111100010
00111011110011001011111011100001
00000000000000000000000000000000
00000000000000000000000000000000
00000000000000000000000000000000
00000000000000000000000000000000
00000000000000000000000000000000
00000000000000000000000000000000
00000000000000000000000000000000
00111010111011001111010000101100
00111001101101010111011100111000
00110111000010101100101100010111
00111010110101110000110011111010
00000000000000000000000000000000
00111100101011110110000101001011
00111101100111011100000001101010
00111100101011100110011010001010
00000000000000000000000000000000
00000000000000000000000000000000
00000000000000000000000000000000
00000000000000000000000000000000
00111010100111010101110101001110
00000000000000000000000000000000
00111010010011110001111101010001
00000000000000000000000000000000
00110111000010101100101100010111
00110111000010101100101100010111
00110111000010101100101100010111
00110111000010101100101100010111
00111011111101110011100000000010
00111100001010000101001000011010
00111001001110101100001101000100
00000000000000000000000000000000
00110110000010101100101100010111
00110110100010101100101100010111
00111010000100100000010101111100
00110110100010101100101100010111
00110110100010101100101100010111
00110111000010101100101100010111
00110111000010101100101100010111
