01000000001100011111100000111000
10111111100101010000111110001101
10111111110111100010011110001011
11000000100101100000110111110110
01000000001100101001000111000001
11000000001111000111000000010011
01000000110011100111110111111000
01000000010000101010000001100100
01000000111001101110010111100010
11000000001100001010001101111110
01000000001010111001101111111100
10111111110100101001111001100001
01000000100100101101001011011110
01000000101100011010101110000110
01000000010101110111110010011110
00111111110001010010110100011011
01000000100101011010011111001000
00111111000111001010101110001000
10111111101100010010110000001001
11000000000011000110001000110100
01000000010111010000010000111001
11000000000000100011110011100101
11000000000000101100101000001011
01000000100011100011101000011110
01000000001010110001001110011010
01000000100011100100010010101101
11000000010010110110100111000111
00111111000110110100000011011111
11000000000111001100111110011111
11000000001011010110001001101101
01000000101100010010010101111000
11000000000000100010110011110111
01000000010011100001001111001110
00111111001011010101010001101111
00111111101000010011000101010000
00111111101101100000100100100100
01000000001100010010100110101100
01000000100100001101101110101001
00111111101010100100010000111001
00111111111111110000111100111011
10111111110000000101110101011110
10111111001001100111001001110011
01000000001110110101011010111101
11000000000101110100111101000011
01000000100000100111111110010001
11000000101101101111000011001100
10111110111010100001010001011100
01000000000100011100100111110111
01000000011010110100111010001101
01000000010101000110100101100101
00111111010110011011010101100001
01000000000010110011001101011010
01000000100011110100111100110111
01000000000001000110111110101001
01000000100000010011100100100100
00111111010110010010111110111001
10111111101000000110100011000000
01000000001000110000010101100110
10111111100001111110001110000010
00111111001000110101011111111100
01000000101010001001011101101010
01000000011011111111000111110010
01000000010011001101000111110110
01000000101101100100101110001000
01000000010110110110010001001010
01000000100101101000011000001011
01000000100010111110011100011011
11000000010010001100011110100011
01000000100100100000110101000101
11000000000010101111111010101010
10111111011111100100111100101100
00111111011001110010111001100011
01000000110001010110010101001001
01000000010011111110001001110100
01000000110010010100000010111000
10111101100010001011000110011111
10111111100110001000101110111100
01000000001111101001110011011001
01000000010110001001100110001000
10111111101011011111101100001001
01000000000100011101001100101000
00111101010001101011010010001101
01000000010101000101010100000100
00111111101001001111111101111111
10111111101011010111000110001101
01000000101000111011110010011001
10111111011011100000010001011110
01000000100101111111110001011110
00111111101011110001110111011011
01000000100110111000101111110010
01000001010010010111101101100001
01000000100111101011111011110011
00111110111010011011011001110110
11000000111111000010110000101110
01000000001100011100001111010010
01000000110010011001001101111001
10111110100110100001000111101110
01000000000001010100111001100010
00111111010100101000111011001101
00111111010101001111100010010010
00111111011100111010001001001011
00111111111010111011001100110001
10111110111101101001111011111011
00111111000001111000010010101110
10111101101110111001100100001010
00111110111110011001101110001101
00111111000010101000111110001100
10111111101101010110101010011110
01000000000110000010001110101111
10111111010000001001111011101001
11000000010101000100000000100000
10111101100011110001100110111110
10111111111100101100111000101010
00111111111010001101011011100110
01000000000111000000111111011110
00111110010101110110110001010010
11000000011100000111001000010011
10111111101010011100110011110100
11000000100101110010101010100010
01000000010010101111010000011001
