00111100001100001001000011010001
00111111000101011001011110001111
00111111100111011010100011010011
00111111100010100111001011100100
10111101110010000100001010111110
10111111001101101010010110111000
10111111001110001001001111000001
10111111001001110100001001000101
10111111011101111011001001000001
10111111000111010101111010101011
00111111001101000000110011100011
00111111101010110000110000000010
00111111011000001001100101110110
10111111100000000100001010110011
11000000001000101110011011000100
11000000001000001101100000110111
11000000001010101111111100000001
11000000001110011000011110000111
11000000001011110001011110001110
10111111100100111000001101000101
00111111110101110000000011100000
01000000000101110111110010010101
00111111101011001011011101010011
00111110101110010010101100111010
00111111011111010110110111100001
00111111100110011001000011011001
10111111100011001001101001010111
11000000010110111110101010011011
11000000010100111100100001101000
10111111101001111110101001001000
00111111101100110110100100010011
01000000010000010111001011111101
01000000011111000010011101001010
01000000101000111101000010011001
01000000110011101110011101001010
01000000101010011100100010110111
00111111110011001000111110111011
11000000000010100000101000111001
11000000001000110101110101111000
10111111100111000100010001000100
00111110101100011100001110110001
01000000010000110110011100101111
01000000100101110111111100001011
01000000100100100011100011111100
01000000100011110011001010001110
01000000100000010100001010110110
00111111110000001100000011000000
11000000000001101010111101010100
11000000000111010110011000011110
10111111100101100111100110001010
00111111000101010110110100010111
01000000001010101111101010011100
01000000001111111110000111010000
00111111110011101001111000100101
00111111110100101110101101010011
01000000000001101110001010101010
10111111000011110100011001110000
11000000010011100110011010010100
11000000001001011011000000010011
10111111100001100001111101010011
00111111011000000111011011010111
01000000000110100101101011010001
01000000011001001101000001100010
01000000011100101001001001010101
01000000100000110001011101011110
01000000010110001100110010101100
10111110111101100011001000011000
11000000001000010101101100010111
10111111110011111001000111100001
10111111001010101001110011001010
00111101100010101001101011000000
00111111110100100110111011101110
01000000100110100011000111000100
01000000110110010000110010000011
01000000110001101110110000101110
01000000100000111110101001110001
00111111000000000001101111010010
10111111100000110110101100001110
10111111001100011101011100100001
10111110100101101000001101001000
10111110011011010111001000010100
00111111010011100011000011111110
01000000010110011001011110101010
01000000101110101101001110010001
01000000101010010001101010101011
01000000001000101000001101111111
10111110100101101111000000011111
10111111010101101100100111110000
10111110100010110000000000111100
10111101010010111100111000101100
00111101001101001001000101111101
00111111000100100101011101111100
00111111111111110110010101100110
01000000100011110000111101001111
01000000100000001011000111010100
00111111000011101101000100111000
10111111110101111010011101101110
10111111100110001011010000101011
10111101100110011010001011001100
00111110000101000101101000001101
10111110111011001101100100010001
10111111110101110001111111011110
11000000001011110011100110101101
11000000000101000010101111101110
10111111100011100000111100110101
10111101000100110000101101100000
00111111100100110101010010001010
01000000001011101001111110010110
01000000001111101011001000011111
00111111110011011110100101011101
10111111110100010010001100001010
11000000100011111111000000101100
11000000101111000001010111110010
11000000011010100011000001000111
10111111101000001100001000110111
10111111100100000111001111111110
00111111010101010000000011101011
01000000101000000010110100001000
01000000101100110110001101000100
01000000000101111110001010010100
10111111111111100110100000101011
11000000101100101001101111110001
11000000110000011010011101001100
10111111110110001011111100010111
00111110111000010010110011101011
10111111110111011110000010010101
00111111101110011101000001100011
01000001000010010110011101011101
01000001000000100011101001101001
01000000001001000111010000011111
10111111110101111101100110000111
11000000101000011101011010011111
11000000100001011101110000110110
00111111101101001100100110000111
00111111101011100011110111101101
11000000000111011010001010100011
01000000010111111000001110110100
01000001010000010000111110110001
01000001000011100100010110000011
01000000000000011111001011110110
10111111111011011000000010011101
11000000100010100100001110001011
11000000010000111011101000110011
00111110101101101100101110011011
11000000000011110101011000011100
11000000011101111110100111101110
01000000110011000100101000100001
01000001011000010011100110111111
01000000111111010100110100011011
00111111101101110100111001110110
10111111101011010010001001011110
11000000011011001001011111100111
11000000100101000011100101111111
11000000100010110000001110111100
11000000110011001001001101100000
11000000001001010010111101000000
01000001001000001111101000111011
01000001010111011110100111100000
01000000110010000101101010111101
00111111100110010110111110100000
10111111000010111101101010010011
11000000010001110001011100101101
11000000101010010010100101010001
11000000110001110000001000000000
11000000101100100111111100100100
01000000000111110111101100000111
01000001010100110110011001011100
01000001010000001100101101001000
01000000100011100111010100011011
00111111100101001011011101101011
10111111001100110111010001000100
11000000000100111100101101101111
11000000011000111101000110001011
11000000101101111110101010010101
11000000100010111110000000111000
01000000110010101100101101011000
01000001011001010101101110001110
01000001000101010001101011110000
01000000001000111110110100100001
00111111001001100101111100010110
10111110111010110110011111001111
10111111100001111110110100111110
11000000001011110001000001010100
11000000110110111110110000010101
11000000100010000010000000111001
01000001000011000000001000001101
01000001010110011010010101001001
01000000110000100110100100101101
00111111010110101010110000101100
00111110011100000100001000010110
10111100101110011000100001111110
10111110110000111010100000110001
11000000011000100111000110111110
11000001000001110001001110111010
11000000011000101101111011001111
01000001000101101111010001001100
01000001001100111010100100101010
01000000010101110000000101010101
00111110010100000000101000101110
00111110100010000011010100001001
10111100111110011010000010001000
00111110010111100011010100010101
00111111100010010000001011110111
01000000000111001111101111101000
01000000010111101100001101010011
01000000011110110100000010110001
01000000011111011101101110111011
01000000011001101010101110000010
01000000000101011001001101101000
00111111010001001111101110101111
10111110101010001010011101100000
00111110001001101000101011011000
01000000000000001001110000000010
01000000011101000110111110100110
01000000100011000001010011000111
01000000100100111000110110010001
01000000100111011100000000101001
01000000100111001101001101100000
01000000001111111000100100000010
00111111011010101011110111011011
00111110011010001010011101001011
00111111101101011111010110111000
01000000001011110100011100000100
01000000010000011001101010010011
01000000001010111000001000010011
01000000001111111110111001001100
01000000100000110001000011000101
01000000100010010010110001011110
01000000000101100000111101001111
00111111001010001011111100011000
00111111010111101101110101101101
00111111010110100110001101110000
00111110101011110100000001111111
00111100001100011100110101001010
00111111101001111001001000111000
01000000001100010000000010010101
01000000011101110110011001100000
01000000011011110111110101011010
00111111111101011111101110100011
00111111001000010100010010000101
10111110010111100111001001001000
10111111100011111111011010100001
10111111110001000111100111101101
00111111000100101000101011111011
01000000011000100101011011100101
01000000100010110010010100100001
01000000100100011111010011011011
01000000011001111100011110001101
00111111111101100100010110111000
00111111010000101010000111111000
10111111000101110101100110100001
10111111000101011001001001000110
00111110111001101110011111001100
01000000001011110011110101001011
01000000100010110001100011000000
01000000100011010111000111110001
01000000100010001110001001010111
01000000010000101010100100111000
00111111110000110110000101010000
00111111001011110111011111011101
00111111000010010110101001101010
00111111010100010010000111000000
00111111001010100101111110111000
00111111110001011001011001011000
01000000000100010001101110101101
01000000001110110100010000100110
01000000001101101010010011000001
00111111101101111010110111001011
00111111001010001101010100101010
00111110100110010010001001110010
00111110101111011100110010000100
10111101100101100111000010111100
10111111010111100100101101001011
10111110010110101111100110100100
00111111011001001110001101010100
00111111111110111010100111111010
00111111110100001011000110011100
00111110111010001001000100000001
00111101110101010010111011000001
00111101111011100001100010100011
10111110001100100101110011100110
10111111010110000101001001010010
10111111001001101001010011110110
00111110000001000100101010101010
00111111010111100110111010011010
01000000000001000000000110111111
00111111111100100101010010111101
00111111001011110010100100001101
00111110100010100000001000001001
00111110000110000000001101100111
00111011110100000101110100100100
10111101101101001101000000111110
00111110011110000110011111111101
00111110101100001100111010110000
00111111000100100011010111100100
00111111111000111110001100001010
00111111110111000111111000000110
00111111010011011010010011011001
00111110100001011000010010010110
00111101110001111110000010101000
00111110001101000110111110001000
00111111100100111110110001001110
01000000011100000001101001011001
01000000110110010101110101001000
01000001000010111110001010100000
01000001000100110000010110010010
01000001000000100011111100110111
01000000110011000110001001110000
01000000100010110010000100011011
00111111111001100001101001011111
00111111101100001110100011110110
01000000100010101011000000010001
01000000111100010011011000001010
01000001000010000000001011001001
01000000111100110000111001100111
01000000110101000011111111001100
01000000101101001011000011011011
01000000100110011001000000110010
01000000010001011101100011001100
00111111100011011001111111010111
00111111110110000111011001110101
01000000000111011110000110101010
00111111011001111111011000101011
11000000001001011010110011011000
11000000100000011100010010011100
11000000000000110000010100100010
10111111000101110011101001101001
10111101110110101000111001011100
10111111001101100011001111110100
10111110111010100111100111100010
10111111001100000100001011001110
11000000001101000000110100111011
11000000101101100111101111011010
11000000110101111111000000111000
11000000010111111111111000000010
00111110100011100000101111100100
00111111001001000011100010111100
10111111010110001011111100010101
10111111110000010011011010011111
10111110010100000101101111010011
10111111010111110010101000001011
10111111010110010100111010100101
00111111001100001001010110010000
01000000011110001001000110001111
01000000111011000101111101011111
01000000111010001010011011010000
01000000100001111000000110010111
00111111001101000101001101010000
10111101101100110000001011000010
00111111010011010110100110110000
00111111100001000110010001111001
01000000001110000010111110100101
01000000100001110110010110111000
01000000101010000100010010100011
01000000101001100101001001000110
01000000001111111100101110011101
00111110110000000100000101101100
10111111110100001111101101101100
10111111100010001010011000110101
00111110010011010101111111110100
00111110011100100010010111111110
10111110100000111110000100100010
10111111111000011011101100111011
11000000001001011111110101110101
11000000010101111000011111100011
11000000100011111111000001111111
11000000101001010111101001001000
11000000100111000001101101110110
11000000001010010000000110011011
10111111001111001010011010011101
10111111000010100111001100101000
10111111111101111111011110001010
11000000001110101101100110001000
11000000000111011011010100000000
11000000001101011100100010001111
11000000011111100010001110101011
11000000100101101111000100110000
11000000011010000000000001011110
10111111101100011010000110101000
10111110011001001001100010011011
10111101000001110110000100011100
10111100011010100010001000100000
00111111001110111001111010101100
00111111110101001000010010011010
00111111011000000101101011110010
10111111011010011111000000001111
10111111111001010001000010001000
10111110111010110011100101110000
00111110111000110100101110101010
00111110011111000110110110000101
00111110001100101110100110001111
00111111000001110110101010011010
00111111100000101001101101110110
00111111100110000110111011010110
10111110111101100111101000101000
11000000000010101100111000010100
11000000000010010001001000000010
10111110001000111110111101110001
00111110111001001000111000111000
00111101111001100000001001101000
10111111001100110111000011011010
11000000001100100110111111100010
11000000101110101001011111001101
11000001000001110101111011000001
11000001000111110001010111100111
11000001001001101000001000010110
11000001000101010011101110110011
11000000110011111001001001110000
11000000011000011010010101011111
10111111100000010001100001100001
10111111000000111111111000100100
11000000000011010010101001100101
11000000100001101010010111011100
11000000100101011011100001000111
11000000100001000001100011000001
11000000100011011011011011010111
11000000101001011101100010001011
11000000100100000110011001011001
11000000000110000110010110010000
10111110110001101000001001100110
00111111111100011001001011011001
01000000011011100001001111000110
01000000101011101000110000110010
01000000111100101111010001001001
01000001000010011000111110011011
01000000101100110011110010000111
01000000000000110100110011110100
00111111001110110001010001001011
00111111100110111111101000000100
00111111011011001111100000111000
01000000001011111000111100001000
01000000100100110011100001111011
01000000101001111000100100110101
01000000110000110110101001001011
01000000101110100011011111101011
01000000010010101111111100110110
01000000000000101100011011110100
01000000001010010010001100100011
01000000001111110001010101110111
00111111100101011111110111111111
10111101110010001101001000111010
10111110100100110110111010111011
10111111101111110110011110111101
11000000000110101111000101101011
11000000010101011110001011001001
11000000001111111000001010111101
10111111000011000010000011011110
00111111111110001011111100101001
01000000000011001010100000100001
00111111000101011110000111111010
10111110010111010100010001100011
00111111001010000010111010000110
00111111101101001011100011011111
00111111100010100000101101111110
00111110010101000100101100001110
00111111101110110000011101001000
01000000010011011011110100010101
01000000100011001010101001111101
01000000010000010100000101101001
00111111001101100001001010101000
00111111110100100111110011001111
01000000100000101100011111101100
01000000110110011000001101110111
01000000111110010000111010000011
01000000111010100010111001011011
01000001000000100010010100001010
01000001000001110000101110000001
01000000111100101001010101110000
01000000100010000011011010110001
00111111100100111110011111001110
00111111000001110001100111011000
00111111111011111001011001101011
01000000100100111011000011110101
01000000101101001001110110111011
01000000101100101011111101000101
01000000111001000001110010101000
01000001000000000010110000001000
01000000110100000010010100111110
01000000010010001111111001000100
00111111011010011111011101000001
10111110111101101110101000110010
10111110101001110101101100101101
00111111101110100000101101100111
01000000000000011111000110000101
00111111111011100000011111110111
01000000010101111001111000001001
01000000100110011011000100100000
01000000010111111101110000011000
00111111101011010100000000001111
00111110111101101100010100001110
10111101010110001001110110001000
00111110111001001100100000100001
00111111111011101010100100001000
01000000001101011101100101100001
01000000011010000100001111010011
01000000100010001110111010000000
01000000100001100110110100101011
01000000000011011100010011001010
00111110111111111000100110100100
00111110011111000101111000110111
00111111101011010011100011110001
00111111110100100000100101001110
00111110011110011011110111111110
10111111111100001111001100111000
11000000001111010001000110010100
11000000100001111011001010111110
11000000101101110001010100101100
11000000101000101011110001010010
11000000001101010100101000100001
10111111100010000111111001010001
00111111111000100101001111010110
00111111110000111010100101010001
10111111101011010111111100010111
11000000011111001101001011010010
11000000100010000101010111011110
11000000101011100010000110101101
11000000111101101111010101010001
11000000111011011100000011100000
11000000100100111010001010001100
10111111110111001011001110101000
00111111111000100110010110111010
01000000000101010110100011111000
00111111001110101101111001010110
10111110011010010100000000001110
00111111000111110110110100010110
10111111100111101001100101010011
11000000101100000000000010100100
11000000110100100001111000110110
11000000100000101111010100001011
10111111100101101001111100111011
01000000010001001010001011001011
01000000101001000111010100001001
01000000100100000110001000001101
01000000100000010001101101000101
01000000100110010001101000100000
00111111110101100111000100101011
11000000011111011011010110111000
11000000101010100010001011101001
11000000001000111000111001111101
10111011110001000000110011000000
01000000011000111011000000110110
01000000101010101010010000000101
01000000011110101100111000000011
01000000010000111001011111100010
01000000001101111001110010111111
10111111100101100101101111011001
11000000101111110111101100100100
11000000101111001011101001110010
11000000000010000000001000000101
00111110001110001111110010000101
00111111111111110111100000000100
01000000001110101010000100110010
01000000001010010101000001111000
01000000001010000010110101001011
00111111010000101100101001101010
11000000100000111000010101101011
11000000111000111001100000000100
11000000101011010110101001001110
10111111101111011001011101101110
00111100111011010010111110100010
00111111101101101100001100111011
01000000010000010011110100101110
01000000100101101011000000011101
01000000101100101111011111011011
01000000000010011011111011100100
11000000010000010001000000101011
11000000100101111011011101001101
11000000000111110011010011111000
00111110101010000000010110110101
00111110111010000111110001110001
00111111110110110010000101111011
01000000011101010011111010111001
01000000110110001001100010001101
01000000111101001011110011011100
01000000010000010100000000010001
10111111110111001100011000110000
11000000000101100111011101101100
00111101000001111111010110110111
00111111101110011111111111101100
00111111001010111001111001110111
00111111100001110001110011111110
01000000001001111100011011000110
01000000110000010001111000000111
01000000110110101101011001001000
00111111101111011101000110000011
11000000010010011100010100011110
11000000000110111011010101110011
00111111000100111000100000001110
00111111101101111100010100010000
00111111000011001011101011111001
00111110101000000010011101010000
00111111101011100010010011111101
01000000100110010110000110010001
01000000101010100110010001110000
10111101010100100100111100100010
11000000011111110101000100000010
11000000001000101000010110110000
00111110110010110111100000001110
00111111001101100010010110011101
00111110100001101011011000010011
00111111001111000000101010000110
00111111011100110011001101010001
00111111010110001101001000100010
00111111001010000100110001101110
00111111000000111111111001100000
00111110100101101111011111111110
00111101011000101011001000111100
10111111000010010100000110100001
10111111010111110011000011100011
10111110101000101111111111110100
00111110011110010010111110101010
00111111011010000111000010011000
00111111111110111110011110011001
01000000001011100101110101011010
01000000010001111111100001101010
01000000011101000111010111110011
01000000010111101010000101001110
00111111100110100011011111010001
10111110001000100100110101111111
10111100101000000100100000001000
10111110011100101100011101011001
00111111111011001001001001001000
01000000100101111001100100111101
01000000101101010100011000100111
01000000100111111000011001110100
01000000101001100100001001000100
01000000100010000011101101101100
00111111010110100010100110001000
10111110101110010000000011011100
00111010011101111111110000000000
00111111101001000011011100001011
01000000100100101001000011010010
01000000110011011010100010001111
01000000011010111101100101111010
00111111100010011100000110111111
01000000001011101110010001010110
00111111110101011110111010010101
11000000000010100001000101000100
11000000000101011011111110001110
10111111001000011100001010101010
00111111111000110000000110110011
01000000100000010000010001111001
01000000011010010000101111000000
10111110100010001110100111011100
10111101111111101111011010101000
01000000100000011101101010101111
00111111101000100010010010101011
11000000011110010011010111010000
11000000010101000101001010000100
10111111001110000111011101100000
00111110101000111101010110110001
00111111101011110010101111000010
01000000000010000010001110010100
00111111111100110000001100000100
01000000101101010110110111111000
01000001000000100000101011001000
00111111111111110101001101001011
11000000010010010101001000100110
11000000000000010100101011010001
10111101011101011110011110011000
00111101110110001010101011111010
00111111111010011001011001001111
01000000100000000000001010101011
01000000101010110001110101001010
01000001000000100100011101101000
01000000110101001100101110010000
10111110010110011001100111110001
11000000010010000010000001111111
10111111101100001001010010110110
10111101011010000010110110100000
00111111010001110011001111111000
01000000001100101101000000010000
01000000011011110100001100000111
01000000100011000111110101101101
01000000101111100000100101011100
01000000000110101011010111110010
11000000010101010010101110010101
11000000100001011011110001001001
10111111111101110110011110101000
10111110101110010001011100111110
00111111000111011111111011100011
00111111101001101011100011011100
00111111110011100100110111001000
01000000100000111011101100101100
01000000101010111011111110010000
10111101011000001101010111000000
11000000100111011001100001011000
11000000011110100100000011111100
10111111101011111011111010111010
10111110100001111000000101011110
00111110011110011101100110100101
00111110000000001010111110011100
00111111100010100010001000011001
01000000101100110000111000001000
01000000110010100101000000010100
10111110101000110001101000111010
11000000011101010110110000000100
10111111111011001111110100111101
10111110010110111000110111110011
10111100100100011000100101100000
10111111001100000010001101111010
10111111110001001000100100110110
10111111111110100110101100100100
10111111111001110110011111101111
10111111111001011010111001100001
11000000000001111011110011100111
10111111101010010011001100010101
10111110110000011100010101011101
10111110101010111111111101010111
10111110100110010110011010011000
10111111010011000111001000111100
10111111110000100001001100111101
10111111101101101001000011011011
10111111100100001100110010001110
11000000000010010111000010001100
11000000001001000010110110111011
10111111101111100100110011111000
10111111000101011111100000000100
10111111001001100111111010000000
10111110101100111101101110111101
10111110100011011100001110100000
10111111001011111011000110010010
10111111100011001111101000000110
10111111110100100010010011010010
11000000001111100101101011000000
11000000010100101100100011111110
11000000000000111110010000100010
10111111100101100100001111000010
10111111101001101000111011001010
10111111000111111101001011010111
10111110111110100000100101000001
10111111111101011010101110011101
11000000001011000010101011100101
11000000010011110000101101110001
11000000100011110110111001001010
11000000100011101011110000101010
11000000001010000111101110110001
10111111110010111111010100001111
10111111110101100000110111001011
10111111010111010111000001001101
10111111100000101100100001001011
11000000000101110101011111011101
11000000001110101111011001111011
11000000010011000000110010110110
11000000100010100000010110100111
11000000100000110111101010110110
11000000000000100101001001000111
10111111101101111100100110000001
10111111110000000011011111100000
10111111001011111100010000110110
10111110110010010110100001101010
10111111011111011010111011001011
10111111110111001100001100000111
11000000000111110110000000110010
11000000011000100001001111000000
11000000010010000010001100111000
10111111110110111111000011010100
10111111110010011001100100111100
10111111101010000111001111110010
10111111000101010101011000001000
10111100100010010101111010011000
10111111000011011001100010111110
10111111110010110111010101011110
11000000001110001001000000001010
11000000011001011000011011010111
11000000001111111100100010010110
11000000000000010001111011010000
10111111111101011011011011100000
10111111101001001111010111111101
10111111000010010000111110100010
10111110110011000000111110111001
10111111100001110010010111110001
11000000000011110001010011100100
11000000011000001110110000110010
11000000011011000001000001011111
11000000001001101000000011101000
11000000000010000000001100000110
10111111111000001010010101010011
10111111100001101110011011010001
10111110111011101110110010010000
10111110010000101110110001111100
10111111001010101100000110010100
10111111111010011011000101000111
11000000010011010010000110110111
11000000010000111110000100000110
10111111101111110010001101000010
10111111110110110010111001100010
10111111101010110110110101101000
10111111000001000001011110000010
10111110000110110111010010111000
10111101010110001011110110110100
10111110001100000110001000010101
10111111100011000101010111101011
11000000000110101110000011101000
11000000000010110000100100101100
10111111011000010010011010001011
10111111101001110101101010011101
10111111100000000110110001101101
10111110001011111101011000101111
10111101001110011111000100010001
00111110111101010000001010101011
00111111100000000010111111100000
00111111101101111000010001100100
01000000000000111001000010010101
01000000010000011101001011000001
01000000010111011101001111110011
01000000010011010001000010101100
01000000000111010011010100110000
00111111101111101001000000000101
00111110111100001011111110000011
00111101100000010101111001000111
00111110011001100011110000111101
00111111110000000100010100100110
01000000100000111111011000011010
01000000110000011111100000100101
01000000110100010110000011001111
01000000110011010111000010011110
01000000101110000011011010011101
01000000010101110001100110001001
00111111010111000101010010110100
10111111100110010011000101111101
10111111100110100001001100101000
00111111110000111010000001110101
01000000101000010010101010111001
01000000101100000100110000000110
01000000100111110001011011010010
01000000110110110011000000110110
01000000111011000000011000100000
01000000011111101100001011000001
00111111010100010110110110110011
10111111110001001101111100010101
10111111100100111100110111001111
00111111101000110001100010000010
00111111111111011101110010110011
10111110000000000110000101100010
00111111001001111011111010000111
01000000101001000100101010101000
01000000101111101110111001000101
01000000001000010001010110110111
00111110110101101000110111111101
10111111001111010111011111111111
10111111001111011001100110001011
10111110100001101110011000110110
10111111010001011101111010100000
10111111011111100011011011011001
01000000000100000000000010111101
01000000110000011110000010110010
01000000100101101000001010000110
00111111101101100011100111100000
00111110111001110010111010000000
10111111001100011010001101100110
10111111101010110101010110110010
10111110101001101100100111000011
00111111100001000100001011001000
01000000010010000100010101010001
01000000110011111010011000111110
01000000111011110000001001100111
01000000100010110100010111000111
00111111110100000111110010001111
00111111001011011111110110100110
10111111100010101111110101001110
10111111110101101011100010000101
10111110110101100111110110011011
00111111100001000110101101111111
01000000010010000110110011111000
01000000110010100011110001000001
01000000110010000101001001111000
01000000001110110010110010111100
00111111100110111001010100100100
00111111000010000111101010001010
10111111010000000001101011001101
10111111100110001100100000011010
10111111111010010010001110101110
11000000000111100010011100100000
00111110001011000100000010010001
01000000100000011010011111011001
01000000010010011100011110101000
00111110000100100001011001000001
10111110010011111001111010111001
00111110010000100101111000101100
10111110001111100101100111010000
10111111001110101101100000010100
11000000000110110000111100001000
11000000001110101100110101110101
00111111010111000110101101110011
01000000011110000010110111001101
00111111110111011100100000011000
10111111010010110010001101000000
10111111000000000000110111001100
00111101000110111010111100001010
10111100110001110101011010010010
10111111000101001001101011010011
11000000000000110100100111010011
10111111110001010011001111001001
01000000001001000100101111100000
01000000100010100000011001110000
00111111111110100010011010001011
10111101000011101000110011110001
10111110000000000110010111010100
10111011110101000111011100010010
00111111000001101111010000111000
00111111100101000101110111000100
00111111110001001001100101010010
01000000000011110101001110100000
01000000010001111000100101001101
01000000010100110010000010010001
01000000001101000101001000110110
01000000000101111110111001110101
00111111110100100001001010110110
00111111000101011010111000101000
00111111010010110001100000111111
00111111110010010011100000000100
01000000000010101010000110001011
01000000010110010010001000110011
01000000100100111010010100011011
01000000100001101011011001011111
01000000010001111010001000010010
01000000001111101111001000000010
01000000000101001110011010011110
00111111001110100000100001001100
00111111100111111010001100010000
01000000000010100011111011100011
01000000000111101100111100100010
01000000010011111000000001001101
01000000100001100110011001111001
01000000010011101010110001001100
01000000000001110100001011110111
01000000001100001110100101100110
01000000000010101001001011110110
00111111000001001111110011001000
00111111111100101100010110111000
01000000001011111001101111111101
00111111111111100001001001010110
01000000000100101001110100000101
01000000011101101010100110011111
01000000010101100110111110000101
01000000000100000001001110011110
01000000001110110111001001001110
01000000000101011011101100000000
00111111010001110101001001010010
00111111110011010101110001101010
00111111111001100001010010010110
00111111000111010000111001000100
01000000000010011001100010001011
01000000101110001100010101101010
01000000101010010111001110101101
01000000001101011011010100001110
01000000001111010010111010001010
01000000001101001111111110010101
00111111101001011001011100100110
00111111011100010011010011100111
00111111101000001011101100010010
00111111100110100111101011001010
01000000011110110100110101001100
01000000110100001001000010000101
01000000100001001000101010100111
00111111111000011001001110000100
01000000000110001011100010100100
01000000000111010110110101110110
00111111100000001011011010010000
00111111011111001110101011111111
00111111111101001110000101110100
01000000000111010000110111001011
01000000011111100001100100111101
01000000100001101110111100111001
01000000000000100110110101001011
00111111100110111101000110111110
00111111111011111011011111101010
00111111110011110000010011000010
00111111000100001110010110010111
00111111011001010000111011111000
00111111110110100110001101111110
01000000000100101010011011100001
01000000001111010101111110011101
01000000000101010001010111010110
00111111101111000110110010100110
00111111110100110011101010110000
00111111110100101111110100000000
00111111100110010101011100011110
00111111000111010001000011001110
00111110110101111101001001101100
00111111010101100100000111011100
00111111111101110011011110101100
01000000001110010001100101001111
00111111101100110001000110011110
00111111011011100100110011111000
00111111111111001011111100110110
00111111110111101011010111111010
00111111011110110000010110010111
00111110111111000100101100011110
00111101111010100111001101000110
00111111001000110000011111000111
01000000001000111000000111001010
01000000001110100101011111011000
00111110001111000110111101010001
00111011110111110011111011101000
01000000000010010010001101101001
00111111110110111001010010111110
00111111000001110100101101100100
00111110001000000000001010111100
10111101100111111010001111101010
10111101101001011100101001000101
00111110001001110101101000110011
00111111001000010100101110100000
00111111101110111111000100010000
01000000000100000111100010110000
01000000001011111101100111011111
01000000000100111111110000000110
00111111111010001000010011111001
00111111010111000101110101101010
10111111000110010110100111100001
10111111010000001111001110110001
00111101010011001011010101011100
00111111111111100011100101001110
01000000011100001110011010001111
01000000100111110001111101001000
01000000101101001010111101001110
01000000101010111111111010011001
01000000100011110111011111011100
00111111111011101101110011100011
10111111101101111100001011111101
11000000000010101011100000010000
10111111011000111011100111101101
00111111110001101001110101110111
01000000010111100100010011100010
01000000100100011111101111101111
01000000110000010001011111010111
01000000111011110101100101111001
01000000110011011110000110110000
01000000000101111011011110111001
11000000000010101110100100011110
11000000010011111110000111101010
10111111101110110111001100001110
00111111011010010100100110001110
00111111101100000000000100001000
01000000000001111010011010111010
01000000101000000110100111011100
01000001000000001001011011011100
01000000110001110110110101000010
00111111111000101101001111101001
10111111110101010101111100010100
11000000000001111100100110011111
00111110100101100011100000101110
00111111101011011110111011011011
00111111010000100101100001001100
01000000000101111101000101011010
01000000110110010111111100100111
01000001000101010001010011101100
01000000101011110110101100000010
00111111101000011110100011010100
10111111011001110001110111011011
10111111101101011001101010010011
10111110011001101001011111011110
00111110000010110111110001010111
00111111100101000101001110101010
01000000100110110011011010101011
01000001000111010000111111010101
01000001000111111110100000001101
01000000100111011101000101010011
00111111101011100010100011001001
10111111100010011100000011001001
11000000000110000100100100001011
11000000001010000010110010000000
10111111111111001010011000101101
00111111100101110001001100111110
01000000110000001001010011011100
01000001001001010110000011111000
01000001000001101011010110000111
01000000011001010001001010110100
00111111101010000110111110010110
10111111100000011010110011010001
11000000000100010000111110101011
11000000010001010000001110001101
11000000001001011010011001011010
00111111001101001100111111010010
01000000101011110010010101100000
01000001000100010000011110110010
01000000101111001110100011010001
00111111110101101001101110110110
00111111000100100010000100100100
10111110100001111100101000010101
10111111010110000100001100110001
11000000000101110010101010000100
11000000001001001001100110110110
00111111101001111000011111011110
01000000110011101000001110110100
01000001000001001101111001001000
01000000011100111000100111000100
00111110110010111001100111101010
00111110000010000111110101110100
00111100111101010010001010110010
10111111000111011111101111110011
11000000001100110001001111001101
11000000010001100010011000110101
01000000000000010011111100001011
01000000111000111111101000001001
01000000111011010010110001100000
01000000001011110010001101100111
00111110100001110110101011111100
00111110011101011000011001100001
00111110010011000011110101010001
10111110001000111001110001101010
10111111001001101001111111010011
10111111011110000000001001000011
10111111011011011110100001001101
10111111100011010101111011000111
10111111100000011100101100101001
10111111010101101010111101001110
00111101001110101001010110110111
00111110101101010011111101101000
00111111101110110111011010010001
01000000000011001011111001100000
01000000001010011011000101101101
01000000010101000011000111011101
01000000100001001000001000010111
01000000011010000110101001101011
00111111110001011000011010010111
00111110111010110011100010000110
00111111100110111011110000110110
00111111011111100100110100001000
01000000001111011010101000000010
01000000101000001011010110101100
01000000101011011001001010110100
01000000101110000011100110001001
01000000110001001010001101001111
01000000100110010011010101100010
00111111101001011110111001101101
00111111001101101101011110110111
00111111110110100000100001110011
00111111101010110010111101001111
01000000001111000111110001000110
01000000010111110010100100101111
00111111110101101000110000110011
00111111010100100100011010001110
01000000000010101000111001000011
00111111111010000000111001101110
10111111010000010011011001110001
10111011101001001101110111001000
00111111101110011010101101111101
00111111101011011011000100100110
00111111101110001010101001000001
00111111100001101010011001110100
10111111000101001000011100111111
00111101010111001011010001010000
01000000001100100101100111011110
00111111111001110100011110001101
10111111010010111100001101010101
10111101000101111110110101100010
00111111101100110101000111000011
00111111101100111011010011100101
00111111100101101011111001111010
01000000001011011101001010010001
01000000011100001011100111001100
01000000101001110101101010110000
01000000110001101100110011111011
01000000010100100111010001011001
00111111010011101101100110010100
00111111101000110110101100110011
01000000000000110111001000011111
00111111101101100110110101110000
00111111111000110010110100101010
01000000011101001001010111010010
01000000101011000101100101110010
01000000110010000100011110000011
01000000100110000111100000000001
00111111110101000000000110100001
00111111100000011010010100010110
00111111110110011000111011100010
00111111111001100001001111110011
00111111011000100000101110000011
00111111100000100111001100001110
00111111111100100101001101101101
01000000010010001110011101110001
01000000011000000101101100010010
00111111101001000011011111000111
10111111010011000100000101001100
00111100100101101000110001100010
00111111100110100001100001010011
00111111100010100100110001010001
00111110111011000001011111001010
00111101000010100110110010000000
00111111000111110111111101001101
01000000010000011000000110101010
01000000010101010110100100011100
10111101001110111000010001010111
10111111110110111011111111110111
10111110000111010001101110001100
00111111101101001010000011101011
00111111010111110010001010100111
00111110100011001000001110111101
00111101101001000011011000100010
00111111100001111001010010111001
01000000100000100000001100101010
01000000100001100111110000000000
00111111001000000111111000010011
10111111100001000001000010111111
00111111000000011101010000101101
00111111111101000111010001011000
00111111000111101000000010110011
00111101100110000010001011011100
10111101100100111010101100000110
10111111101010001011000111110000
11000000010100001100000100111011
11000000101000001000110001000101
11000000101101001111010111111110
11000000101100110111101010110000
11000000100110000110110101000101
11000000001111001011010101110111
10111111010110101101100110010101
00111110100100111111001100010010
00111101010001000111111010110001
11000000000000000010110010101010
11000000100100000001110010110011
11000000101001110011001001000011
11000000100101001110110011100011
11000000101010100111010100011000
11000000101110000001111110110101
11000000011000011110000000000010
10111111001001100100001101111100
00111111000011010000010110101010
00111111111010011111001001000011
00111111101010100010010111010111
00111111011001111110110101000110
01000000001100010101100110011001
01000000011101000111001100100010
00111111000000111111100000011011
11000000000100000111010001001111
10111111010100100100001100111000
00111111100000101001000010011010
00111111100000110101110100011000
01000000010111011110110001111110
01000000100111001101011110010111
01000000101011100000110110001111
01000000110101110110110111110100
01000000101110011011001111011101
00111111100110101101001010011101
10111111010100010000001011011111
00111111011011001011000110000101
00111111110110011010100011100010
00111111011101011010010011001010
01000000001001010110010100001011
01000000001010100011100001010001
00111111000110100111110010011011
00111100101011111100101100100111
10111111100001001100000110101111
11000000010101000100001010010010
11000000000011110011101111101101
00111110100110111010001000111101
00111111010101001111101010011011
00111110101110011111100100111110
00111111110000001100100010111101
00111111100000000110110110011111
10111111000001100000101111101101
10111111000010010100110010110001
10111111110000011101110110100010
11000000001000011010100100000011
10111111001001011111010000010001
00111111100010000110010010010111
00111111010101101010000011111111
00111110100001010001010000000100
00111111111111101011110011101110
01000000011000000100001001110101
01000000100111011001001100100110
01000000101100010101100011100111
01000000010100111010000001111111
01000000000101111101111001010011
01000000010111010000000100101110
01000000010011100010001001001011
00111111101110110110000011001000
00111110111110011110100110101001
00111111111101010001010100010010
01000000011111010010011010100001
01000000110101011011001001100100
01000000110001111111001100010101
01000000001111110110011100111100
01000000001111001001011010010000
01000000100000010011001101110100
01000000010011010111001101001000
00111111100001100100110111000101
00111110011100111011011110011010
00111111010010101101110011100001
00111111111010000000100000011110
01000000100001000100110110100100
01000000001100010111010110110001
10111110011110110100010111101010
00111111000111100010101000100100
00111111111110011001100000111111
00111111110000100010010110111101
00111110011100111000011101100000
10111100110100101011101111100000
00111110100011011111011111000101
00111111101011011110001001010111
01000000011111110110110001111101
01000000000110101001111000000101
10111101100111010110101111100001
00111111001001100000110101110000
00111111101000101100100010010001
00111111011010110011010011010001
00111110010011001001011010111010
00111110000010100010010100010000
00111110001100000001101001110011
10111111000001010011111100000011
10111111100111010111001100010011
10111111011010011100111101100011
10111110101001100100010001111000
10111110111011110011111100101001
10111111000001100111010100101011
00111111000110111001000000100101
00111111100100000100000010001100
00111111010111011001100011011010
00111101110011010101110101101000
10111111000111001100011110101100
10111111011010100011000011010001
10111101000000000000110100101110
00111110100110001100100001010000
10111111010010110000100110101001
10111111101101100001001100100101
10111110110001001101010101110011
00111110101100101010101110010011
00111110110111000011101011101010
00111110101100110101110111111001
00111111101100001010100000011101
01000000000010111011000001001100
01000000010001011001010101101111
01000000001001101000000011010101
00111111101011000110000100111100
00111111011010010000010100011111
00111111010001111110011010011011
00111100001010001011111101010100
10111110100100101000111011011101
00111111010010011111100011111111
01000000001001001011101011100011
01000000100001011010101110000000
01000000100110100011000100000001
01000000100100010111101100101010
01000000100110000000101001100101
01000000100111111001110001111001
01000000010101000101000000000101
00111111001100001111110101111110
10111110011011001001100101001100
00111110111001100111000011101111
01000000000100110000010001001100
01000000011010000010001011010010
01000000010110000011100110100100
01000000010110110110100100011000
01000000101010010110101110110010
01000000110010001110001100111101
01000000011001100101100101110110
00111111010001111110010101100001
00111101100011110101100110111010
00111101111111110011100111001100
00111111110011110111001100000101
01000000001010011011100111000010
00111111110010001001000000000110
00111111110011010011110000011000
01000000100010101000100011110001
01000000101000011111100010111000
01000000000011101011010000100011
10111110000001011010100101000101
10111110101001010101011101011010
00111110001010101000000011111010
00111111110010100101110100101101
01000000010101110111101010001101
01000000011001101101001111100001
01000000100000001110001000111001
01000000110001000010001100010110
01000000101011011011110101001111
01000000000000001111010001011000
10111110011111101100010001010111
10111110110110110010000100011101
00111100100110011100100100011000
00111111101101100101110111110010
01000000011001010111100001011011
01000000101001011111101000100110
01000000110010011110100100110000
01000000111101010101011110011010
01000000101100011010010010110000
01000000000011110000001101000101
00111110101011010011110110000000
10111101000011011010010110010100
00111101100110001101011000100010
00111111010100100101001000111010
01000000000100110111101010000000
01000000100001101010000001110110
01000000101101000111000011000001
01000000110011001101110011001010
01000000011110110000101011100000
00111111101011111011101000001101
00111111000101100000010110100011
00111110011110101001100110000110
00111101101100100101011100011100
00111101110000101111100111101110
00111111010110101010111001100001
01000000010111100101011100111101
01000000101001001001100111011000
01000000100001110101000001001110
00111111101101111000101101101010
00111100101010000001110111110000
00111110001110000111011000100011
00111110000100101111111001110010
00111111101000001011011100010110
00111111110101001000111010010110
01000000000000001111010101001011
01000000011010010000101111111000
01000000101100101011010001101010
01000000101000100101000000110101
01000000011101100011111011011001
01000000011101101110111011001100
01000000010011100110001001000110
00111111101111110111000100110100
00111111101111000100001001000100
00111111110001010111111010101110
00111111111100000000000111001000
01000000011010011010011111101010
01000000100010111001100110101101
01000000000000110101000010101101
00111111110000010101101000111100
01000000001111010010110110001010
01000000001100111110100001101111
00111111100011100101001000100000
00111110110100011111100001011101
10111111000011110110100001000011
10111111111111000011100000100110
11000000000000111111000111010110
11000000000101100010111011100001
11000000010000101111110111000111
10111111011111011000111111010011
00111111101110111111100000000100
00111111111011101011010110011101
00111111001000001100110110011001
10111111001001000101111011011011
10111111111000001101011111011010
11000000010010101001110001001101
10111111111111001011001111111010
10111101101110111000101001000111
00111111100101111100110010000101
00111111111111000111110000011011
01000000001011011011110010101001
01000000010000111100101111011000
00111111101101001110001100011011
00111111000110110111110001000100
00111111010110011111011101111001
00111111110001010011111011101100
01000000100000010001000000100010
01000000101101110101100101011101
01000000101001000111110110001010
01000000011010111010101110111011
01000000100001110111001010100011
01000000100010011000111100100110
00111111111101000010001111101101
00111111011111110111110111011100
00111111101100110001100010110101
01000000000111001001000010110111
01000000000110110100100100101000
00111111110100101010000101100011
00111111011111010011000110000010
00111111100110000000111011100010
01000000010011000111100100110010
01000000010001010010010000011110
00111111100010101101011000110100
10111110110100001100100001110110
10111111011100100100000100110011
10111111100110100010000011001100
11000000010110011010100100000010
11000000011101100010001011010101
11000000000001111111000001011100
10111101100000111110001010100111
00111111111101100100011101110011
00111111110010010110001001100100
00111111000101100001100001000101
10111110110110100100110110111011
10111110111000000011101011110010
10111110111100101011100101110100
11000000000000100001000100110100
10111111110010111100000101100000
00111110011010011111101110101010
01000000000010100110110100111110
01000000010000100000100011011011
00111111111011111011101000010000
00111111010101000000000101010110
00111110100100001011111101100110
00111111011110010100001010011101
00111111101100011111000100110111
00111111000101110010001101100110
00111110110101111011001111011010
00111111110101111111010110000001
01000000100010010101000011110101
01000000100000010100100100101001
00111111111100101000101110100111
00111111010000111010100011100011
00111110010110011001110011111010
00111110111101000111100111000000
00111111000111001100000001001111
10111110110100101101101001001001
10111111100110101111000000110011
00111101111011010011110110000000
01000000010101110111000001100100
01000000001100111011110001111010
00111111011001010010100101000100
00111110101010111010010000100101
10111110111010001111101100011100
10111111100110001000000011001010
10111111110000111010110111001000
10111111101111001111001001001101
11000000000001111010010110010011
11000000001101101110011010100111
11000000001011010110101011010111
11000000000001110111000101110111
10111111101110010111111010100010
10111111001000111111000110100111
00111111100111001100010001111101
01000000010001010101111011000010
01000000100101011100011110001111
01000000100111001010100110010100
01000000100010101100001111110011
01000000010101111010000011100010
00111111110100000000100100101111
10111110111010001111011100101110
10111111100100010000110000101010
10111111000000101101111000110100
01000000011100101101101010101100
01000000111011110000010100011101
01000001000011101110001010101110
01000001000001111110111010111000
01000001000011001111000010000010
01000001000010010001110110111001
01000000101101000101110010010101
00111111111000110001011100011000
00111110101001101100011010010110
00111110100001110000111101000010
01000000000001010101011101101010
01000000001100000110000101100111
00111111101011111111001111010010
00111111011100001001110011001001
01000000010100111000010100110000
01000000100101110110011100100001
01000000001001001001001010101001
00111111000110001010011101010011
00111111001011110000011100011011
00111111000010101001010101011001
10111111101001001001111111001100
11000000000000001110001000011110
11000000001101000010111110010001
11000000000011100011101000001111
00111100001100100111000111111000
00111111000010000011011101110010
10111111100000101110000011111100
10111111101100101010010101001110
10111110000100000100101101001111
00111110000010000100010100000010
00111110011101001101010111001110
01000000000010101000011101110111
01000000100100101011101110001001
01000000101101101011111100001100
01000000101100111110100110101000
01000000011110010110100111011101
00111111101000001111010101100111
00111110100011110100111111011110
00111110110110001111100000011100
00111101100100101001001100101011
00111111110011000101110101110100
01000000100001000010101001000000
01000000110101111011011000111110
01000001000000100000010111100010
01000000111110011000001010011000
01000000101011000100111111101110
01000000001011100010110110010110
00111111111011011101010010001111
00111111101100001100010100000011
00111110111100001011111010100000
10111110100101111000011110011000
10111110110100001111001101011000
00111111100011001100010010111111
01000000001110111001011000110010
01000000001010010001110111100111
00111111011100110100110101011111
00111101110101001110100110101000
00111111001001010111001011000011
00111111010101000111010111111100
00111110101101111011101001101010
10111111011010111000101011111111
10111111110101111000010001010101
10111110001111001100001110001110
00111111101011110010110100000010
10111110000100111101111100111100
11000000000011100100000010111010
10111111110110100101101111101011
10111110111000010010100001000010
10111100100011110001110100001000
00111100001111011110000010000010
10111101111110101100111001101100
00111110111010010000111000111000
01000000000101011011010100000000
01000000011101011001010000111011
01000000000100110110101100100100
10111110011001001000110010011001
10111110101110110000111001100010
00111101010111101110110111101110
10111110000000111110100110011111
10111101011011111110001001011110
