01000000110100000101010110011101
01000000100100101000010011001011
10111111110101100010111011111001
11000000100011111110001111110110
01000000011110011101110100011110
11000000001011101000000000111001
01000000100000111000110101001111
00111111100000011111011100101010
01000000100101001010111111000100
10111111110011000110111100110101
01000000100100010010010001010010
11000000001011010001010111011000
01000000101111011001111001001011
00111111101100100010011000001111
10111110000010110100101110100100
01000000010001110011010001111011
01000000100000000010100000001101
11000000000011111001111010010001
11000000011011111010110000011111
10111111011000001011111001001010
01000000000111001110010001110100
11000000010100101011100010001010
00111110001111110010001101110011
10111111101011000000110111011000
00111111111101101010110001001110
00111111101010010100000010011000
00111100101010001001110010101101
01000000001101011111010111000000
11000000001011000101010011001001
00111111111110001000010110110110
01000000010101110011000101110010
11000000001001001110010111010001
00111111000000010000010111100110
01000000000010001000101100011000
11000000000110000001000011101100
01000000100001000010100010110010
00111111011000010011000001011110
01000000001011000001001111100100
00111111111110000001100011110011
01000000111001100100000000010100
10111111100001100111011000000101
11000000100100010111010101011101
01000000100111000110000000000110
10111111111100101101011101110001
00111111111000000110111101110110
00111111001100011100100101101111
01000000011011010011011101001011
01000000101100000010001110011110
00111111010110111000000011110110
01000000100111110101001100000000
10111111011010000001101001110011
01000000011001100000111101101101
01000000000011011011100010010001
01000000101010000111010010111110
10111111110000111000000110100110
10111111000000011011011100110101
11000000010110000000110001101111
00111111101011110011001011100110
10111111010101011101101011101101
00111111100110000010110011100110
01000000010000000001111100111001
00111111111110110110110011010101
01000000100100111011000110100111
01000000000011011011111101100100
01000000111000100010101000000111
00111111101011000111101010011101
01000000001111001100011000000100
11000000001101001110000000100110
00111111110001011010110000101001
10111111100100110111011000010110
10111110011100100010000110001001
11000000010011000111011100000110
01000000100011101110011011011000
11000000000100011101111001000010
01000000011101000000100111101001
00111111110010011000011101000001
11000000000001111000011101010000
01000000101110001001111011011110
10111111100001010101000110110011
01000000100001100000101110001011
01000000100101110011101111111010
00111111101001010100111110001100
00111111100100111100101010010010
00111111101111001001001101110011
01000000010011110101011110010001
10111110001010001110001110110101
01000000001010010001000111000111
10111111110001011110101101110110
01000000110001010110111010000001
01000000001110001110011111010011
01000000101010110011111001001111
01000000000011101011110111010000
10111111011111000011111110010100
00111110111100010010000101110101
00111111110110011101000100111100
01000000010111100001111001100110
10111111001011111111010011001011
11000000000010101110111011000001
00111111101001011101100010100001
01000000101000111011101111000000
01000000001110111111011010000100
10111111000000110010111010111110
10111111101001111011010100100101
11000000000001100100111010001010
00111111011011100101101111101000
01000000011111001001111100011110
01000000000110100100011110001100
00111111010011000110110001100110
01000000111010111110001101100101
10111111101001001111100101100001
10111111101011110001000010100111
01000000001100001111110100111110
10111110100011000001001000000001
00111111100000100001100101100000
10111111111001110011111111011010
11000000010010101001011100110000
01000000011101000100010000000000
00111111011010000100011010101001
11000000010011111010000000010100
11000000000100001010001100100000
