11000000010110000010100100001000
01000000101010111111101101111001
01000000000011100100101010110101
00111111101001110101110111110011
11000000001000101000111000000101
01000000001000111000111001011001
11000000001100010101000111101110
11000000011010100001100000010011
10111110101101101000110110101111
01000000111101000001111001010000
00111110011100011011101101111100
01000000010101010110111011010111
11000000011101110001001100100111
11000000100110010110100000100011
01000000011100110000011111011100
00111111001000000111001101001100
10111111110110100110011111100000
00111111111000101111001110100110
01000000100100001101100100000110
11000000001110011011000100000000
11000000001010101001010111001001
00111111111100111100010111100011
10111111000111100100110000101111
00111110001111000101000110000111
00111111100111000110001010100011
01000000101100010110100101111000
00111111000011101111000111000100
11000000100010111010000101100011
10111111000010011000011100011000
01000000100010110010110011011110
01000000001001001101011101101011
00111111110000101100011111010000
00111111110101111000001011101010
01000000011111010000100001101011
01000000010011110111010010000110
00111111100010111111111011001100
01000000101110000101000100010101
11000000010110000000010111100100
01000000100110000011101001110001
10111110001110010101011110111010
00111101110000100001001100001011
10111110011111110101000101001000
01000000100000011001001111100011
01000000101101001011001110000100
10111111100101010010001101000100
01000001000001100001101010110110
10111111101101011001110001011100
11000000010101100110101001110000
11000000000000111111001100000010
00111111001110111110010000110001
10111111001110101111101111111110
00111111100110101111000110011000
11000000001011011101010100011000
01000000101010110110001110010011
01000000010000010001111110110000
00111111011111101110110000011011
01000000110010101101010100000000
01000001010001110101101010000101
01000000001101111000111101011110
10111110010110010000001101111100
10111111100101111001011101101101
00111111000111100101110110010000
11000000111010010101101011010110
00111111111100101100111111110000
01000000100111011111101110100011
11000000001011100111100111001111
00111111100111011010010001000100
11000000110010110100000110101111
00111111111001011101010011011001
01000000011010111011101010000100
01000000101000011010111111000011
01000000101100100111011111100001
00111111111111110100001011011110
01000000101010110100110111111111
10111111101011011011101100110110
11000000000010110010111001100110
01000000100001101100010001000000
01000000100010011101011111011001
01000000011101110010011011100111
10111111100000111001001110110110
10111111011101000000000100111000
10111111010001000000110101110111
00111110001010110111011111001001
10111101111001000001110010111011
