00111111100111111001010110011110
00111111101100000110001001110010
00000000000000000000000000000000
00000000000000000000000000000000
00000000000000000000000000000000
01000000001101101001111001111110
01000000011000001101100101100110
01000000011111110111110101110000
00111111000101010101001110101010
00000000000000000000000000000000
01000000100010111011000101110011
01000000011100101010100111011000
00111111101110001100100011101011
00111110111100001111100111011110
00000000000000000000000000000000
01000000000110001001101011100000
01000000110101110000110000111000
01000000110101100000011111111100
00111111110100010101111001000100
00000000000000000000000000000000
00111110001001100111100010111001
00111111110011000001110111110010
01000000110010000110001100110101
01000000000110010100101000011010
00000000000000000000000000000000
00000000000000000000000000000000
00000000000000000000000000000000
00111110101110111011111011101000
01000000100111110000110010101000
01000000010011110111111000010110
00000000000000000000000000000000
00111111101001001110001010010011
01000000011011010001000010010110
01000000111110100110111111101110
01000000101101011110111111101111
00000000000000000000000000000000
00111111110001101011100101001000
00111111100110011000100000001000
01000001000100100110001000100001
01000000110100000010001000011010
00000000000000000000000000000000
00111111010011111111110001111100
00000000000000000000000000000000
01000000111111000001010010101100
01000000111011001101100010010011
00111011011000110100000101110000
00111110100110101011001000111000
00000000000000000000000000000000
01000000101001101100000001110010
01000000111111100011001101000010
00111110011010010011111010100010
01000000011000001111100100010100
01000000101101110110111110010101
01000000101001111100001100100110
00111111111000111000110110001110
00111111101000000010100011000111
01000000100000001110000100010010
01000000010111111111101011110000
01000000100000000010110011111110
00111111111011000001101011011111
00111110000101011001111111000111
00111111011011111010001101010100
01000000011111100111111010001101
01000000101000000011111100001010
01000000000100010101001010011100
00111101001010110011010100000101
00000000000000000000000000000000
00111110000000001110000100111110
01000000010011011100000000000000
01000000001000101001110001011110
00111100000011011101011110101110
00000000000000000000000000000000
00000000000000000000000000000000
01000000000111110110110110101001
01000000000111101001001100000111
01000000000101001000001110010011
01000001000010100001000110111010
01000001000011110111110111110001
01000000101110000100110100000111
01000000001000010100100001100000
01000000000011100000001110101011
00111111001111000011011111101110
00111110000001001010010111000000
00111110101000101010100110100111
00111110011011100110001100001000
00111110100010010101100001111100
00111110110101001101111011011010
01000000001110011110111011001000
01000000000100111110100000001101
00111111100000111100010110000100
00000000000000000000000000000000
00000000000000000000000000000000
00000000000000000000000000000000
00000000000000000000000000000000
00111111011100010001001010111101
00111101111000001001011100111000
00111110000110000010000000010100
00111111100101111111010100010100
00111111001111010110100000001110
00111111000011110100001111111011
00000000000000000000000000000000
00000000000000000000000000000000
00000000000000000000000000000000
00000000000000000000000000000000
00000000000000000000000000000000
00111111101011011000011011110010
01000000000100100111001101111100
01000000111000111000101011111100
01000000001111001001010011110100
00111111010100101011001111011010
01000000100011101011000100110101
01000000110110001101001000000000
01000000011110101100010101001110
00111111100011110101101001111100
00111111011010011010110010001100
01000000000011110111010001100111
01000001001000001010111001001010
01000001010000010011010001100100
01000000100011101100011101101100
00111111011000100100011101011000
00111100000000010101011000100010
00111111001010001000011011000110
01000000100100011110011101110000
01000000100100010010001011101001
01000000000000110100011111100011
01000000000111000001000111010100
00111101101111001010001101010001
00000000000000000000000000000000
00000000000000000000000000000000
00000000000000000000000000000000
01000000101001100111010001001101
00111111000101010001101001011011
00111111001011110111000000111010
00000000000000000000000000000000
00000000000000000000000000000000
01000000110010000000010100000011
01000000000000011010110001111101
00111111010000001011011100111001
00000000000000000000000000000000
00000000000000000000000000000000
01000000100010110011110000000010
01000000110010111101001010111010
01000001000001001100001000101010
00000000000000000000000000000000
00000000000000000000000000000000
00111111010110111101101000010101
01000000001000010010100110001001
01000000111010110101111110001101
00000000000000000000000000000000
00000000000000000000000000000000
00111111001101000110011000111110
01000000001000100001011111111011
01000000010111110011100011000100
00111111101110110110100110001010
00000000000000000000000000000000
01000000010100100000010001100011
01000000111011001011101110111010
01000000001001111011101000010001
00111111010111110110000101001000
00000000000000000000000000000000
01000000100010011010101001010011
01000000100010000101000011010111
01000000100001011111110101111101
00111111110000011101110010111110
00000000000000000000000000000000
01000000001111100011100100000000
01000000001000100100001100000111
01000000011000110011011010111100
00111111110001001001101010001100
00000000000000000000000000000000
00111111001001000010100010100000
00111110111001111010010000011111
01000000010011001110100010001000
01000000000011110100011010011110
00000000000000000000000000000000
00000000000000000000000000000000
00000000000000000000000000000000
00000000000000000000000000000000
00000000000000000000000000000000
00000000000000000000000000000000
00000000000000000000000000000000
00000000000000000000000000000000
00000000000000000000000000000000
00000000000000000000000000000000
00000000000000000000000000000000
00000000000000000000000000000000
00000000000000000000000000000000
00000000000000000000000000000000
00000000000000000000000000000000
00000000000000000000000000000000
00000000000000000000000000000000
00000000000000000000000000000000
00000000000000000000000000000000
00000000000000000000000000000000
00000000000000000000000000000000
00000000000000000000000000000000
00000000000000000000000000000000
00000000000000000000000000000000
00000000000000000000000000000000
00000000000000000000000000000000
00111110101110001011000100101010
01000000001111011110101110110000
01000000111011100000101011110100
01000000110001100100110101010111
00111111101101010010010100001011
00000000000000000000000000000000
01000000100110111100100011011011
01000000011001001101010010100111
01000000110010001010110000001010
01000000000100011100011000010111
00000000000000000000000000000000
01000000001101000111001110000110
01000000100011010110100001110000
01000000110010111010101010111011
01000000000000111001110000101111
00000000000000000000000000000000
00000000000000000000000000000000
00111111011101000000101011100010
01000000101110001101101111001011
01000000000110011010110100001110
00000000000000000000000000000000
00000000000000000000000000000000
00000000000000000000000000000000
01000000100011010011010011011100
01000000010101001110110001000001
00111111110010111101001100001110
01000000010101111110100001110111
01000000100111110111101100011110
01000000010111111011110110001001
00111111101001100100101100101110
01000000011001111110110100001100
01000000100011010010000110010111
01000000100111000011100110111110
01000000001101010011101001010111
00111111111011110110110001011110
01000000010010010100011110110001
00111111111000010110010101000100
01000000110011011100010000101010
01000000010000010100010000011010
01000000001011111010000101000100
00111111110111001001101111111010
00111111001110100001111001000010
01000000011101010010100010011110
00111111111110011010101000100110
01000000001111101110011001000100
00111110100010111010000110010101
00111110101011110100001011011110
01000000010001000100110101001101
00111111100101010100110000111100
01000000010010010101101100101000
00000000000000000000000000000000
00111111001000001101010010011100
01000000101010000001111001100110
01000000110001010000101111001011
01000000000101111111001111110010
00000000000000000000000000000000
00111111111001001000111011101010
01000000101100000011100001000110
01000000111100011110101110000000
01000000100011100101011001101010
00000000000000000000000000000000
01000000010101001111000111001000
01000000101101111111010111000100
01000001000101011101111001100001
01000000100101110100000100111000
00000000000000000000000000000000
00111101100001001010011001001101
00111111010111100011110010101100
01000001000001011101010111001111
01000000101011000110011101111111
00111100000000101001111000001100
00111100110110010101011000000110
00000000000000000000000000000000
01000000110001110001101011110010
01000000110010011110000100011110
00111111110001111000110001000000
01000000001000101001111100011110
01000000001011111111001011100110
00111111010000100100111100010000
00111111010010101001101100100100
01000000101000110000011110011111
01000000001101010101011100000010
01000000011110011101110000100110
00111111000100101100001010000110
00111111110001011100111010010001
01000000101001111000100110100111
01000000011011100000111110111110
01000000101100001011000000000000
00111110111100101111000001001011
00111111110111011000010000010100
00111111110111001100001110100010
01000000000111000100010110010000
01000000100100001010001001100011
00111101101100100011101000100100
00111111110011011010010101100101
00111101001011110101100000101100
00111111000110101111110111001110
01000000100101011000010110011000
00111111000001110110001100001110
00111111111110110001011001100110
00111110010000111100011001111110
00000000000000000000000000000000
00000000000000000000000000000000
00000000000000000000000000000000
00111110011011010101011001111100
00111111111111101001101010101000
00111111111110111011101001111101
01000000100011011010010110011011
00000000000000000000000000000000
00111111010011001100011100001100
01000000101001110100110010101000
01000000000010100000111001101011
00111111000110111110101111000010
00000000000000000000000000000000
00111110111100011110011111001101
01000000100100000000110111011100
01000001000010101100010110001110
01000000111000010111111011111110
00111101001101101100111101111100
00111110111110110010011010010100
00111111000111010011001101001110
01000000000011000110011011110010
01000000100001101100000111110111
00111101100101001110001110000000
00111110110111110101101100100010
00111101100000001011010011011010
00111110110101100100000110000100
00111111000001111101011100011100
00111110010000001100100000001100
00111111001100110011011111111111
00111111100000101100110011110100
01000000100001110010010010101100
01000000110001111100101111101011
01000000001100101001000110100010
00111110001110000010111010011001
01000000010001011000101011011100
01000000110000001101110110101111
01000000010101010111101001110100
01000000011000001100110111100101
00111111000110100000101110010110
00111111111111001010011000000100
01000000111001000011010001110010
01000000111011010111110111010111
01000000011101101011100101011001
00111110101010001111101111000000
00111110100100100010011000101000
00111111101101110000111010001111
01000000100101100100001111001001
01000000100111010010001011101000
00111110001011111011001010000000
00111111111011111110111100011100
01000000010001101001111101100010
01000000100011011010111010110010
01000000010011000010011001111111
01000000000010100000110010011101
00111111000011010001001001010110
00000000000000000000000000000000
00111111110100011011011100110011
01000000000001001101011110011111
01000000000111011011101001111100
00111101001011010111011000001100
00111111000110000101001111100111
01000000100000111001100010000100
01000000010011000001110111011100
01000000011101110100000110011010
00111100100001001000100100110111
00000000000000000000000000000000
00111111001010000010010111111000
00111111110001001110011010001111
01000000100001110001011100000001
00111110101011010110001001011100
00111111011011100010011001010010
00111111101111000100010111111110
00111111011100110010100001010000
01000000010101100100110000011100
00111111101101010110110001010111
01000000100011010010001010100000
01000000011001011110010111011110
00111111000011101010000110100101
00000000000000000000000000000000
01000000100111101110111110111110
01000000100001001100000110011110
01000000101011100101110101001001
01000000001111111101100100110110
00111110100111011111111000110010
01000000100010111000100110000101
01000000110000011100101110000110
01000000100010001111110101011100
00111111001110110100111000111000
00000000000000000000000000000000
00111110100001111011011100110001
01000000001101110110101111101100
01000000101110000110000111011001
01000000000110001001101110010010
00111101001000111111100000111100
00000000000000000000000000000000
00111100110101001111100111100111
01000000010000000001000001010010
01000000001110100000001011001100
00111110111111000110000010101110
