00111101110111010110111001111000
00111111100101001011011010100111
00111111110110110110010001001010
00111111010001010100110011101101
10111111101101101000101110111011
11000000001001001010110100010011
11000000000010001110100100011010
10111111110010010101100010001011
10111111100101110111100000110001
10111111000000010000010111100100
00111111011100001011000011101010
01000000001100011011100000111010
01000000001010010010011111100001
00111110110001001011110100100111
11000000001010100111001010110110
11000000100000100101010001001001
11000000100011100001000111011111
11000000011101110011000001111111
11000000001100010001100001101110
10111111100000111100101101111000
00111111111010000011110111110011
01000000011001011100001000001000
01000000011000001100110110111001
01000000001110111110111010100101
01000000001000110011000001011100
00111111101010011110100101001010
10111111111000001101100010101101
11000000011010011111110101100101
11000000010110100010110011001100
10111111110001001111011000011110
01000000000011001011010101010110
01000000011100111110001110011111
01000000011100010010010010110101
01000000011101011000010010000011
01000000101110011101000000111111
01000000110010010001100000100000
01000000000101010101001110101010
10111111111001100100011100001010
11000000010000011100110000110011
10111111110111111101101000110110
01000000001001001001100111010011
01000000101011000010111000011101
01000000100101010011011100111110
00111111101010000010100100110011
00111111101110100010101101100101
01000000010111010101011001001000
00111111111001100111011111101010
10111111111010111100000100111110
11000000010010000000001001110010
10111111111001110001101011111001
01000000000110111001010111100111
01000000111000100111111111010011
01000000111001001100001110011110
01000000000000101001110100010000
10111110101111100111101100100100
00111111010111001001011101110001
00111101101010000001111101000101
11000000000111101010111000100010
11000000010110000010010110010010
10111111111011010001110110111011
00111111100101110111000010000010
01000000101111000100101010010101
01000001000001101111011001010000
01000000110010010011100010000110
01000000100111101111101011011110
01000000101000110001101010000100
01000000000001111111110000011111
10111111111101000011101101110110
11000000010110010101011111101010
10111111111111100101111101111010
10111101101110101101110111000100
01000000000111100001111000010101
01000000101011101110010010011011
01000000110101100010011100100000
01000001000000001110110111000110
01000001000010100001011101111111
01000000100011010110000000110101
10111111100001101010110101100010
11000000010100101001101100000111
11000000000100011101101000100111
10111110011011010010001010001001
00111110110110110001010101111110
00111111111100000011100111001110
01000000010100111011100000000010
01000000101111101100110101101011
01000001000001001111100000000000
01000000100111000011000111011110
10111111100111100101110000011011
11000000011100001100000110010011
11000000001011010100100011010000
00111101100011101010101010111011
00111110000111000110001010001011
00111110110000110101000100110011
00111111010011111111001101010100
01000000011001011101111010101011
01000000111001011110000000010100
01000000100101100110001001010111
10111111101101110001010011111011
11000000011100000101011000111010
11000000001010110011111000100100
10111111001100000100111110110000
11000000010010000000100110111110
11000000101011100000111111010000
11000000100101101110101011101010
10111111111001011110011111110000
00111111011001000011111000110011
01000000010110011110001010010000
01000000100101110010001000000101
01000000010101110011011000111000
00111111101111001010000101111110
10111111111010010001101101111100
11000000110010100110111010010101
11000001000011010110111110110011
11000000101001100110010001101001
10111111100000000000110110001001
00111111000100110011111110011101
01000000100001000111110001010001
01000000111100111010001100000011
01000000101111001111010010101001
01000000000011101000100000010010
11000000010011001101110110011001
11000001000101000110011110100011
11000001000101100111010101101011
10111110110000100100011100000010
01000000011111100001001001111100
00111111101111001110101100100111
01000000100101100111100010010001
01000001001000001010100000100000
01000001000000001001000010110000
01000000001010111110110111101010
11000000100110010010001110101010
11000001001110110000010100001100
11000001000000011110110110000111
01000000101001001110001010010011
01000000111110000001001101010010
00111111110011110010011101001001
01000000100111001111011010111011
01000001001110101000000000010110
01000001000100101111110110011111
01000000001101010101100001010111
11000000101001011110011010101111
11000001001100111001110000111000
11000000110011101111001101001011
01000000100100101110001001111011
01000000100100101100111001110101
10111111001011000100100001000001
01000000101001010101111111100000
01000001010011011101111001010001
01000001000110111000000111011111
01000000001011101010000101111000
11000000011101101001100001000010
11000000111110101101001011111100
11000000100100111100111100011100
00111111110011110101101100110110
00111110010101110011001001110000
11000000001100010110011100110010
01000000100111010001100101010010
01000001010110100110110110011100
01000001001010001110100100001110
01000000010000001100001110100010
11000000000011111001001010111010
11000000100001011101100001110001
11000000000010000101110100011101
00111111101101010100010000010001
10111110111010101010100100011111
11000000010100111100111011011001
01000000100000000111001010101101
01000001010110110001010010000010
01000001001101000010001001011110
01000000010101011001010001011001
10111111100110101101110011010111
11000000000000100111111101101010
10111111001001101000101100110010
00111111111010101011010011100111
10111111000101010111101101111110
11000000100110111101011110001111
00111111101101011100000110011010
01000001010001100010001101001011
01000001001101011001010101011000
01000000011010100101000101101010
10111110110100100111111001011110
10111111010001101100111101000001
10111100000000011110110010111000
00111111100100000110110010010001
11000000001100011100100010010011
11000001000000111100000111110100
10111111111000111010110100011000
01000001001011110110101000111110
01000001001110011111111011011111
01000000100010100110110010100110
00111100011000110100000101110000
10111101110001100100010000110011
00111101101001000101101001101000
10111110100011000110010101001100
11000000100101101100101001100111
11000001000110001111111110010101
11000000001011111000101000111101
01000001000111100001011010100111
01000001001101010111000110001101
01000000100011110111111110000110
10111110011100111010100011101011
00111100110100000111001001001011
00111111101001000001110110011000
01000000011001111110100100011100
01000000101011100010110000010010
01000000101111010011100011010011
01000000101101110001000001000110
01000000100011101001101101110001
01000000000110111010101110011101
00111111001011000001001011110011
10111110100101101001000101101111
00111111011000101011101100010000
01000000010110110110010110011111
01000000101101110100001101100101
01000000110000011000100101110010
01000000101100001100111111111101
01000000101101010100011110111101
01000000101001000001100100100010
01000000010000010011010100011100
00111111011111001101011010010110
00111110110011010010011000101100
01000000000111001000011011100100
01000000100101100110011101011101
01000000101100000011000101100010
01000000100001010010000100000101
01000000010000011001011000000001
01000000011100011000011011000011
01000000100001110010010101000001
01000000001100000111000001100110
00111111011011001111001111101100
00111111001010110110001101011100
00111111101111101001101000011001
01000000000110010100001101011110
01000000011000001001001110101110
01000000011000101110010011101100
01000000010100010010111011001010
01000000011100111101101011100111
01000000100001101101110111100011
01000000001100011111110110100010
00111111011010100010101011100101
00111110101101001110001101111000
10111110111111110000111100011000
10111110010010110100101100101111
01000000000010001110010111010010
01000000100000011101100010011011
01000000100110001101100100111101
01000000101000111110100101101010
01000000101001001111010001111010
01000000010101011000110011111100
00111111100010110000011000011101
00111110011011001011100000101011
10111111000010010111011100010110
10111110110001101101000011011101
00111111110011010111101100000101
01000000010010010101110000100101
01000000011110110011101001011111
01000000100101001000000011010101
01000000101000111001110101110001
01000000010111110101011101110101
00111111100101011100010111011111
00111110001010110011010100000101
10111110110111000100010011100110
10111111000010001110011110000110
10111110100000111110100100110111
10111100110100100010111110001011
00111111000000001110000100111110
01000000000101111101001110011101
01000000100001101110101011110010
01000000010101001111101000010001
00111111101001001001010011011000
10111110100011010001101110111111
10111111010000100000010110100001
10111111101101101010100010011001
10111111111100000111000101101001
10111111111010101001100000101011
10111111001100100010000110100001
00111111111101010000001001100000
01000000100010110110101010101001
01000000011101100001010110001010
00111111110110100010111011011111
10111110010001100101101101000111
10111111001111000001011100111101
10111111100011010010010101011000
10111111100110001110011111011100
10111111010010000100001111011111
10111101111011001001100100101001
01000000000000000010101100100011
01000000100010101001000000011001
01000000011111110011110100001100
00111111111101110010010110101111
00111101000011011101011110101110
10111101100011100110100110101111
10111110000110101111001010110001
10111011000000011010010011101000
10111100100010000100100000000000
10111110001001000001100011111101
00111111011100101111101011000001
01000000001010111010110010100000
01000000001010001101010000001110
00111111101011010101000001011011
00111110011101001101011100001000
01000000000100001100011011100111
01000000110010001000001101111010
01000001001000011111110001111010
01000001010000111101011001010011
01000001001101111101001111110001
01000001000101010101001101010110
01000000110110100111110110111001
01000000100010000000101000010010
00111111110010000111101111111100
00111111101111010010100110101011
01000000101010011011001010001111
01000001000011000111000001110010
01000001000101011001100000111101
01000000111010111110100110100011
01000000100110001011000101011101
01000000011000111111011010100000
01000000010101000010100011001110
01000000001100111100100011000000
00111111101110100000110101000001
01000000000000011000101010011110
01000000100000011010101110000110
01000000001111000011011111101110
10111111001000001000101111110000
11000000011100111100010001000011
11000000100000110100100100011000
11000000010001001100001011111110
10111111111000011101011111111111
10111110100011001100100001111000
00111110111110010100010100101010
00111111101110000000000010101001
00111111101011100101100101011100
10111111010001011001011110000100
11000000001111111000100010011111
11000000000111110010100111010011
00111111000001001010010111000000
00111111100011110011101110110011
00111110000110110110111110100010
10111100010010101111010011010000
00111110111000111000000011100110
00111111000001101011111100111100
00111111000010111111000110111100
00111110101001000100001001011010
00111111101010111100111001000011
01000000100010010111000101100001
01000000111010100110110000101110
01000000110000111000000001001101
01000000010010001001111110011001
00111111110010001101111101100101
00111111011110011111010100000110
10111110111100010100111000000000
10111111100110011101100101111110
11000000000001011100001110111001
11000000000111100110011000010011
10111111111000001001001010011010
10111101110111101110110010110110
10111101000000100000110101011000
10111101000000110010101101111000
00111111001010011111111111101010
00111111011010000111100001101011
10111111100110011001010010011000
11000000010000111000100000010101
11000000101111100111001111100011
11000001000010100100101010111101
11000001000101101101000110100111
11000000111100101001100111100111
11000000101001101010001100110001
11000000001001010110001000000101
10111110011001111101011010010001
00111111011111110010111010011100
10111110111110011000100110101110
10111111110111011101101010110001
11000000011011100010011011110111
11000000101010011001101011110000
11000000100111001010101001000101
11000000001110101010110110011100
10111111101100011001110111100111
10111110000010101101110110001000
00111111011111000000000000101000
00111111111001001000111000011000
00111101110000110011111001010101
00111101011011011001011001101110
10111101010110100001011011000100
00111101000001011111010001110000
00111111100001010011100001000000
01000000000001101111100111001001
00111111111101011111110001110110
00111111100001001101001110100101
00111111010001100010001000101001
00111111101110110111011011100010
00111110000001111101111010100111
00111110000111000100101100000100
00111110010010010010010101011010
00111110101110101110111011101100
00111111010011010001101101111000
00111111010011000011010110000001
10111111100010000100111011110100
11000000010010010000001011010011
11000000010011101011000110101101
10111111100100111110101101000100
10111111001001111111001011001011
11000000010000101110000000101001
11000000110111010110011111010011
11000001001001000101010111000100
11000001010010000110100110110011
11000001010010110011000000010010
11000001001010010110010101011110
11000000110110001011001101110000
11000000010010111010000001001000
10111111001110011010010010111101
10111111000100011100101000111000
11000000000011100110110011001000
11000000011011100000110011100100
11000000001010101001111100011000
10111111011101011000100100100111
10111111101111111010110001101110
11000000011001100000100110110110
11000000011100011100000101110110
11000000000101001010000001010110
10111111001001001101101010110100
00111111011100010111100111010100
00111111001110111011000000000101
00111111101010001101011110110001
01000000101100001011110000111000
01000001001000100010101110000111
01000001000101101110001000011111
01000000100111111001010000001001
01000000000011001110010110011100
00111111010001010011001100100010
00111110001000010101010000001111
01000000000010101001000100101000
00111111110010100110010010001101
00111110111011110010100101000000
00111111111011000000100100000100
01000000100101011001111100000000
01000000100001100111000110100100
01000000000110100000101000001101
01000000000011000011110000010110
00111111110111011101010010111001
00111111001000011001110111001111
01000000001111011100000110101010
01000000100000100100100001000111
01000000010001100110010011010100
00111111100101000001100110111100
10111111001000101111111111011000
11000000001000111110100010011111
11000000001001110100001010111111
10111110100101000110001011111001
00111111100010101110111001100001
00111111001000001100110011001000
01000000010010001011100010101110
01000000111101010011111101100000
01000001001100110100000110100111
01000001001110100100010111101011
01000001000111100001001000100101
01000000101110010110011001010001
01000000001011011000101010001111
00111111111000100101010011010000
00111111101010111111000101111000
00111111000110000010010110110110
00111111110000011000110111000010
01000000110010011101000100100101
01000001010000100010000011011001
01000001011111101100000010010111
01000001100001001000001011010001
01000001010010101110101011110001
01000000111000111010010010100010
01000000011001010001001011100111
00111111111100000100110101110101
00111111000000111010111010001101
10111110111010010100100111100101
00111111100100101101000011100000
01000000100010111010000101111000
01000000111110000000110111110100
01000001001000110011001011110110
01000001000011011010111000001010
01000000100111010111000111010100
01000000000011101111101110001110
00111111100100100110100111110011
10111100110100001001100110001001
10111111000000100110110111111011
10111111001110110110111011111000
10111110000001001100111010101001
00111111110101000011000101111100
01000000100000100000101000101001
01000000100101000101101111101010
01000000001110100000110010000001
00111111110000100111010110010101
00111111100001011010101001110010
00111101100011000000011000100101
00111101000000010101011000100010
10111100101101111110111110101101
00111101010100011000110110010010
00111111011011001001111101000111
01000000010101001001010010101011
01000000110001101110110101010100
01000000111001100011110001100111
01000000110100001010101110011000
01000000100111110001001001010100
01000000000001111100010101111011
00111111111001110011010100010110
01000000001000010000101101000110
00111110101111001010001101010001
11000000001100111100000110001101
11000000101011001011010001101101
11000000111111011100101001101000
11000001000011000110010111001110
11000000110011110110000011010011
11000000001111111010001011000000
10111111011000001110001000110010
01000000001011101001010010010110
01000000001011010000110011101000
10111111100101111010110100000101
11000000100010100001001001011101
11000000101000101000111100111110
11000000110111110100110011001011
11000001000101011110101100100001
11000001000010001101110111000000
11000000100110001001010100101110
10111111110011011100101101000001
01000000100000001100000101110111
01000000100011010110101001001101
00111100111011100100010100111000
11000000000111110100110100110010
10111111011010001010111110011111
10111111100110011110111011100111
11000000101000101010011100010001
11000000110100001010111011110000
11000000100000010011001010011000
10111111101100011101111110011111
01000000101100011001101011101010
01000000110110100000101010000110
01000000000100110011110111010001
10111111001110001010011010101111
00111111101001000000010110000100
00111111101110101101101011101111
11000000010100101101101101101010
11000000101001110110011110111010
11000000001111100001100100111101
10111111001111001110101000001110
01000000101111100000110011010111
01000000111010010101001000101001
01000000001011001001010010011001
10111111010101001101000100001100
00111110010011100010110000111001
10111111100110110100010100001011
11000000110101100000011101110001
11000000111011001111001100001110
11000000011000111111000000111110
10111111000100101110000001011101
01000000101001110000010001100101
01000000110100011011000010101001
01000000011011001010011010001111
00111111110110101110110110011010
01000000001100111101010001110101
10111100110100001101011111101100
11000000110111010010001110111000
11000001000000100101011100101101
11000000100000001100000110101111
10111111001110111111100000011110
01000000100001010010001001111001
01000000110001101001101000001011
01000000101111110000110001010011
01000000110011010100010010101000
01000001000010001100011010100001
01000000101010100010110111100100
11000000010011101100110101101111
11000000110110100111000110110101
11000000011110110011111110001110
10111111010010100010111100100110
01000000001000011101101000000110
01000000100100000100011001111111
01000000101100010000000011001110
01000000111100011111100100011110
01000001001011100111011010101110
01000001000001101011010001100111
10111111001011000001100000111101
11000000101111110011011100101001
11000000100001100000010101101000
10111111100001101000001101010101
00111111011101100101010101010110
00111111111001101000010111111101
01000000000110011011101001000001
01000000100101101000000101011011
01000001000011101111100000101100
01000000111110000111101001101101
10111111001010001000101101000000
11000000110100100110010100101001
11000000101001011011000111011100
10111111111000000001010111000100
00111110100001101100011000111101
00111110110100010100011111001011
00111110111101100110100110111110
01000000000111110001101111110100
01000000110011010111111110010000
01000000110010011001001111011111
10111101011011101000110011000110
11000000101000000011010110001111
11000000100000011000101000000001
10111111101000111100101001001111
00111111001001001101011001101010
00111111010111010101101110100011
00111111110000000010110100101001
00111111111110110101010011101011
00111111111101000001010000000010
00111111110100101010110101110110
00111111000000011111111111011001
10111111001010111110101101101110
10111111010111100000101011010110
10111110100110000101100100111010
00111110100110101000000101010000
00111111100000010001001100100001
01000000001110001100000110110110
01000000011100011101110100101011
01000000100101011101001011000110
01000000101101101110111001100101
01000000100001001101000001001100
00111111100110010110010100001101
10111110100000110101011011110000
10111110001100111011000101011011
00111110111001000111111110010010
01000000011110100010001011100100
01000000111100011001001111101111
01000000110010010110100111110110
01000000100010111010100010010111
01000000100011100100010110111011
01000000010010101001001011101011
00111110101001100111001011101100
10111111000100001101001000010110
10111110000001001100000101000011
00111111101001101000001011110100
01000000111011110000111010011110
01000001001001110000110010101010
01000000101010011101011110101111
00111111010111001100110011110010
00111111010011110110000110010100
10111111000001110010101000001110
11000000010011101100010000111100
11000000001001100011110101100011
10111111000101100001011110100000
00111111111100111111000010011100
01000000111011110001001110010001
01000001000000011101111101111011
01000000001001010001000000000000
00111111100101001111110100001010
01000000011001111010000001000001
00111111011110110010110011111001
11000000011101100000010100011100
11000000011001011100101011100000
10111111010100110100111011101000
01000000000001111010100101000000
01000000101101101100010011110011
01000000100110101010011101111111
00111111110000010101001110100001
01000000011100010000011110010011
01000001000000110011000101100100
01000000101000100111011100011111
10111111111000111001000010000110
11000000010010010100101101110011
10111111010111011100011100001011
01000000000011111101000000101001
01000000100110111101000000000111
01000000100010010000101101001101
00111111111000001001111011110011
01000000010100100001100011100000
01000000111000000101110010101100
01000000100010010111001011011110
11000000000011001110000101110000
11000000010110010010001001101110
10111111100001001001000001010001
00111111101111011001011111100111
01000000010100101010011111010011
01000000010100001010001110101011
00111111010110000000100101110001
00111110111011010100100110011000
01000000010111000101111110000011
00111111111011001001111010111001
11000000011000001111000011110011
11000000100000001000010001000000
10111111101010010100100010100111
00111111000100000001010010011001
00111111101100100001111000000010
00111111101100001111110110000101
10111110100110010010000101000110
00111110100000000001100001010010
01000000100010101110011111011101
01000000010110101011100110001101
11000000000101000111111001001011
11000000011000010100100101100011
10111111100001101010000110110001
00111110010111100110001010001101
00111110110010010111001010000100
00111110110110101001101001101000
10111101100110111011100101111110
00111111111001000010101111110000
01000000110011011101110010110001
01000000101100010011000001110110
10111110110100110001100100111010
11000000000011111101110111000101
10111110101011111100000000100010
10111111010010111000011100111100
11000000000001000101011100101101
11000000000111110011101010101000
11000000000100110110100111111101
11000000001001000101100100101111
11000000001001000011100110000011
10111111101010010100001101100101
10111111000011110111101111101100
10111110110001101111100010100100
10111110100010111100011111010101
10111111100110001000110000100010
11000000000100010111111100101000
11000000000000011000010001000100
10111111110011000010110011001111
11000000001011101110111000001010
11000000010011101101100101011101
10111111111110110001001010010100
10111111100000000011110000110001
10111111001111011110111001010100
10111110100101000111011011011001
10111111101000010011101101001101
11000000001011101000110011001111
11000000001101001101000000100101
11000000000110100000111010100001
11000000011010011110010001000101
11000000100001011001110001000101
11000000010000101101111011100101
10111111111011100111000100100000
10111111110000110111010010111001
10111111001001101011111001010001
10111111110001100111101100000110
11000000011010010000101101000001
11000000100011001001000001101001
11000000100010001100110101011000
11000000101011001101111000100001
11000000101010011010111000001110
11000000010000111101101100101000
10111111111011111011100110001100
10111111111101100100110001110001
10111111100000011110100111111111
10111111100111011110100010001001
11000000010010111010110011111111
11000000011101010010110000101101
11000000011110110100100011001011
11000000101010101101100010110000
11000000101011011000001000101110
11000000001100110011110111011111
10111111100101010011010101111111
10111111101111111100000011111111
10111111100000011000001111111100
10111111011101000011111110000000
11000000000010101101001111101001
11000000000001110000111011000010
11000000000010011110110101100100
11000000100000111010101111010111
11000000101011001100110011010011
11000000010011111011110100001110
10111111101010010110101101000110
10111111101101011000110101001011
10111111011010010000011111000101
10111111001101001010110001100101
10111111111000001110101101011101
10111111111011111101000010110111
10111111111111000010100110010110
11000000011101010011011000011100
11000000101011101000101010101101
11000000100000000111110101011010
11000000000000101001011100000101
10111111111101100111011001000000
10111111100001010011001101100001
10111111000011110101001101000001
10111111101011110001100011100110
10111111111110001011101001000000
10111111111111111000110101110110
11000000010111011010100110101010
11000000101000011000100101011110
11000000011101101001001010100100
10111111111100100000101011110001
10111111111101010010111000010101
10111111100101010000110000111000
10111110000100100101110111001010
10111110110100000001101111110001
10111111010100101011000111100010
10111111100011010010110000000100
11000000000110111110100000101001
11000000100000000111010010100101
11000000010000000111111011111101
10111111101100000100100001010101
10111111110011100101000011010011
10111111100101111011111110101100
10111101000111001100101001011111
10111101101101001010011100010001
10111101111010100100100000100010
10111110110001111011011101000111
10111111101100001011110001101001
11000000001100111011100000000110
11000000000011011111010110100000
10111111100011011010000110101000
10111111110010110011101011100000
10111111101001011101111000100101
00111110111110001001000100011010
00111111011001110101100010000000
00111111110011101111100010111111
01000000010111010010100000011100
01000000101101000010101001001000
01000000110010011100100001101010
01000000101011011010000000101000
01000000010110100011100001111000
00111111101110101110011001001000
00111110110011000010011000001000
00111101010111000001010001110101
10111110001111011011011111100111
00111111101100111001010000101110
01000000101011001010000000010110
01000001000001101000101110110100
01000001000101101001000011011100
01000001000100100101111100010111
01000000110110011011101011001100
01000000010010000001110000110101
00111111001011001101011111110000
10111111011111010000110110010101
10111111011101111111110100111011
01000000001011011111101111110110
01000000110010110101101000111110
01000000110000010101111010111011
01000000101110000110010001110110
01000000111110101111010101101110
01000000111101000000100111011111
01000000011111110011101111000010
00111111010100111100100101010100
10111111111110011010111010010110
10111110111101000000001110101000
01000000100011111011110001000111
01000000101111010000111011101100
00111111111100101100110111001110
00111111000110011001010101001100
01000000100000010100100010110000
01000000101100100110100000101011
01000000010110010011100010111111
00111111011001101100011000001100
11000000001001001100011101000101
10111111100011001101000011100001
01000000010111001011100011110110
01000000101001001011111001101100
01000000010010101000111000111000
01000000001111111000110001001101
01000000101001000011011011111100
01000000101001111101100110001111
01000000010000101110101001110011
00111111011010101011100110001100
11000000001101011100100101110101
11000000001011011110100000101110
10111101111011101000110010011001
01000000001010111001100001000111
01000000100100111001010001011001
01000000110111010000000000100010
01000001000001001011101001110010
01000000110110010010010101111011
01000000010110010001100001000010
00111111010111101111111010001010
11000000000000010100101111101011
11000000010011111000110110010011
11000000010001111010110111010101
10111111111101101001001101101011
00111110010110100000101100100100
01000000011001100110101000110000
01000000110110110011101111100101
01000000110111000001111000001010
01000000011010111001010101010100
00111111011011111000110011001000
10111111010111111001011110100101
10111111111101100100001000111001
11000000001111110111111011101000
11000000100001111110101000100001
11000000101000011101100101011000
11000000000010101010010001001101
01000000010111011001011101000001
01000000101111010100100110011011
01000000011100111111000110101101
00111111100101101001010000001010
10111110000101011110111101000100
10111111000010111101001110111011
10111111100100110011101110110001
11000000010000000001111010101100
11000000100111111100001101011110
11000000001110011001101011000101
01000000001111000001111001110001
01000000110001010110001000000010
01000000100100111111010011111000
00111111111000101100101101111101
10111101000100010000001001111101
10111101100011100000110100111110
10111110000001000010101100010101
10111111101010000100101011010000
11000000010101101111100011000000
11000000000010101011011111111110
01000000001010101101000010011001
01000000101110111111100111101011
01000000100111010100111100000001
00111111111111111000011010101010
00111111001101011001001000011111
00111111110010010111011100001100
01000000000011000100000001011101
01000000010100111111100000100100
01000000100101111100011110001110
01000000100101101000000111000011
01000000011110000101100001011000
01000000010001110101010111000000
00111111110110010100010000110110
00111110111011010110110111100011
00111111101011100010001111001010
01000000001011100111010000101010
01000000010100011001101010101001
01000000100101101110011101011010
01000000101110011001010101111110
01000000100101100000110110101100
01000000011000011010110101010110
01000000010111011001101010110101
01000000000101010111010010111011
00111111001100110100011100100110
01000000000110000000110111101011
01000000100001111011000010001111
01000000100011101000011101000111
01000000101010100000011100100001
01000000101101000000110011010100
01000000010111111100100101101101
01000000000011011010100011011010
01000000010000110001000101011111
01000000000111000001100100111010
00111111001100100110010111100011
01000000010010110101001110100010
01000000100101100111100011000100
01000000011000101100001100110111
01000000100010101001011001011001
01000000110000001110100101000010
01000000100011000000110000101110
01000000001000111100100010101000
01000000011000000110011001111011
01000000010011111001011100111000
00111111100011010001110110011110
01000000010110101101100000001011
01000000011001001000111100001001
00111111101010111011110100100010
01000000001111011111101001010111
01000000111000110001001101110010
01000000110001100110010011111100
01000000010011001111101111000111
01000000011101010100010000110111
01000000100000001011010010001001
00111111110011101001000101100100
01000000001111111101111111001111
01000000001001011101011111100001
00111110101110001001100101010011
01000000000101111101111001110101
01000000110110010101011111011000
01000000101101000100000001100010
01000000000001011101011110101011
01000000001111001111100010111110
01000000011100010101011010011000
00111111110010001111100101101010
01000000000100011000010111011101
01000000000011110001001111001011
00111111000000010010010000110001
00111111110101010110101100000010
01000000100111110010011000110001
01000000100001000110000101100010
00111111100010111001111000010110
01000000000111110101001011100001
01000000011100010101001100111101
00111111110011011100110101011000
00111111100100011100110110010100
00111111100111110110111100000110
00111110001110101101111101000011
00111111000011011100011100000110
01000000010001111011100111010100
01000000010001011101100101111101
00111111100110000110011001101000
01000000010000011111111100101011
01000000100011111110111001100111
01000000000000111000001001010110
00111110110000000111001010100101
00111110111111000111001011100000
10111110000010011000001011111110
00111110101111101010100111010001
01000000001111110111100011111001
01000000010010101011001011000011
00111111100000000100011000001110
01000000001001111000110010101010
01000000100101001011010100011000
01000000000110100001011000011001
00111101110000010110011100001110
00111110000000101000111000011000
00111011011111000111001001110000
00111111011111100011010001100001
01000000010110001010110001110100
01000000001011100101110100000100
10111110011000111100110101000111
00111111100001011101000110010000
01000000011000011111110010101101
00111111111111111101111101010110
10111110011100001000100101000011
10111111000111100011011001011111
10111101110101011000101110100110
00111111011101010111100001110010
01000000010011011111100110011001
01000000100110110111010100100010
01000000100110110010011101011001
01000000011100001000110011101001
01000000000010000011101000000000
00111111001101101100101011111101
10111111011110101100101111110111
10111111110110111000010011110110
10111111010010001100111010000011
00111111110001101110110011111111
01000000101010010000001001001110
01000000111101010000010101011010
01000001000001110000000101011001
01000000111100101011111010101011
01000000100111110110010110001111
00111111110101100010111111010110
11000000000011011111000001110100
11000000010101011100111100100100
10111111110001000001100111111011
01000000000010001101010011111000
01000000101011100100011100100100
01000000110011100110010011111000
01000000111111111011000000100101
01000001000011000011001110000101
01000000110101000111110100000101
01000000000101011110001110110101
11000000010111110010001000011011
11000000100001100000011000001010
10111100100101111000100111001111
01000000101000000010010001101110
01000000101111101100011011011111
01000000100001010110111000011010
01000000101110010010001010100001
01000000111101100111010000110010
01000000110011100011000101101111
01000000000101110111001010101110
11000000100000001110010111010000
11000000011111010111000111101111
00111111110111111111101110110010
01000000110111111011101000101100
01000000110110000011111011100111
01000000101011110001010101000001
01000000111111000111111001010111
01000001000011110110101010100011
01000000110100110000100111001001
01000000000010101100101001100110
11000000011010111001111000000010
11000000100001000011011001111110
00111110101101100010010000110111
01000000100001101100100000110100
01000000100101111011110110111100
01000000110000001100010100101100
01000001000111100010001101101110
01000001001010111010110001000111
01000000111101001101011001111011
01000000000111110111111011010000
11000000001010100110101010001100
11000000011011111001101001110100
10111111110110100100110010000101
00111110100001001010011001001101
00111110101011010011001101011010
01000000010010001001011001000001
01000001000001110000100111001100
01000001001010000100101100111111
01000001000000011100100110000110
01000000001011101100101101011011
10111111100011111010110000110000
11000000000000100010010011001111
10111111101011010011000000100001
10111111010111111101101101000001
11000000000000001011110000011001
10111101111101111111110101001101
01000000101011111000100010110100
01000001000100000011110111010110
01000000111110111001111100111110
01000000001101100000110000001000
10111110010000110100100100000000
10111110110111010100011111000110
10111100000010001110110001000100
10111110111000000101011111111100
11000000001111000011101100001010
11000000000001010001110001111010
01000000100000101000110110001100
01000001000011110100001111100100
01000001000010001001010001101000
01000000011011000010100110111101
00111100111100100000000110001000
00111011000110011101010010001000
00111101110110010101011000000110
10111111011110111011100001001111
11000000011110001110101001101010
11000000010100100001111011100100
01000000010011011101001000011000
01000001000010100011011010110011
01000001000010110001111101110011
01000000100010100000011111100011
00111111000111101100000100011001
00111111001110111100011101100001
00111111001110101011100001110010
00111110011011011001011011100100
00111101000001010101001110001110
10111110110100110000000111001000
10111111000101010000101010001101
10111110010001101100110001010101
00111110111010001100001100011011
00111110101000010010001101101101
00111111110110001110010110111100
01000000010011000000001110000101
01000000100000001101110110100111
01000000101001011001110011010001
01000000110010100010001111011000
01000000100101001011011101001101
00111111111111011010001100000100
00111111100001101111101100011101
00111111101111010000100001110011
00111111011010110110100001101010
01000000011100101100101100101010
01000000101100010100100010101001
01000000100100011111110100000100
01000000100110110010001101001100
01000000110011010101101111001010
01000000100110111100101001010011
00111111101110011111000000111111
00111111010101110010100110011001
00111111111010001101111010000011
00111111101100001110101001111101
01000000101010100001111101011001
01000000101101110101000011100100
00111111110101001010101011000001
00111110100001100011000001001101
01000000000011110101010111011101
01000000000001011100111010000100
10111111001111110001110101011010
10111111000010100011000001100001
00111111101011111110010100101011
00111111110011011000110000011000
01000000101011010100101101010111
01000000101101110100110001110011
01000000000101001011101101100010
00111111110110110010111010101011
01000000100000000000111000001111
01000000010101101101000101001010
10111110100010010110110011011001
10111111000010010110101000001010
00111111110000100001100100001000
00111111111011110111010111110011
01000000100000111101110000111100
01000000101101011011001010010110
01000000100111011101110110001000
01000000101111010001100010010111
01000001000000100001101111000100
01000000110100110001000111000110
00111111111001010101001101100000
00111101110110011100111010101100
00111111110100011010100101100101
00111111111100101101011111101111
01000000000010110100111001111100
01000000010111001001110111010001
01000000011000110011000010011010
01000000100110011001010011011011
01000000110101110110100000001110
01000000100111100111001011010100
00111110101100100011101000100100
10111111001011001100000100001111
00111111101011110100011111011001
00111111111101001001001101100000
00111111000001100101101101100100
00111111010000000001000010000000
00111110100011001100000111001011
00111111100100100100011101101110
01000000011010010101101001111110
01000000001100000000001011011000
10111111010101101010011111010001
10111111101000101010101101011100
00111111100011000000010101111011
01000000000000110101101001110000
00111100100010010110000000010000
10111110011010110100111011011100
10111111001100010100000000111011
00111111010101110000010001011011
01000000100001100101010001000001
01000000011110010001000100010000
10111101001001110110110101101101
10111111100001101110110001101100
00111111100011111011000101011100
01000000000110101011111100111101
00111101101101011100000100001000
00111101100001101001011101001100
10111101001011100000011001101110
00111111110010100111100101101111
01000000101000111101100001101111
01000000101011110110000100100111
00111111111101001111010000000000
00111110010011101001000011011011
00111111110111101010010110101000
01000000001001000100001000001100
00111110010001110100000010000000
10111111101111010011110100000101
11000000100110000010010101010110
11000000111100100110110111010010
11000001000010011100011011100000
11000000111111101111001110111110
11000000101101100111110001001110
11000000001011011010111000011011
10111110111010001111000101001101
00111110110101000001100001010101
00111111000100011111011001011110
10111111110000010001101010001111
11000000100011110010101110011010
11000000100101010011101000101001
11000000100001110100101011110110
11000000101001111111011010011001
11000000101011001100110100101100
11000000001110011110111010000110
10111110110101011011101110100001
00111111000000110100101001010001
00111111111100001100011001011101
00111110100101110100110000010011
10111110111010101110010011000101
01000000011010001110111000000010
01000000110001110000001110000100
01000000001101000100110001101000
10111111011101100000100111011100
10111111010000001011001110101000
00111111000010101010110001101101
00111111010010011000100100010101
01000000011100000010111010001000
01000000000000011011101000011001
00111110111010000010011010111100
01000000011100011000001000100000
01000000101111101000100000110000
01000000001011011100100100001010
10111111000111101101100111111101
10111110001110011001000010100010
00111111010111010111111001101011
00111111100000001011010000100011
01000000101001110101010100100101
01000000011000000000111100111101
10111110000101100010100101110000
10111111010000001001101010111001
10111111001000111011100010011000
11000000001111111101101111000111
11000000011101001001000101101010
10111111110111110011011110110000
00111101110000000101001001110110
00111111010011010101110010110110
01000000101101010001010001110100
01000000110100001100000101101010
01000000100111001011011111101010
01000000011011101100100111011000
01000000000110111110101111000010
10111111100000010010111111010010
11000000001010011001000000001110
10111111100110100111110001100010
00111110010101100000110110110100
00111111010010001110010100101000
01000000100011100001101100100111
01000000111001111100101010111010
01000001000100001101100111011110
01000001001010010110010001110000
01000001001000101100010111111011
01000000100110001101100110101101
00111110001101101100111101111100
10111101110010100101110101001101
00111111000001010001010100110011
00111111010101110010100101110011
01000000000010001101110101010011
01000000100001011110001011101000
01000000110001101101000101011000
01000001000011010110111101000000
01000001000101111000001010110111
01000000011100010010000111010100
10111111101010111100001011101011
10111111110001000110000110100100
10111110101000010111110011001001
00111111000110100000111010000010
00111111001100110010101110000110
00111111100011101110011111101000
00111111110101110010011111000100
01000000011111111101001111101000
01000000101110101100101010111001
00111111110111001000100000101011
11000000001100001110011100101101
11000000001010001100100000101011
10111111011011000110011000110100
00111110111011000010100010001111
00111110100101001101101101001011
00111110101100101100100001111011
00111110110001111110110000001100
01000000001011010011011001111101
01000000101101010001011000110101
01000000011010000000100111001001
00111110100101001110001110000000
10111110001010101111101011100010
00111110111001110011101111011111
00111111010101010000010000001100
00111110011011101000001001111000
10111111000101001011101101011000
10111111101111100111011011111000
10111111100010011101100100001001
10111111010010010110011011010111
10111111100110110010010110101101
10111111010000000111111110100000
00111111010000001100100000001100
00111111101000111000111100111100
00111111011010100111010111100100
00111100100101110011100111011110
10111111001011000001000101010110
10111110101011110010000110011110
00111111110101100100000110000100
01000000000001111101011100011100
10111101101001100011110010110101
10111111111011111100101110111000
10111111011110100001110000001000
00111101010101011100100110010101
00111111000011011110111100001000
00111110100101011010101000001110
00111111000111001000101111101101
01000000000000101011011111001011
01000000101001000010000010110011
01000000110011100100011011111011
01000000100101011000001110100000
00111111110100011010110101011111
00111101001111011110011010101001
10111111000000110001011011100100
10111110001010010011110101110011
00111111001011101011011100101001
01000000001000000001001111100001
01000000100001100011000110001110
01000000101100001110010010001100
01000000110100010001101010010001
01000000111010100100101001111111
01000000110000111100110101101100
01000000010101101101110101101000
00111111001110000010111010011001
10111101011010100101001011010100
00111111100101010000100011011000
01000000100100010011010111000110
01000000110001011000001110001101
01000000100001101110100000101010
01000000001101010011010011110100
01000000100010011001010010011111
01000000101010000000011101001100
01000000011110111010001110101110
00111111101100011110010000000001
00111110100101101001000101110000
00111111100101000010110111000010
01000000101011111001001001001101
01000000111111000000011011001010
01000000101110110000010000111101
01000000010100011001100001010000
01000000001110111111001101010010
01000000001101011011110001010101
01000000000000011100100011110111
00111111000011100110011010101101
00111110001010101101101110111110
00111111010011000010010010000100
01000000100011110001100000000111
01000001000000000111110001101010
01000001000001101011100011101110
01000000111010011111101100010010
01000000110000100100001010101001
01000000100000001100000011110000
01000000000010011101111011111010
00111110101101001001100110001100
00111101000001111000000100101111
00111110100000111100110010001000
01000000000101111001100101001001
01000000101001010010101011011100
01000000110111010011110000111101
01000001000000001011111011110001
01000001000001000001110111011110
01000000110000001111010101001110
01000000010011011001100111101011
00111111010001111000010010110100
00111110000111101011011111010011
00111101101110000101011010001110
00111111010000110001001111101100
01000000000001001111110010000110
01000000001110101100000100100010
01000000100100100101010011001011
01000000110101001000101100000110
01000000101111100000000011000111
01000000010010110101111101000101
00111111000010010010100100000111
10111101111111100000011000111000
00111101101010110010110110010110
00111110010100110001111101111110
00111110111000100001011011001100
00111110100100001110010011100100
00111111111011110011001101000110
01000000101101100110001010000011
01000000110101111100110110101001
01000000011100100001101100010110
00111110000110100010010111100101
10111111011100010010110100000001
00111111110111011111111101101111
01000000000010001010111010101101
01000000001000101010101011010001
01000000100111111101110101101010
01000000110110011001111001001101
01000000101110110001111110101100
01000000100100111101111001110110
01000000100011111010001110011110
01000000010011111011011001110001
00111111101001101100100111001010
01000000000010001001011001010001
00111111101111110011001100001000
00111111101111110100111010001000
01000000010110000111000010100000
01000000011010110101011101110111
00111111101100010100010001001000
00111111011010000111111100110001
01000000001011110111011000000111
01000000001100110011111000001100
00111111101000111011001000100101
00111111101111110011111001101100
10111110101111100001100110100111
10111111111111000110101011011000
10111111111000001111100001101110
10111111011000111010010101101010
10111111111001011001011100101101
10111111100101110011011100011110
00111111110001010100010000110110
01000000001000011010111001001001
00111111100101011011100111010110
00111111001101011100110001111111
10111110110111011100011010001111
10111111110100000101100100011101
10111110100100100001001000001011
01000000010011000010110100000111
01000000010101110100000101011111
01000000001011001110111001101001
01000000100000011110011011111100
01000000100010011111100010001101
00111111111011001101101101000011
00111110001011010111011000001100
10111110001111110010011111101100
10111111000011001010110111001001
01000000000110000101001111100111
01000000111000011101101010010000
01000000110010011010101100111100
01000000100011000110001110000011
01000000101011110010010111101101
01000000101101000011111010011101
01000000000110110101100010100100
10111111001000100001111001111101
10111111110010000001111111011101
11000000001011010100111000001000
10111111001100111101000001010110
01000000000110010101100001101101
00111111001100011000000001101001
10111110110000100100101001011010
01000000001110010110010010010001
01000000100111101111101011001010
01000000000110110011101011110010
10111111001111101111111110110100
11000000000001100111000011110010
11000000011110110010011010001101
11000000010110100011111101101010
10111111110111110010011101110100
11000000001100001000101010111001
11000000000101010100011011011000
00111111111111011000100110101011
01000000100111000010000101111001
01000000001010100101011101000101
00111101100001001000100100110111
10111110100001010110111000010111
10111111011001101110001111101010
10111101000000111111011100001110
00111111110011010111110110011001
00111111100000101100111001010110
00111111001011100011100111110101
01000000010111110111100111001011
01000000101111100101100110100110
01000000010110010110101010000010
00111110101110000101110000000111
00111111001000011011010010110111
00111111011111010100000001111011
00111111111110110110010110111111
01000000010010011100011111001101
01000000000010100011000111111001
00111111010001110111011011111110
01000000010000010100101010010001
01000000101100111000011100010011
01000000010011011101010100011011
00111110000110010110010001101100
00111110010110100010001110001110
00111110101000010011001010000011
00111110111001111110100000100100
00111111000100100100100011011000
10111111001000110111000100001111
11000000000000100010011000011001
10111100100111101011011000011100
01000000001101010110100111001100
00111111110111011100011011001010
10111110010001011111100010000011
10111101100000110001010010110010
00111111001010110011000010010011
00111111001111100001000000000010
10111111010010010110101111101111
11000000001010001101000001110100
11000000010010001111101011100101
11000000000111100000011011101001
10111111101110101110010000011111
10111111000001011000101111101101
00111111101100000110001111001101
01000000100010010101001101100100
01000000111011010000110101111000
01000001000011010010101001111010
01000001000001011111000010010010
01000000101111111110101010010111
01000000000011101010000110100101
10111111000101000011000111010111
10111111100100100011011111111100
10111111000111100011101111011001
01000000011000010100010000011110
01000000110110100111011101100000
01000000111100010100110010011011
01000000111100000001011001100010
01000001000101011110111000001111
01000001000111000010011001011011
01000000110011100110001000111100
01000000000110111101110011100011
00111110111000000010110001100110
10111101100001001000001010001010
01000000100001110010010110101010
01000000101010010111111111100000
00111111110001101000110111101010
10111111111011001011100101010110
10111100100110011110110110111000
01000000001010101001100010011101
01000000000010110010000011010100
00111111011011101000101010100000
00111111000001111101100110111001
00111110100010000001100011101110
01000000011101000100001001001110
01000000101100110001101001010110
01000000011011111111011101010010
00111111001111010011111001010111
00111101100010011110001100010011
10111110001010010110001010110001
10111111101110000111101011101010
10111111110011111010001010101110
10111111000101101011101000001101
10111101000010110011100100110110
01000000000001101001011010010000
01000000101111011001111101001111
01000001000101001000011011101010
01000001001001110011111001101000
01000001000111100110111110010111
01000000111001001110111010110101
01000000001110110100111000111000
10111101110010011000010100101000
10111111000010111000001000001011
10111110011000001000111110101111
10111111001110011011110111010000
00111111100001111011011100110001
01000000100010100010001000110111
01000000111001001011010110100010
01000001000101000001001110110011
01000001000011010010010011110101
01000000101001011110111110101000
00111111101100100001101111001101
00111110001000111111100000111100
10111101101001111001101010110011
11000000000001000111111100001011
11000000010011111111100110010111
11000000010111010010111100001000
11000000000011111100000110101011
00111111100101001100100100110100
01000000011100111100011110010000
01000000001010110100100101110001
00111110100100011011110011111010
10111110011000011000100100111011
10111110011111111011101011110101
10111111011001001011110000110001
11000000000101001101010010011011
11000000010111100011111000000000
11000000010010001101001100011001
10111101100010110010000100101111
01000000010001101000100101100100
01000000001000101011100001010110
00111110001100011011001100100000
10111110110110001000100101010100
10111110100010110101011110011000
10111101001010010010001111001010
10111110100010010011001001010100
10111111000001010101011110000100
00111101110101001111100111100111
01000000001100011011111000000101
01000000110000111111110011101111
01000000101111100000000110110110
01000000001111100011010000111100
00111111101010111011011011100010
00111111001000010101001110011001
