01000000100001000110111011010101
00111111101111000110010010101110
00000000000000000000000000000000
00000000000000000000000000000000
01000000001010011100010111000101
00000000000000000000000000000000
01000000000111000010111100001010
01000000011010101000100111000111
01000000100111101111010110010100
00000000000000000000000000000000
01000000011111011110100010111000
00000000000000000000000000000000
01000000100001111110001100010010
01000000100111100110111001110011
00111111010100110010011110100100
01000000101111111001111010111011
01000000010000101000000101011111
00111111111101100101000101001010
00111110101110011101100111100011
00000000000000000000000000000000
00111111010010011000100100101010
00000000000000000000000000000000
00000000000000000000000000000000
00111111111100010010110000010100
01000000011010100110001000011010
01000000110000000010100001010011
00000000000000000000000000000000
00111111010101101101000011101110
00000000000000000000000000000000
00000000000000000000000000000000
01000000100011101000001000100100
00000000000000000000000000000000
00111111110110100110001010001100
00111111001101001010010010010101
00111110100100000111010000000011
00000000000000000000000000000000
00111111010011110010000111111111
01000000100110111100110110001001
00000000000000000000000000000000
01000000000001100011011001001001
00000000000000000000000000000000
00111111110000011101001100101110
00111111110001110001110101010010
00000000000000000000000000000000
01000000010110011001101011010101
00000000000000000000000000000000
00000000000000000000000000000000
00111111110111100110101001111111
01000000001110110100111101011010
01000000100011010111110100011001
00111111100001110101011001110110
01000000010010010101100111011100
01000000100001100000111101100110
00000000000000000000000000000000
00111110101101001100011101010111
01000000000000001101101001010010
00000000000000000000000000000000
01000000100001011111100010110011
00000000000000000000000000000000
01000000000001010100010110011000
01000000000111101110011100100101
01000000100011100101111010011000
01000000011100110000111101010010
01000000000110001110110000000101
00111111000000000101010001010111
00111111110001111100010101100000
01000000100110010100111101110010
00000000000000000000000000000000
01000000101001001110110010001001
00000000000000000000000000000000
00000000000000000000000000000000
00111111100011111100111111001001
01000000101101100111110101111011
01000000000111000100110011000100
01000000010110111101001011000110
00111111101100100111011000101100
00000000000000000000000000000000
00111111110010001010111000000011
00111111011111001110110011011101
00111111101100011000010011000001
01000000010010111000010101001101
00000000000000000000000000000000
01000000000001011111111000010011
00111111111111101100100010000010
00000000000000000000000000000000
01000000101100001010010110101111
00000000000000000000000000000000
00111100110111101001001111001101
01000000001010110010000001010100
01000000111011000110011001110011
01000001000110001110000000110101
00111111011101110110001111110100
00111111000111010000010110011000
00000000000000000000000000000000
00111110110000000001101000011100
01000000101101010101110011100101
00000000000000000000000000000000
00111110001001001011101100111101
00111111101010010010100010100011
00111111001000011110000100011111
00111111100000111110000111111001
00111111100010100111110111111000
00111111110101011001100010110001
01000000010000100111000101000011
00000000000000000000000000000000
00111111001101100111001100110011
01000000101000100011000011000111
01000000000000000011100011100100
00111111110001101101101000000000
00000000000000000000000000000000
00000000000000000000000000000000
00111101101010100110010011101100
00000000000000000000000000000000
00111111011101101101010011011011
00111110100111100101000001001101
01000000000111101011010000000000
00000000000000000000000000000000
00111111100011000000011111000101
00000000000000000000000000000000
01000000100111010101000011010010
