01000001000111111110011001011101
00111111000101011011011000111110
00000000000000000000000000000000
00000000000000000000000000000000
01000000111100000011101010110101
00000000000000000000000000000000
01000000111100101100111100100000
00000000000000000000000000000000
00000000000000000000000000000000
00000000000000000000000000000000
00111111100100101111010100110101
00000000000000000000000000000000
01000000001110110111000110001111
00000000000000000000000000000000
00000000000000000000000000000000
01000000000000011010000011101100
00000000000000000000000000000000
00000000000000000000000000000000
00111101000100111101001101010001
00000000000000000000000000000000
00000000000000000000000000000000
00000000000000000000000000000000
01000000000001000010001111011110
01000000001001101110101110111010
01000000111011000010100000010111
01000000100101110111001010110011
01000000010100101000110110111111
00000000000000000000000000000000
00000000000000000000000000000000
01000000001000100101111001001011
01000001000100011010000111000100
00000000000000000000000000000000
00111111110011001001111001000100
01000000101011011011110001010010
00000000000000000000000000000000
00111111000110011011010010111100
01000000011000111110110100110101
01000001001000100101100000011101
00111111000110000000100100101000
01000001000111111101101011001110
01000000001011001101000100001110
00000000000000000000000000000000
01000001000110011101100000100001
00000000000000000000000000000000
01000000110001111110100110110011
00111111111000100111110011010110
01000001000001001101100011010100
00111110010101000001101000101011
01000000110011101010100111001011
01000000110100011100000100011101
00000000000000000000000000000000
01000000000111111011111001010010
00111111110110100011000110111001
00000000000000000000000000000000
00000000000000000000000000000000
01000000010000100101001110010001
00000000000000000000000000000000
01000000010011110100100110010100
00000000000000000000000000000000
00000000000000000000000000000000
00000000000000000000000000000000
01000000000100011010100111110001
01000001000111010101101110100000
01000000001100111101011011011101
01000000111000001101110110011001
00000000000000000000000000000000
01000000000011100010000100000100
00000000000000000000000000000000
00111101111111101110010011110000
00000000000000000000000000000000
00000000000000000000000000000000
00000000000000000000000000000000
01000000000111000010111000111100
00000000000000000000000000000000
00111111101111000101101000001001
00111111101110100111111001011110
00000000000000000000000000000000
01000001000110111111001011101011
00000000000000000000000000000000
01000001000011010101101101010001
01000001001111010011101100010101
01000000101000100011100010110110
01000000101111010110100010001110
01000000110101001000011000101101
01000000010100000110111110001011
01000000111001001100110100010100
00000000000000000000000000000000
00111111100111011111110101111011
00000000000000000000000000000000
01000000110110000001011010000011
01000001011010000100010101101100
00000000000000000000000000000000
00000000000000000000000000000000
00000000000000000000000000000000
01000000001010000110110111110011
01000000101011111001100100110000
00000000000000000000000000000000
00000000000000000000000000000000
01000000001100110101110001110010
00000000000000000000000000000000
01000001000110001111000110010111
00000000000000000000000000000000
01000001001100011111010110010100
00000000000000000000000000000000
00000000000000000000000000000000
01000000011010110000110000101100
01000000011100000000101011101001
00000000000000000000000000000000
01000000110010100110110000101111
00000000000000000000000000000000
00000000000000000000000000000000
01000000101101101011010101111010
01000000000100110011101010110010
01000001001010111110000001010000
00000000000000000000000000000000
00000000000000000000000000000000
00000000000000000000000000000000
00000000000000000000000000000000
00000000000000000000000000000000
00111110010011101001010011110100
