00111101001101101000011011011011
00111101001101101000011011011011
00111101001101101000011011011011
00111101001011111000111010101000
00111101011001100100010111011011
00111101001111011001011110011111
00111100100001011110111001000011
00111100100011111110101000100110
00111100100110010100010001011101
00111100100011110011100001010000
00111100100100110110101000111000
00111101000101011001000100011001
00111101001001100100100010110111
00111101001101101000011011011011
00111101001101101000011011011011
00111101001101101000011011011011
00111101001101101000011011011011
00111101011101000101011111111111
00111101001100111100111011011000
00000000000000000000000000000000
00000000000000000000000000000000
00000000000000000000000000000000
00000000000000000000000000000000
00000000000000000000000000000000
00000000000000000000000000000000
00111100101101100001000010100011
00111101001011111110011011101101
00111101001101101000011011011011
00111101001101101000011011011011
00111101001101101000011011011011
00111101001101101000011011011011
00111101100110101010101001110010
00111100100010001111011011001110
00111101110000010000010111101000
00111110110000100010111001000000
00111110111101101101111001001110
00111111000000110000101010001001
00111110101010001000001001000110
00111101101000001000110001100111
00000000000000000000000000000000
00111101001101011001101100100110
00111101001101101000011011011011
00111101001101101000011011011011
00111101001101101000011011011011
00111101001101101000011011011011
00111110000101110000101001100110
00111110110000001110011100100010
00111111010111001110101110110001
00111111100001101110101001011101
00111111100111101111111011010111
00111111100110101011100010000010
00111111011101100101010111011000
00111110101010010010011001010101
00111100111010011101111000010000
00111101010011110100100110011110
00111101001101101000011011011011
00111101001101101000011011011011
00111101001101101000011011011011
00111101001101101000011011011011
00111110000001111000000110010010
00111110110001111111001010000110
00111111010101001101111100011110
00111111001010100111100110111011
00111110111010010011111111010101
00111110101111110110110010110111
00111111001000111011000101000001
00111111000111111100110011010011
00111110101010010010000100100000
00111101001100001111110010001010
00111101001101101000011011011011
00111101001101101000011011011011
00111101001101101000011011011011
00111101001101101000011011011011
00111101111011110111010000110010
00111110101111100000111111101100
00111110111110010100011011000010
00111110000111010110101110010110
00111101001001101110010111100000
00111100111011011101010101000100
00111110100000001010100001111110
00111111000011011011101100011110
00111110011000001100010100010001
00111101001100100000111101101110
00111101001101101000011011011011
00111101001101101000011011011011
00111101001101101000011011011011
00111101001101101000011011011011
00111101010100011000001010000100
00111101100000101001100110000110
00111101101100001000110100100111
00111101000100111101010000110101
00000000000000000000000000000000
00111110001100000110100101010111
00111111001011011110101110000000
00111111000111000000100111010000
00111110010001101100110100001000
00111101010010011010001111101000
00111101001101101000011011011011
00111101001001100011011011000110
00111101001000100000100010100100
00111101001100010001110010101011
00111101011110100010101110100101
00111101100001100010001101010101
00111100110101001111011000010000
00000000000000000000000000000000
00111110010000000010011001010000
00111111010010100010011101100110
00111111100000000001011110100010
00111111001000001011101000001010
00111110000010101000110111111000
00111101010100001001110111110010
00111101001101101000011011011011
00111101001001111001001110001110
00111101000100100011000011001100
00111101100011110011110000100110
00111100111101010000110101110110
00000000000000000000000000000000
00000000000000000000000000000000
00111110010100001101111011110000
00111111001110100011110111100000
00111111001100000011011110000010
00111110101101110000111011111101
00111101000010110001001110110010
00000000000000000000000000000000
00111101000000000001101000011000
00111101001101101000011011011011
00111101011001011101110101001100
00111101011100111000101010011110
00111101000100110101111000001010
00000000000000000000000000000000
00111100111101101001000110010110
00111110101101000001110000000101
00111111001011101011100100110110
00111111000001101111001011000010
00111101101110101011101111011000
00000000000000000000000000000000
00000000000000000000000000000000
00000000000000000000000000000000
00111100101001011001001000101011
00111101001101101000011011011011
00111101010110100101110100011100
00111101100101101010000111010010
00111101110010100100000010000111
00111110100101010010111000111000
00111111000111100001101000110101
00111111010100110000100110011110
00111111010111101011111011100000
00111111011101100000001111000000
00111111100001001000101010100000
00111111100001001110111001000110
00111111010110111000100100010100
00111111000001011011010111110101
00111101110001001001001100111100
00111101001101101000011011011011
00111101011111110010011111101010
00111110000101111100010111000011
00111110111101111100010101000010
00111111100010010010010101100100
00111111100110100000100110110010
00111111100101111010010000010110
00111111100111010100010100111001
00111111100111001000001100010111
00111111100111010111001111011111
00111111100111101011111011100111
00111111100101001010110111010100
00111111010001111100010101000001
00111110010001100010110111100010
00111101001101101000011011011011
00111101010110110001100111101111
00111101110000101001001011110010
00111110100111000100110001100001
00111111000100100010101110001001
00111111001001000100010001101000
00111111000111001000111000111010
00111110110100011001000011000110
00111110000001111001011010110000
00111101011111010011110111100100
00111101011001011000100010010010
00111101100010010011010111101001
00111101100010011111101111101000
00111101010011000110001001101101
00111101001101101000011011011011
00111101001101101000011011011011
00111101001101101000011011011011
00111101001101101000011011011011
00111101001101101000011011011011
00111101001101101000011011011011
00111101001101101000011011011011
00111101001101101000011011011011
00111101001101101000011011011011
00111101001101101000011011011011
00111101001101101000011011011011
00111101001101101000011011011011
00111101001101101000011011011011
00111101001101101000011011011011
00111101001101101000011011011011
00111101001010100101010110001000
00111101001010100101010110001000
00111101001010100101010110001000
00111101110011100010100100010100
00111110010010000010001011100110
00111110101110101000010011101001
00111110111010111111001101001011
00111110111001110101111110111100
00111110111001011000010001110100
00111110100111001111001011011010
00111101111101110110010010101000
00111101100011111010111101010010
00111101010010001001110010101110
00111101001010100101010110001000
00111101001010100101010110001000
00111101001010100101010110001000
00111101001010100101010110001000
00111110100111100011101111001100
00111111101010101101110110111100
01000000001011110010111111111111
01000000010110011101110001101000
01000000010111100110001100111000
01000000010111100001100000101100
01000000001010010111110010111000
00111111011101000111110110110000
00111101110111000010010101010001
00111101010001011101001110111000
00111101001010100101010110001000
00111101001010100101010110001000
00111101001010100101010110001000
00111101001010100101010110001000
00111111001111011010101010010110
01000000010111111010100001101111
01000000101011011000111011010010
01000000101100000101010011000111
01000000101000011001110111110101
01000000101011001110111110000010
01000000101000101100111010001011
01000000000011011011100010111110
00111110101100110100000001010100
00111101010010011001010001000010
00111101001010100101010110001000
00111101001010100101010110001000
00111101001010100101010110001000
00111101001010100101010110001000
00111111011001100100010011110100
01000000011101011101100110111100
01000000100000010110110100011001
01000000001011111010001011001010
00111111111111100010001100111100
01000000011011100000011001101110
01000000101100100010100010110001
01000000010100111001010010000010
00111111000110100001111101010111
00111101010010000011000100101100
00111101001010100101010110001000
00111101001010100101010110001000
00111101001010100101010110001000
00111101001010100101010110001000
00111111001110000111110110010101
01000000000101100001100100000101
00111111101011111110000111101001
00111110101100010101101101111111
00111111000000101111110000110000
01000000010010110111010111011110
01000000101011100111000000100101
01000000001110001110100000000011
00111110100011111110011000101010
00111101010010101011100100101101
00111101001010100101010110001000
00111101001010100101010110001000
00111101001010100101010110001000
00111101001010100101010110001000
00111110100100110110001100010101
00111111000111111000011001111010
00111110100001001101001000011110
00111110101111001100001011110011
01000000000001001110100101100111
01000000100110111011011001111000
01000000101011000110001000111010
01000000000001100001001110101000
00111110001101011111101010110001
00111101010111100001100110011010
00111101001010100101010110001000
00111101001010100101010110001000
00111101001010100101010110001000
00111101001010100101010110001000
00111101101101010010111010100100
00111110000000110100100011011011
00111110110111100110001010100111
01000000000001001101110100100111
01000000100110000010000100001111
01000000101111011011100010000010
01000000100001010110101101111001
00111111100110001000110011010010
00111101100110000000001001111110
00111101010011000010111000110010
00111101001010100101010110001000
00111101100010000101010010001001
00111101011000101010101011001001
00111101010100101111100000010000
00111110000010001001011100100011
00111110111111000101100110000101
01000000000001100011001111100010
01000000100110001110001000110100
01000000101101000100000010011000
01000000100000100111111010101010
00111111110010011100010110011110
00111110010001000010111100011100
00111101100000000001001000010001
00111101001000011010101001110010
00111101001010100101010110001000
00111101111010100010001011001100
00111101110001001111100011001001
00111110100001001100010011101000
00111111100001101110010001000110
01000000001100110100110001110011
01000000100111110111101101101000
01000000110001100001010011101101
01000000100111011101001011111100
01000000001011011100111011101101
00111111110011110010101001011100
00111111100011011111111000111110
00111110101100110010010111000000
00111101000011101111011001001100
00111101001010100101010110001000
00111110000100000111001111011110
00111110101100000110001110011010
00111111111001011010010000100100
01000000011111111110111111100001
01000000101101000110010001001100
01000000110001100100100010100111
01000000110010000011101100011000
01000000101101011110011011111100
01000000101000001110111100101011
01000000101000110000100101100011
01000000011111111010010000010100
00111111101110010111100111011000
00111110000000111010101100100010
00111101001010100101010110001000
00111110000110101111101001010010
00111111001111010001010001001110
01000000011001100111110010011100
01000000101101011110010100001100
01000000101111011110010001100101
01000000101110010110110000111111
01000000101001011111100001100000
01000000100110010111111111010100
01000000100110001101110111010010
01000000100110010001101101010010
01000000100000011111101000111110
00111111101101011010100000100010
00111101110100011011110000001010
00111101001010100101010110001000
00111101111000001000101011101110
00111111000010011000100000011100
01000000000011001000101101001011
01000000001111001100110101000110
01000000001110010011010011100000
01000000001010101111100010010111
00111111110111111100010100111001
00111111101000111100010100001011
00111111101000001001000101010100
00111111101000101110011100000000
00111111100011111000110011001000
00111110101000001110010110111010
00111100100101101110101010100110
00111101001010100101010110001000
00111101011011001100101000011101
00111101110010001011100100000010
00111110100100110110000011010011
00111110110000001111100010000000
00111110101011011011111111111100
00111110100111110000001011111000
00111101110110011101000110010110
00111101000111001110010111101111
00111101010110101011000100011001
00111101011101110010011001111010
00111101100011001110101110100010
00111101010110110101011100001110
00111101001000100100000100010010
00111101001010100101010110001000
00111101001010100101010110001000
00111101001010100101010110001000
00111101001010100101010110001000
00111101001010100101010110001000
00111101001010100101010110001000
00111101001010100101010110001000
00111101001010100101010110001000
00111101001010100101010110001000
00111101001010100101010110001000
00111101001010100101010110001000
00111101001010100101010110001000
00111101001010100101010110001000
00111101001010100101010110001000
00111101001010100101010110001000
00111101000010111000111001011100
00111101000010111000111001011100
00111101000010111000111001011100
00111101011110100100111110000110
00111101111001100001100010110101
00111110001010011000110000000100
00111110110110101000101110001100
00111111000010011010110010101110
00111111000010000111111000010111
00111111000011100111101011101000
00111110110100101010000110101000
00111101110001111110100101010000
00111101011010110010001010100110
00111101000010111000111001011100
00111101000010111000111001011100
00111101000010111000111001011100
00111101000010111000111001011100
00111101000110011000000101110010
00111111000101010111100110101111
01000000000110011000011111101111
01000000011011010101100101100110
01000000011111111100110011100100
01000000011111110101001001011001
01000000011011100101110110110110
01000000000101110111010110001010
00111110110110110001100101101011
00111101100110111111111010101010
00111101000010111000111001011100
00111101000010111000111001011100
00111101000010111000111001011100
00111101000010111000111001011100
00111110100101110000011001001111
01000000000100110011011110000100
01000000110000000100010000010011
01000000111001110000010110100000
01000000110111001000010101010000
01000000110011000101111111101001
01000000110100011111010001100110
01000000100110100000100000000101
00111111110001010001001011101100
00111101100111000100010110010111
00111101000010111000111001011100
00111101000010111000111001011100
00111101000010111000111001011100
00111101000010111000111001011100
00111110110010010011101010101100
01000000010010000001100010101011
01000000110000110101110100100100
01000000100101010110110101010000
01000000011001110001111110010000
01000000011101100010110000111000
01000000110010001111010111011000
01000000110010110101101110110011
01000000000111100101010100001100
00111101100111000000010010110000
00111101000010111000111001011100
00111101000010111000111001011100
00111101000010111000111001011100
00111101000010111000111001011100
00111110111000001010011011011000
01000000000011111010010011010100
01000000001110010011011010111001
00111111100011011101110010101101
00111110110101100101110010011110
01000000000010000000110111111111
01000000110000111011000100001000
01000000110001001100110110101010
00111111111110111000101100100001
00111101101010100011000001001101
00111101000010111000111001011100
00111101000010111000111001011100
00111101000010111000111001011100
00111101000010111000111001011100
00111110010000001100010000100011
00111111010001100011010110000011
00111111010001001110010011010011
00111110000101111101101111100001
00111111100010110110000011001000
01000000100011011111011110001001
01000000111000110010001111100010
01000000101010000001110111110100
00111111100100010100110000111111
00111101110010100110111101100111
00111101000010111000111001011100
00111101000010111000111001011100
00111101000010111000111001011100
00111101000010111000111001011100
00111101100001010010100010001000
00111101111111101011111101111101
00111101111100100111110100011001
00111111100011010001000110110000
01000000100010110001010010000101
01000000111010011001000000000110
01000000111001001111000100001010
01000000010111001111100101011010
00111111000101000010110100001010
00111101110000110010110110001010
00111101000010111000111001011100
00111101011001010100000101000110
00111101100011101100110001001111
00111101001011110000100110101001
00111101001111100101111110110100
00111101110010110010111000110000
00111111101000110111010110001110
01000000100010110010100110110100
01000000111001110001100100011110
01000000110110111100110101000111
01000000011101011101110001101001
00111111100100101010101010100001
00111110001111101001000110111110
00111101100011101011100101000101
00111101000010111000111001011100
00111101110010110000100001001000
00111101111100111011110011111100
00111101100111101010110100100010
00111110110001000111000100100001
01000000000010111100101000100000
01000000100111111110110100100101
01000000111001110111110111100010
01000000111010110100111101110010
01000000101000110111101101011110
01000000001001111010011111000100
00111111111100100100001001111100
00111111100100100111001111001010
00111110001010101000110000001111
00111101000010111000111001011100
00111110000000001100011000010100
00111110000011010011010111100101
00111111010101100011110101011101
01000000011000110100110011001110
01000000110000111001111111111100
01000000111101110001111101000010
01000001000000101011010101011110
01000000111101110111101011010011
01000000110101010100011111011001
01000000110000101101001000111101
01000000101100010001111100111101
01000000011000101001010010111110
00111111001000011000010101000011
00111101000010111000111001011100
00111110000001111001001010111010
00111110110110110011010100100011
01000000001001011010101011101010
01000000110001111101001011110000
01000000111101010000110110101110
01000000111110101110011110100101
01000000111100000111101011000111
01000000110101010111111001000010
01000000110100000010010000011111
01000000110100000010111000010110
01000000110000010010011111010010
01000000011001110101100001111100
00111111001011110111110110011001
00111101000010111000111001011100
00111101110110101111000011110110
00111110110111000100011110010110
01000000000001010100111000110110
01000000011111110111100110011010
01000000100011000100100010010111
01000000100001101110000110101010
01000000010111011010110110110000
01000000001000000101001111110100
01000000000100001111111110001000
01000000000100011001101010111111
01000000000011000000110111001000
00111111101001001111110001011011
00111110011001001001100001010100
00111101000010111000111001011100
00111101010101101011000010000111
00111101101010001110111000101100
00111110101011110000001010001100
00111111000111100111010001110101
00111111001010000110010011111100
00111111001001101100000110101001
00111110110010100111100011101100
00111101110011101111000101010001
00111101011010100010001110101010
00111101011100110000001101011000
00111101101001110011011010101001
00111101100011011100001001001110
00111101001011000011010010101000
00111101000010111000111001011100
00111101000010111000111001011100
00111101000010111000111001011100
00111101000010111000111001011100
00111101000010111000111001011100
00111101000010111000111001011100
00111101000010111000111001011100
00111101000010111000111001011100
00111101000010111000111001011100
00111101000010111000111001011100
00111101000010111000111001011100
00111101000010111000111001011100
00111101000010111000111001011100
00111101000010111000111001011100
00111101000010111000111001011100
00111101000010111110001001110111
00111101000010111110001001110111
00111101000010111110001001110111
00111101001100010001111110101110
00111101101010111011011011011110
00111110000010101100010110011000
00111101100100111010111001101010
00111101010010001000011011010101
00111101010011100101011001100000
00111100101001101001100011011010
00111100000101101110011001110101
00111100111101101001010110111001
00111100111111100000010110100000
00111101000010111110001001110111
00111101000010111110001001110111
00111101000010111110001001110111
00111101000010111110001001110111
00111110000111100001001110101111
00111110110000111110001111100100
00111110010000100110110111001110
00111101010001001011000001101111
00111100110011011111101110001011
00111100111111110001110101000110
00000000000000000000000000000000
00000000000000000000000000000000
00111100010101111010100010011011
00111101000010011011000010010001
00111101000010111110001001110111
00111101000010111110001001110111
00111101000010111110001001110111
00111101000010111110001001110111
00111110100011110001101101011011
00111110100101001010110111111010
00000000000000000000000000000000
00111100001010101110000101101100
00111100110101100110011010010010
00111110011001001011000011000101
00111110000010000010110010100100
00000000000000000000000000000000
00000000000000000000000000000000
00111100111111111111000100111000
00111101000010111110001001110111
00111101000010111110001001110111
00111101000010111110001001110111
00111101000010111110001001110111
00111110100010100101000010000101
00111100111100100110000011100110
00000000000000000000000000000000
00111011100010011110001111010110
00111101011101001001101010101000
00111110011111110111101011011111
00111101110110010010110100101110
00000000000000000000000000000000
00111101001001100001111010000100
00111101000010000100001010011111
00111101000010111110001001110111
00111101000010111110001001110111
00111101000010111110001001110111
00111101000010111110001001110111
00111110001001011100111100100110
00000000000000000000000000000000
00111101110011110110010001100111
00111101010011001100010111111000
00111110001101110111101011100010
00111110100011100101010100011100
00000000000000000000000000000000
00000000000000000000000000000000
00111110000000010010110100101100
00111100111110100010101010000110
00111101000010111110001001110111
00111101000010111110001001110111
00111101000010111110001001110111
00111101000010111110001001110111
00111100110110011011000110110000
00000000000000000000000000000000
00111101101000101001101011000110
00111110001111011011000111000010
00111110111111100101100100001000
00111101001010101110011001010001
00000000000000000000000000000000
00111100111100010101000101101110
00111100101100010101101101111100
00111101000000101111010000011110
00111101000010111110001001110111
00111101000010111110001001110111
00111101000010111110001001110111
00111101000010111110001001110111
00111101000000010011110000110110
00111101000111110111001000001011
00111110001111100011101111010000
00111110111111100000111111110011
00111101010000101101000001101110
00000000000000000000000000000000
00000000000000000000000000000000
00111110001000101111111110110001
00111101100111110110111000101010
00111101000011011110010000000010
00111101000010111110001001110111
00111101000011110111000110010110
00111100111100001111101011010000
00111101000100010001000011101111
00111101101000011101100010100010
00111110010110000001101011101110
00111110110111010001100001011011
00111101010001101000110101001101
00000000000000000000000000000000
00000000000000000000000000000000
00111101011001001110001111101000
00111110000011001111000000010011
00111100111110010101110001101000
00111101000100001101011001101101
00111101000010111110001001110111
00111101000001110101001110010010
00111101000100010101110010100100
00111101111010101010011111100000
00111110101111011010110100010100
00111110100011101100000000010010
00111101001011001100100110111111
00000000000000000000000000000000
00000000000000000000000000000000
00111101000011010010000000011010
00111110000101111000100010011000
00000000000000000000000000000000
00000000000000000000000000000000
00111100110011000101110011010100
00111101000010111110001001110111
00111101000001011100111101110110
00111110000101110011110100110110
00111110111010110100011001001100
00111110001011100111100001101110
00000000000000000000000000000000
00000000000000000000000000000000
00000000000000000000000000000000
00111101101010011110001101001000
00111110001110000110110101001011
00111101101110110011001000011000
00111101010101101100010000101000
00000000000000000000000000000000
00111100100000001010101000110111
00111101000010111110001001110111
00111100111100000110111110000100
00111110011100100100100101000010
00111110010000000101110010011010
00111100010100111110010110101011
00000000000000000000000000000000
00000000000000000000000000000000
00000000000000000000000000000000
00000000000000000000000000000000
00000000000000000000000000000000
00000000000000000000000000000000
00000000000000000000000000000000
00111110000010001110100101011000
00111101100001110101100100111101
00111101000010111110001001110111
00111101000100101100001001010001
00111101100000110100101000001110
00000000000000000000000000000000
00000000000000000000000000000000
00000000000000000000000000000000
00111011100111011011101011011010
00111101001000010101001111010110
00000000000000000000000000000000
00000000000000000000000000000000
00111000011100010001010100000000
00111100000101111010011101000101
00111110001011101100110001000111
00111101100001011011000101010110
00111101000010111110001001110111
00111101000001111110011100000000
00111100110010001111111000000100
00111100011100100010010101100000
00111100011011010000111100010101
00111100011111101010001100111010
00111100010111000101001101110001
00111100110100010101111001100010
00111100110110101100100100000101
00111101000010010001100110100000
00111100111101111110101010010111
00111100111000001000111100001110
00111101000101000000100011110011
00111101000100111011110100111010
00111101000010111110001001110111
00111101000010111110001001110111
00111101000010111110001001110111
00111101000010111110001001110111
00111101000010111110001001110111
00111101000010111110001001110111
00111101000010111110001001110111
00111101000010111110001001110111
00111101000010111110001001110111
00111101000010111110001001110111
00111101000010111110001001110111
00111101000010111110001001110111
00111101000010111110001001110111
00111101000010111110001001110111
00111101000010111110001001110111
00111101111010000111001111011110
00111101111010000111001111011110
00111101111010000111001111011110
00111110000101000000010010111100
00111110000100110010111111000011
00111110001010111101111001010110
00111101111111000000100101011001
00111101100100111111011010001101
00111101100110100100001011111111
00111101110000000001100111100111
00111101100000111001111000010000
00111101111110011000011101000100
00111101111010010010001111111001
00111101111010000111001111011110
00111101111010000111001111011110
00111101111010000111001111011110
00111101111010000111001111011110
00111110000000101010011111001001
00111110111101100000110111100010
00111111011011001111000001011100
00111111100111101011001000001000
00111111100111100001110010101111
00111111100111000101010100010101
00111111011101101100011010001110
00111110100011011010001010111001
00111101100010000111100111011110
00111101111010111011100111101110
00111101111010000111001111011110
00111101111010000111001111011110
00111101111010000111001111011110
00111101111010000111001111011110
00111110111010011110110000111010
01000000000001010101000000100101
01000000011011100101011011110000
01000000100000110000111010101011
01000000011111111101111011000000
01000000100000011010011111101000
01000000010011111110011110110101
00111111100110101010010111111101
00111101000011110010000101000100
00111101111100100000110001000000
00111101111010000111001111011110
00111101111010000111001111011110
00111101111010000111001111011110
00111101111010000111001111011110
00111111010000010010100111001100
01000000010110110111110110000000
01000000100010111011000001011100
01000000011001110011100011011101
01000000010010111111100001011001
01000000011111000000010001101010
01000000100101110100001111010011
01000000000100110001101100001100
00111110110010101111000010110000
00111101111110101001101100001001
00111101111010000111001111011110
00111101111010000111001111011110
00111101111010000111001111011110
00111101111010000111001111011110
00111111010011000111101111010010
01000000001010000000110100010110
00111111111111101000000000000100
00111111011111010101110011100101
00111111000101100011110001000000
01000000001010000101011111011000
01000000100100001111010100100111
01000000001001101000100000011110
00111110111110000010011101110000
00111101111010110111110100000000
00111101111010000111001111011110
00111101111010000111001111011110
00111101111010000111001111011110
00111101111010000111001111011110
00111110111110011011110010100010
00111111100010111100101111011111
00111111001000010010001001110000
00111110001110000011110011010100
00111111010111111110000100101001
01000000010010101001010101100101
01000000100001000100110001111111
00111111111101001001001010011110
00111110100000101000001011010111
00111101111101100000101001000001
00111101111010000111001111011110
00111101111010000111001111011110
00111101111010000111001111011110
00111101111010000111001111011110
00111110001010011010110101110111
00111110010000010101111110111111
00111110001010011010110001001101
00111111010110111011001100000000
01000000001110100010001011000100
01000000100100001111000001000001
01000000011111000100001111111100
00111111101100100100000011011100
00111110100000111010101011001110
00111101111101110001011110111000
00111101111010000111001111011110
00111101111101000101010110000010
00111101111001111011001011100110
00111101111010010000100010010101
00111101111011110011000101000101
00111110001101001111010110100001
00111111010101011011101011000110
01000000001110110010000111010000
01000000100011110101011100000010
01000000100001010100100111111011
01000000000100111111001011010001
00111111001101001000010000100111
00111110010011010001010111111000
00111101111010100001101000110100
00111101111010000111001111011110
00111110000111010010110101111011
00111110000001101100011000101100
00111110000010100010011001000000
00111110100110001000110101100010
00111111100001111001011011101110
01000000001111110111111111001000
01000000100100000001010100010010
01000000011111100110000010110001
01000000000010010110000110001001
00111111001111101111010011110010
00111110101010101000000001011101
00111100110101110001010011101010
00111101101011001101001011111100
00111101111010000111001111011110
00111110001101100001010101111000
00111110000011011001000000100100
00111111001011101001100001000100
01000000000000101011001100010110
01000000011001011111010100111110
01000000100100101010101101100010
01000000100111011001011010000110
01000000011110111011010011101011
01000000001101101001101000000111
01000000001000100111001000000000
00111111111011010001000101011110
00111111000111101011111010001010
00111101010110110101001111100110
00111101111010000111001111011110
00111110010100010001000010001001
00111111000001011101001011001110
01000000001000010001111101101100
01000000100011010110010011100001
01000000100111000000101000010100
01000000101000100100011100110100
01000000100111001111000110001100
01000000100110100010101011011001
01000000100111001010011000000010
01000000100111001110010000101100
01000000011111111011001101100001
00111111101111111111011000111010
00111110000000010001011011111001
00111101111010000111001111011110
00111110010000001011011001001110
00111111001110001111110101000010
01000000001101010011110001110000
01000000011110010010011001101010
01000000011111000010011110010101
01000000011011110101111111001100
01000000001111101101110001111101
01000000001001100101101001111100
01000000001001110100000101000110
01000000001010000011100110010100
01000000000101000010011001111000
00111111011010111101010101001110
00111110010000111101110000101011
00111101111010000111001111011110
00111110000100000111110010000111
00111110100001110110011101110111
00111111001111010100000000010110
00111111100000010010000011110100
00111111100001111001001000010001
00111111011101000010101110111010
00111110111100110100100011101000
00111110001111111110000111110001
00111110000011110101010110000100
00111110000110001101000011001010
00111110001011100101110000110100
00111110000011110001100101010100
00111101111011011110111111001000
00111101111010000111001111011110
00111101111010000111001111011110
00111101111010000111001111011110
00111101111010000111001111011110
00111101111010000111001111011110
00111101111010000111001111011110
00111101111010000111001111011110
00111101111010000111001111011110
00111101111010000111001111011110
00111101111010000111001111011110
00111101111010000111001111011110
00111101111010000111001111011110
00111101111010000111001111011110
00111101111010000111001111011110
00111101111010000111001111011110
00110111000010101100101100010111
00110111000010101100101100010111
00110111000010101100101100010111
00000000000000000000000000000000
00000000000000000000000000000000
00000000000000000000000000000000
00000000000000000000000000000000
00111010011011000001110110101011
00000000000000000000000000000000
00111100011011110011011101100011
00111101000001011000000001111001
00111001100011110010011000001110
00111010100110010010000111100110
00110111000010101100101100010111
00110111000010101100101100010111
00110111000010101100101100010111
00110111000010101100101100010111
00000000000000000000000000000000
00000000000000000000000000000000
00000000000000000000000000000000
00000000000000000000000000000000
00000000000000000000000000000000
00000000000000000000000000000000
00000000000000000000000000000000
00111100010110111111100000101001
00111100110000000010010111011100
00111011011010111110000100010110
00110111000010101100101100010111
00110111000010101100101100010111
00110111000010101100101100010111
00110111000010101100101100010111
00111010001011010011111101000101
00000000000000000000000000000000
00000000000000000000000000000000
00000000000000000000000000000000
00000000000000000000000000000000
00000000000000000000000000000000
00000000000000000000000000000000
00111100111000111011101110110100
00111100111000111111101110101001
00111010101011100011111001101011
00110111000010101100101100010111
00110111000010101100101100010111
00110111000010101100101100010111
00110111000010101100101100010111
00111011011100001100101100110110
00000000000000000000000000000000
00000000000000000000000000000000
00000000000000000000000000000000
00111010110101011010111011100110
00000000000000000000000000000000
00000000000000000000000000000000
00000000000000000000000000000000
00111101011010101010001111101100
00111010111001110010011000000010
00110111000010101100101100010111
00110111000010101100101100010111
00110111000010101100101100010111
00110111000010101100101100010111
00000000000000000000000000000000
00111100110100000110111111101001
00111100001101001011101010111101
00000000000000000000000000000000
00000000000000000000000000000000
00000000000000000000000000000000
00000000000000000000000000000000
00000000000000000000000000000000
00111010000010011000101011111011
00111011001010110011010100101110
00110111000010101100101100010111
00110111000010101100101100010111
00110111000010101100101100010111
00110111000010101100101100010111
00111101100101000110101101101010
00111101000001010111101011001011
00000000000000000000000000000000
00000000000000000000000000000000
00000000000000000000000000000000
00000000000000000000000000000000
00000000000000000000000000000000
00111011101011010001110111011001
00000000000000000000000000000000
00111011111000111111110100000000
00110111000010101100101100010111
00110111000010101100101100010111
00110111000010101100101100010111
00110111000010101100101100010111
00111011010110001000101011011100
00111011011111000010001001000011
00000000000000000000000000000000
00000000000000000000000000000000
00000000000000000000000000000000
00000000000000000000000000000000
00000000000000000000000000000000
00000000000000000000000000000000
00111011010110010001101110001111
00111010001010000100110010010011
00110111000010101100101100010111
00111010000010111010101000011011
00111011100100010111111111101000
00000000000000000000000000000000
00000000000000000000000000000000
00000000000000000000000000000000
00000000000000000000000000000000
00000000000000000000000000000000
00000000000000000000000000000000
00000000000000000000000000000000
00000000000000000000000000000000
00000000000000000000000000000000
00111011100000001011111110011111
00111011000101111010110101101100
00110111000010101100101100010111
00000000000000000000000000000000
00000000000000000000000000000000
00111001101101011010000110000110
00000000000000000000000000000000
00000000000000000000000000000000
00000000000000000000000000000000
00000000000000000000000000000000
00000000000000000000000000000000
00000000000000000000000000000000
00000000000000000000000000000000
00111100001111111100111011001001
00111101010110110001000011101101
00111100111101011111001001101010
00110111000010101100101100010111
00000000000000000000000000000000
00111001111011000001000101101010
00000000000000000000000000000000
00000000000000000000000000000000
00000000000000000000000000000000
00000000000000000000000000000000
00000000000000000000000000000000
00000000000000000000000000000000
00000000000000000000000000000000
00000000000000000000000000000000
00000000000000000000000000000000
00111100011101010101001101011001
00111011000010001111010111101101
00110111000010101100101100010111
00000000000000000000000000000000
00000000000000000000000000000000
00000000000000000000000000000000
00000000000000000000000000000000
00000000000000000000000000000000
00000000000000000000000000000000
00000000000000000000000000000000
00000000000000000000000000000000
00000000000000000000000000000000
00000000000000000000000000000000
00000000000000000000000000000000
00111100110100001011000110000001
00111001101110001000011100010000
00110111000010101100101100010111
00111001111111011011100010101011
00111100110100101010111010111001
00111100110101010001010000010000
00000000000000000000000000000000
00000000000000000000000000000000
00000000000000000000000000000000
00111100100001111001111110000110
00000000000000000000000000000000
00000000000000000000000000000000
00000000000000000000000000000000
00000000000000000000000000000000
00000000000000000000000000000000
00111000101000100011100111101000
00110111000010101100101100010111
00111011011100011011010001000000
00111101001101101101100010110001
00111101101000000010011110011110
00000000000000000000000000000000
00111010110001111101111000011101
00000000000000000000000000000000
00000000000000000000000000000000
00000000000000000000000000000000
00111010101111000011101101001111
00111011000101000101110001010111
00111010101011010100001011111100
00111010001100001011001100110001
00111001001101100001101111100001
00110111000010101100101100010111
00110111000010101100101100010111
00110111000010101100101100010111
00110111000010101100101100010111
00110111000010101100101100010111
00110111000010101100101100010111
00110111000010101100101100010111
00110111000010101100101100010111
00110111000010101100101100010111
00110111000010101100101100010111
00110111000010101100101100010111
00110111000010101100101100010111
00110111000010101100101100010111
00110111000010101100101100010111
00110111000010101100101100010111
