01000001000111111110011001011101
00111111000101011011011000111110
10111111110100011011100100011110
11000000011010101101100011001111
01000000111100000011101010110101
11000000011010001011111100100011
01000000111100101100111100100000
11000000010101111101010000100100
11000000101011011111001101111101
10111111001000110001010010101101
00111111100100101111010100110101
11000000000101010011011100000101
01000000001110110111000110001111
11000001001100011000000101011111
10111111011011011111000001001111
01000000000000011010000011101100
10111111111101111100110100100001
11000001010101010100001111011111
00111101000100111101001101010001
11000000101110100100001010000110
10111111110011111101110110000101
10111111101100000111010101010100
01000000000001000010001111011110
01000000001001101110101110111010
01000000111011000010100000010111
01000000100101110111001010110011
01000000010100101000110110111111
11000000011001000101100100010110
11000000100001011010111011101111
01000000001000100101111001001011
01000001000100011010000111000100
11000000011111100101011101001100
00111111110011001001111001000100
01000000101011011011110001010010
11000000101011111010001110111111
00111111000110011011010010111100
01000000011000111110110100110101
01000001001000100101100000011101
00111111000110000000100100101000
01000001000111111101101011001110
01000000001011001101000100001110
10111111100101101001111101111111
01000001000110011101100000100001
11000000110010011011001010011010
01000000110001111110100110110011
00111111111000100111110011010110
01000001000001001101100011010100
00111110010101000001101000101011
01000000110011101010100111001011
01000000110100011100000100011101
11000000101101010110001111100010
01000000000111111011111001010010
00111111110110100011000110111001
11000000010100011010101001011011
10111110110111110000001000000111
01000000010000100101001110010001
10111111011110001000000100010011
01000000010011110100100110010100
11000000101110111011111000010001
10111111100110111101010010100010
10111111101101000011110100011100
01000000000100011010100111110001
01000001000111010101101110100000
01000000001100111101011011011101
01000000111000001101110110011001
10111111001000100110001101011100
01000000000011100010000100000100
11000000101010101011100110110101
00111101111111101110010011110000
11000000000100111101001000100011
10111111100001000001011010000100
11000000000011011001110000100001
01000000000111000010111000111100
11000000101011010101100001110110
00111111101111000101101000001001
00111111101110100111111001011110
11000000111101011010110101110000
01000001000110111111001011101011
11000000001011100101010110001011
01000001000011010101101101010001
01000001001111010011101100010101
01000000101000100011100010110110
01000000101111010110100010001110
01000000110101001000011000101101
01000000010100000110111110001011
01000000111001001100110100010100
11000000001111001001011011100111
00111111100111011111110101111011
11000000111010101101111111010110
01000000110110000001011010000011
01000001011010000100010101101100
10111111001111100011110001110011
11000000000100101001100001010000
11000001000001011101001001001101
01000000001010000110110111110011
01000000101011111001100100110000
10111111110001100111110010111110
10111111001011101110101000010000
01000000001100110101110001110010
10111111010000101010011001101101
01000001000110001111000110010111
11000000000100100000110101111100
01000001001100011111010110010100
11000000111100000111000100000111
10111111100000000101100001011010
01000000011010110000110000101100
01000000011100000000101011101001
10111111010101111111010110010001
01000000110010100110110000101111
11000000110111001100101000101101
10111111000010001010111001000101
01000000101101101011010101111010
01000000000100110011101010110010
01000001001010111110000001010000
10111111011101110111110111011100
11000000001001011011011011010100
10111111110101001011100000010111
11000000101101010111010011000000
11000000101000100010011000101010
00111110010011101001010011110100
