11000000001011111010110000000010
01000000010000011000101000000101
01000000110001110000000001000110
10111111010101010100001110000111
11000000101001100010101101101101
11000000100000000101011010000111
11000000011000010111100010110100
11000000011010011100011111111111
00111111110000000011101110001001
11000000000010011010101000111001
01000000011001101000100101010011
01000000110111110010010101100101
11000000110000101110110010111001
11000000011001010101010100001011
01000000101011101101101100111110
01000000000111001101110100000111
00111111001001001110000001001010
00111111101111000110111101111000
01000000011000101010111110111000
10111111100000000100100000101011
00111110111101010101011110001110
00111111000111111011010101000010
01000000101001100110001000100010
00111111001000010010110000101010
01000000001000101111001101011000
00111111110111000010000101001001
01000000100011100100010111111011
11000000101000001001001111100111
10111101100010001001111010111010
01000000011000001111011010101000
10111111100010010100111001000101
01000000000001010000010001110011
01000000010011001101000011101011
01000000110101000101110001010011
00111110010111001100000001011001
00111110110101110011100000001011
00111111011101000100100100000101
11000000100001000110111111110010
01000000001111010000100100100000
00111111010110101011100000110011
11000000001101101110011110011100
01000000000011001001100101100111
00111110000111110100000000000110
01000000111010011100100101101111
10111110110111001010010110100001
01000000100111000111100001000011
10111111010010001011001001110000
11000000011111011011111001111010
11000000001111011110110001010110
10111110100011101101111101000110
01000000010001111111111011001010
00111111101101011111110010000101
11000000101010000111010111100100
01000000000011110111111011011011
00111111110011111010010011110100
11000000000101100101001010101101
01000000100101101101001010001011
01000000110000111110011010001010
00111111100110110010110010101010
01000000100000001011100110110010
01000000000001111010000111101111
11000000101111010100110011100001
11000000011101011010010110101010
00111111111111010101110000111111
10111101111000001001001010111111
01000000100001110000111010111100
10111111100000011101001011011010
11000000010011011101100110011010
01000000010011010101000011100000
01000000010011100110101100110110
01000000000100101000001110100111
00111111100001010100010010001000
00111111100010101011110100000000
01000000101011011100010101000101
01000000100100011000101000101011
01000000101010110110101011001011
00111101111010100111110010000101
01000000101001011010011000101000
00111111110100011011010001101010
11000000110011111011001101101110
11000000001110001010111011010010
00111111101111000011000110101010
01000000010111110000101110110000
11000000000110110010100110110001
