00000000000000000000000000000000
01000000101010111111101101111001
01000000000011100100101010110101
00111111101001110101110111110011
00000000000000000000000000000000
01000000001000111000111001011001
00000000000000000000000000000000
00000000000000000000000000000000
00000000000000000000000000000000
01000000111101000001111001010000
00111110011100011011101101111100
01000000010101010110111011010111
00000000000000000000000000000000
00000000000000000000000000000000
01000000011100110000011111011100
00111111001000000111001101001100
00000000000000000000000000000000
00111111111000101111001110100110
01000000100100001101100100000110
00000000000000000000000000000000
00000000000000000000000000000000
00111111111100111100010111100011
00000000000000000000000000000000
00111110001111000101000110000111
00111111100111000110001010100011
01000000101100010110100101111000
00111111000011101111000111000100
00000000000000000000000000000000
00000000000000000000000000000000
01000000100010110010110011011110
01000000001001001101011101101011
00111111110000101100011111010000
00111111110101111000001011101010
01000000011111010000100001101011
01000000010011110111010010000110
00111111100010111111111011001100
01000000101110000101000100010101
00000000000000000000000000000000
01000000100110000011101001110001
00000000000000000000000000000000
00111101110000100001001100001011
00000000000000000000000000000000
01000000100000011001001111100011
01000000101101001011001110000100
00000000000000000000000000000000
01000001000001100001101010110110
00000000000000000000000000000000
00000000000000000000000000000000
00000000000000000000000000000000
00111111001110111110010000110001
00000000000000000000000000000000
00111111100110101111000110011000
00000000000000000000000000000000
01000000101010110110001110010011
01000000010000010001111110110000
00111111011111101110110000011011
01000000110010101101010100000000
01000001010001110101101010000101
01000000001101111000111101011110
00000000000000000000000000000000
00000000000000000000000000000000
00111111000111100101110110010000
00000000000000000000000000000000
00111111111100101100111111110000
01000000100111011111101110100011
00000000000000000000000000000000
00111111100111011010010001000100
00000000000000000000000000000000
00111111111001011101010011011001
01000000011010111011101010000100
01000000101000011010111111000011
01000000101100100111011111100001
00111111111111110100001011011110
01000000101010110100110111111111
00000000000000000000000000000000
00000000000000000000000000000000
01000000100001101100010001000000
01000000100010011101011111011001
01000000011101110010011011100111
00000000000000000000000000000000
00000000000000000000000000000000
00000000000000000000000000000000
00111110001010110111011111001001
00000000000000000000000000000000
