00000000000000000000000000000000
01000000100100110101101111010111
01000000111010010101000101101010
01000000000111111010001101111110
00000000000000000000000000000000
01000000110001111000110001011110
01000000101011101111110100001111
01000000101111100101011010100000
00000000000000000000000000000000
01000001000010001001110100100101
00000000000000000000000000000000
01000000100111001001000110010100
01000000010111010000100111000010
00000000000000000000000000000000
00000000000000000000000000000000
01000000000100110101101111010111
00111111100100110101101111010111
01000000100010100010011000011010
01000000000001110001010000110000
01000000000000001111000001011100
00111111100001110001010000110000
01000000100100110101101111010111
01000000010101101110010111101111
01000000110010101001111001001000
01000000000110010111111110101011
01000001001100100000111011111001
01000000110100111101010000000101
01000000111000110010110110010110
00111111100100110101101111010111
01000000101110000011001011001101
01000000001111100101011010100000
00111111101010111110101100100110
00111110100100110101101111010111
00111111101110000011001011001101
00000000000000000000000000000000
00000000000000000000000000000000
00111111011101011001100100010001
01000000110010101001111001001000
00000000000000000000000000000000
00000000000000000000000000000000
01000000000011010011100000000011
01000000011110111011110011100101
01000000111000000001101110101100
01000000101101010010000011100011
01000000001001011100011101010010
01000000010111010000100111000010
00000000000000000000000000000000
00111111101010111110101100100110
00000000000000000000000000000000
00000000000000000000000000000000
00111111100001110001010000110000
00111111010001000111101001110100
00000000000000000000000000000000
00000000000000000000000000000000
01000000010111010000100111000010
00000000000000000000000000000000
01000001010111010000100111000010
01000000110111010000100111000010
01000000100001110001010000110000
01000000110101101110010111101111
01000000111011110111010100111101
00000000000000000000000000000000
01000000111001100011111110000000
01000000101101010010000011100011
01000000111011000110001101010100
00111111111010010101000101101010
01000000001010111110101100100110
00000000000000000000000000000000
00000000000000000000000000000000
01000000010101101110010111101111
01000000010100001100001000011011
01000000101010001101100100111100
00000000000000000000000000000000
00000000000000000000000000000000
00000000000000000000000000000000
00111111010001000111101001110100
00000000000000000000000000000000
00111101110001000111101001110100
01000000001110000011001011001101
01000000011110111011110011100101
00000000000000000000000000000000
00000000000000000000000000000000
01000000101010111110101100100110
01000000111010010101000101101010
