01000000001100011111100000111000
00000000000000000000000000000000
00000000000000000000000000000000
00000000000000000000000000000000
01000000001100101001000111000001
00000000000000000000000000000000
01000000110011100111110111111000
01000000010000101010000001100100
01000000111001101110010111100010
00000000000000000000000000000000
01000000001010111001101111111100
00000000000000000000000000000000
01000000100100101101001011011110
01000000101100011010101110000110
01000000010101110111110010011110
00111111110001010010110100011011
01000000100101011010011111001000
00111111000111001010101110001000
00000000000000000000000000000000
00000000000000000000000000000000
01000000010111010000010000111001
00000000000000000000000000000000
00000000000000000000000000000000
01000000100011100011101000011110
01000000001010110001001110011010
01000000100011100100010010101101
00000000000000000000000000000000
00111111000110110100000011011111
00000000000000000000000000000000
00000000000000000000000000000000
01000000101100010010010101111000
00000000000000000000000000000000
01000000010011100001001111001110
00111111001011010101010001101111
00111111101000010011000101010000
00111111101101100000100100100100
01000000001100010010100110101100
01000000100100001101101110101001
00111111101010100100010000111001
00111111111111110000111100111011
00000000000000000000000000000000
00000000000000000000000000000000
01000000001110110101011010111101
00000000000000000000000000000000
01000000100000100111111110010001
00000000000000000000000000000000
00000000000000000000000000000000
01000000000100011100100111110111
01000000011010110100111010001101
01000000010101000110100101100101
00111111010110011011010101100001
01000000000010110011001101011010
01000000100011110100111100110111
01000000000001000110111110101001
01000000100000010011100100100100
00111111010110010010111110111001
00000000000000000000000000000000
01000000001000110000010101100110
00000000000000000000000000000000
00111111001000110101011111111100
01000000101010001001011101101010
01000000011011111111000111110010
01000000010011001101000111110110
01000000101101100100101110001000
01000000010110110110010001001010
01000000100101101000011000001011
01000000100010111110011100011011
00000000000000000000000000000000
01000000100100100000110101000101
00000000000000000000000000000000
00000000000000000000000000000000
00111111011001110010111001100011
01000000110001010110010101001001
01000000010011111110001001110100
01000000110010010100000010111000
00000000000000000000000000000000
00000000000000000000000000000000
01000000001111101001110011011001
01000000010110001001100110001000
00000000000000000000000000000000
01000000000100011101001100101000
00111101010001101011010010001101
01000000010101000101010100000100
00111111101001001111111101111111
00000000000000000000000000000000
01000000101000111011110010011001
00000000000000000000000000000000
01000000100101111111110001011110
00111111101011110001110111011011
01000000100110111000101111110010
01000001010010010111101101100001
01000000100111101011111011110011
00111110111010011011011001110110
00000000000000000000000000000000
01000000001100011100001111010010
01000000110010011001001101111001
00000000000000000000000000000000
01000000000001010100111001100010
00111111010100101000111011001101
00111111010101001111100010010010
00111111011100111010001001001011
00111111111010111011001100110001
00000000000000000000000000000000
00111111000001111000010010101110
00000000000000000000000000000000
00111110111110011001101110001101
00111111000010101000111110001100
00000000000000000000000000000000
01000000000110000010001110101111
00000000000000000000000000000000
00000000000000000000000000000000
00000000000000000000000000000000
00000000000000000000000000000000
00111111111010001101011011100110
01000000000111000000111111011110
00111110010101110110110001010010
00000000000000000000000000000000
00000000000000000000000000000000
00000000000000000000000000000000
01000000010010101111010000011001
