00000000000000000000000000000000
01000001011000100000010110111111
00000000000000000000000000000000
01000000110011011111111011000010
00111111111001001110001000101101
00111111111001001110001000101101
00000000000000000000000000000000
00000000000000000000000000000000
00000000000000000000000000000000
00000000000000000000000000000000
00000000000000000000000000000000
01000000001010111010100110100010
00000000000000000000000000000000
00000000000000000000000000000000
00111110101101110001101101010111
00000000000000000000000000000000
01000000011100000101001111100010
00000000000000000000000000000000
00000000000000000000000000000000
00111111111110111100010110011000
00000000000000000000000000000000
00000000000000000000000000000000
01000000000010010101010010000001
00000000000000000000000000000000
00000000000000000000000000000000
00000000000000000000000000000000
00000000000000000000000000000000
00000000000000000000000000000000
00000000000000000000000000000000
01000000011001001110001000101101
00000000000000000000000000000000
00111111101101110001101101010111
01000000001000000011011111101100
00111111011001001110001000101101
01000000010011011111111011000010
01000000001000000011011111101100
00000000000000000000000000000000
01000000010011011111111011000010
00000000000000000000000000000000
01000000110011011111111011000010
00000000000000000000000000000000
00000000000000000000000000000000
01000000011110111100010110011000
01000000010110010111000001110111
00000000000000000000000000000000
00111111101101110001101101010111
00000000000000000000000000000000
00000000000000000000000000000000
01000000010011011111111011000010
01000000001000000011011111101100
01000000111001001110001000101101
00111111111110111100010110011000
00111111101101110001101101010111
00000000000000000000000000000000
01000000110100111011011110011101
00000000000000000000000000000000
01000000000101001100011000110111
00111111100010010101010010000001
00000000000000000000000000000000
01000000100101001100011000110111
00000000000000000000000000000000
01000000101100010110001001111100
00111111000010010101010010000001
00000000000000000000000000000000
00111110001101110001101101010111
01000000001101110001101101010111
01000000100010010101010010000001
00000000000000000000000000000000
00000000000000000000000000000000
00000000000000000000000000000000
00111111111001001110001000101101
01000000111101100000110010111101
00000000000000000000000000000000
01000000110010000100010111100111
01000000100011110000110101011100
01000000010000101000110100001100
00000000000000000000000000000000
01000001111010101001101100000111
00000000000000000000000000000000
00000000000000000000000000000000
00111111110011011111111011000010
00111111110011011111111011000010
00000000000000000000000000000000
00111111101101110001101101010111
00000000000000000000000000000000
00111111111110111100010110011000
00111111110011011111111011000010
00000000000000000000000000000000
01000000010110010111000001110111
01000000101000000011011111101100
00000000000000000000000000000000
00111111000010010101010010000001
00111111110011011111111011000010
00000000000000000000000000000000
00000000000000000000000000000000
00000000000000000000000000000000
00111111001101110001101101010111
01000000110000101000110100001100
00111111001101110001101101010111
00111111111001001110001000101101
00000000000000000000000000000000
01000000101000000011011111101100
01000000111001001110001000101101
00111111111110111100010110011000
00000000000000000000000000000000
00000000000000000000000000000000
01000000000010010101010010000001
01000000100011110000110101011100
00000000000000000000000000000000
00000000000000000000000000000000
01000001000000001011111100111001
00111111110011011111111011000010
00111110101101110001101101010111
01000000010011011111111011000010
00111111101101110001101101010111
00000000000000000000000000000000
00000000000000000000000000000000
00111111111001001110001000101101
01000000101000000011011111101100
00000000000000000000000000000000
