00111111001001001100001100100100
01000000000100110001101111110010
01000000001010101010010110001001
00111111101001001100001100100100
00111110001111000100110010111011
00000000000000000000000000000000
00000000000000000000000000000000
00000000000000000000000000000000
00000000000000000000000000000000
00111101101111000100110010111011
01000000000111101110000010111110
01000000110100001110010100011111
01000000110110011011100010111000
01000000011010110101111111101010
00111111111010110101111111101010
00000000000000000000000000000000
00000000000000000000000000000000
00000000000000000000000000000000
00000000000000000000000000000000
00000000000000000000000000000000
01000000101001111011010001010111
01000001001001100011101110111101
01000000111101110010010010110101
00111111110010000001000110000111
00111111101111000100110010111011
00111111101001001100001100100100
00000000000000000000000000000000
00000000000000000000000000000000
00000000000000000000000000000000
00000000000000000000000000000000
01000000111100010100001001010000
01000001001110101101010000100010
01000000100100000010101010111111
00000000000000000000000000000000
00000000000000000000000000000000
00111111110010000001000110000111
00000000000000000000000000000000
00000000000000000000000000000000
00000000000000000000000000000000
00111110001111000100110010111011
01000001000010111100000011110011
01000001001101100110101001010101
01000000001111000100110010111011
00000000000000000000000000000000
00111111100011010011100110001100
01000000001100001000011111101111
00000000000000000000000000000000
00000000000000000000000000000000
00000000000000000000000000000000
00111110001111000100110010111011
01000000111111010000011100011011
01000001001010010010110011110000
01000000100101100000110100100101
00111111010100111101011001010010
01000000100111101110000010111110
01000000100101100000110100100101
00000000000000000000000000000000
00000000000000000000000000000000
00000000000000000000000000000000
00000000000000000000000000000000
01000000101010101010010110001001
01000000111111010000011100011011
01000000100110001111111001011000
01000000000100110001101111110010
01000000101010101010010110001001
01000000101001111011010001010111
00000000000000000000000000000000
00000000000000000000000000000000
00000000000000000000000000000000
00000000000000000000000000000000
01000000001010101010010110001001
01000000100010100100100001011001
01000000010000100010111100100001
00111111111010110101111111101010
01000000101011011001011010111100
01000000101111000100110010111011
00000000000000000000000000000000
00000000000000000000000000000000
00000000000000000000000000000000
00111101101111000100110010111011
00111111100000010111010011000001
00111111111010110101111111101010
00111111101111000100110010111011
01000000000111101110000010111110
01000000111111010000011100011011
01000001000100000010101010111111
00000000000000000000000000000000
00000000000000000000000000000000
00000000000000000000000000000000
00000000000000000000000000000000
00111110100011010011100110001100
00111110111010110101111111101010
00111110101111000100110010111011
01000000000111101110000010111110
01000001000100011010001101011001
01000001001011000001111000100011
00000000000000000000000000000000
00000000000000000000000000000000
00000000000000000000000000000000
00000000000000000000000000000000
00111111110100111101011001010010
00111111101111000100110010111011
00000000000000000000000000000000
00000000000000000000000000000000
00000000000000000000000000000000
00000000000000000000000000000000
00000000000000000000000000000000
00000000000000000000000000000000
00111101101111000100110010111011
00111110111010110101111111101010
00111110001111000100110010111011
00000000000000000000000000000000
00000000000000000000000000000000
00000000000000000000000000000000
00000000000000000000000000000000
00000000000000000000000000000000
00000000000000000000000000000000
00000000000000000000000000000000
00000000000000000000000000000000
00111110001111000100110010111011
00000000000000000000000000000000
00000000000000000000000000000000
00000000000000000000000000000000
00000000000000000000000000000000
00111110111010110101111111101010
00111101101111000100110010111011
00000000000000000000000000000000
00000000000000000000000000000000
00111111101111000100110010111011
00111111001001001100001100100100
00111110100011010011100110001100
00111110101111000100110010111011
01000000000111101110000010111110
01000001000000010111010011000001
01000001010001010010000001010100
01000001000100110001101111110010
01000000101000011101000111110001
01000000100101100000110100100101
01000000100100110001101111110010
00111111111101110010010010110101
00000000000000000000000000000000
00000000000000000000000000000000
00000000000000000000000000000000
00000000000000000000000000000000
01000000000000010111010011000001
00111110111010110101111111101010
00000000000000000000000000000000
00111111110111111001101100011110
01000000100010100100100001011001
01000000000110001111111001011000
00111111110010000001000110000111
00000000000000000000000000000000
00000000000000000000000000000000
00000000000000000000000000000000
00000000000000000000000000000000
00000000000000000000000000000000
00000000000000000000000000000000
00000000000000000000000000000000
01000000010111111001101100011110
01000000000011010011100110001100
01000000010100111101011001010010
01000000100011010011100110001100
01000000011101110010010010110101
01000000101010101010010110001001
01000000111010000110111010110111
01000000101000011101000111110001
00111111110100111101011001010010
01000000000111101110000010111110
01000000100100000010101010111111
01000000000111101110000010111110
01000000000001110101011100100110
01000000100010100100100001011001
01000000110000100010111100100001
01000001000001110101011100100110
01000001001000110100101010001010
01000000111101110010010010110101
01000000011010110101111111101010
01000000011101110010010010110101
01000000101001001100001100100100
01000000001100001000011111101111
00111110111010110101111111101010
00111111100011010011100110001100
00111111110010000001000110000111
01000000001001001100001100100100
01000000010110011011100010111000
00111111001111000100110010111011
00000000000000000000000000000000
00111110100011010011100110001100
01000000010100111101011001010010
01000000000001110101011100100110
00111110001111000100110010111011
00111110001111000100110010111011
00111110001111000100110010111011
00111111000011010011100110001100
00111101101111000100110010111011
00000000000000000000000000000000
00000000000000000000000000000000
00000000000000000000000000000000
01000000001001001100001100100100
01000000000011010011100110001100
00000000000000000000000000000000
00000000000000000000000000000000
00000000000000000000000000000000
00000000000000000000000000000000
00000000000000000000000000000000
00000000000000000000000000000000
00000000000000000000000000000000
00000000000000000000000000000000
00000000000000000000000000000000
00000000000000000000000000000000
00111110100011010011100110001100
00000000000000000000000000000000
00000000000000000000000000000000
00000000000000000000000000000000
00111111010100111101011001010010
00111110100011010011100110001100
00000000000000000000000000000000
00000000000000000000000000000000
00000000000000000000000000000000
00000000000000000000000000000000
00111111110111111001101100011110
01000000000000010111010011000001
01000000000011010011100110001100
01000000110010000001000110000111
01000001001100110111100100100010
01000001000110100111011011110001
01000000100010100100100001011001
00111111111101110010010010110101
00111111110111111001101100011110
00111111011010110101111111101010
01000000011010110101111111101010
01000000100001110101011100100110
01000000010010000001000110000111
01000000100100000010101010111111
01000000101111000100110010111011
01000000011001010111110110000100
00000000000000000000000000000000
00000000000000000000000000000000
00111111100000010111010011000001
00111111011010110101111111101010
01000000101001111011010001010111
01000000111010000110111010110111
01000000101100001000011111101111
01000000001101100110101001010101
00111110100011010011100110001100
00000000000000000000000000000000
00000000000000000000000000000000
00000000000000000000000000000000
00000000000000000000000000000000
00111110100011010011100110001100
01000000101001111011010001010111
01000001000101001001010010001100
01000001001001100011101110111101
01000001000101111000010110111110
01000001000000010111010011000001
01000000110001010010000001010100
01000000001001001100001100100100
00111110100011010011100110001100
00111110100011010011100110001100
00111110111010110101111111101010
01000000011100010100001001010000
01000000111111010000011100011011
01000001001101100110101001010101
01000001010100111101011001010010
01000001010111100010001010000101
01000001001110010101101110001000
01000000101110010101101110001000
00111111110100111101011001010010
00111111011010110101111111101010
00111111001001001100001100100100
00111111110100111101011001010010
01000000011101110010010010110101
01000000110001010010000001010100
01000001000001011101111010001101
01000001000101100000110100100101
01000000110100111101011001010010
00111111100110001111111001011000
00000000000000000000000000000000
00000000000000000000000000000000
00000000000000000000000000000000
00111111000011010011100110001100
00111111100011010011100110001100
00111111110100111101011001010010
01000000010110011011100010111000
01000000101100110111100100100010
01000000100101100000110100100101
00111111001001001100001100100100
00000000000000000000000000000000
00000000000000000000000000000000
00000000000000000000000000000000
00111110001111000100110010111011
00111110101111000100110010111011
00111110111010110101111111101010
01000000000011010011100110001100
01000000101110010101101110001000
01000000111100010100001001010000
01000000101110010101101110001000
01000000010010000001000110000111
00111111110100111101011001010010
00111111101001001100001100100100
00000000000000000000000000000000
00000000000000000000000000000000
00000000000000000000000000000000
00000000000000000000000000000000
00000000000000000000000000000000
00000000000000000000000000000000
00000000000000000000000000000000
00000000000000000000000000000000
00000000000000000000000000000000
00000000000000000000000000000000
00000000000000000000000000000000
00000000000000000000000000000000
00000000000000000000000000000000
00000000000000000000000000000000
00000000000000000000000000000000
00000000000000000000000000000000
00000000000000000000000000000000
00000000000000000000000000000000
00000000000000000000000000000000
00000000000000000000000000000000
00000000000000000000000000000000
00000000000000000000000000000000
00111110100011010011100110001100
00000000000000000000000000000000
00000000000000000000000000000000
00000000000000000000000000000000
00111101101111000100110010111011
00000000000000000000000000000000
00111110001111000100110010111011
00111110111010110101111111101010
00000000000000000000000000000000
00000000000000000000000000000000
00000000000000000000000000000000
00000000000000000000000000000000
00000000000000000000000000000000
00111111010100111101011001010010
00111110111010110101111111101010
00111110100011010011100110001100
00111111100000010111010011000001
00111111100000010111010011000001
00000000000000000000000000000000
00000000000000000000000000000000
00000000000000000000000000000000
00000000000000000000000000000000
00000000000000000000000000000000
00000000000000000000000000000000
00000000000000000000000000000000
00000000000000000000000000000000
00111111011010110101111111101010
00111111101001001100001100100100
00111110001111000100110010111011
00000000000000000000000000000000
00000000000000000000000000000000
00000000000000000000000000000000
00000000000000000000000000000000
00000000000000000000000000000000
00000000000000000000000000000000
00000000000000000000000000000000
00111110111010110101111111101010
00111111100110001111111001011000
00111110100011010011100110001100
00111110101111000100110010111011
00000000000000000000000000000000
00000000000000000000000000000000
00111101101111000100110010111011
00111110111010110101111111101010
00000000000000000000000000000000
00000000000000000000000000000000
00111111001111000100110010111011
00111111101100001000011111101111
00000000000000000000000000000000
00000000000000000000000000000000
00000000000000000000000000000000
00000000000000000000000000000000
00000000000000000000000000000000
00000000000000000000000000000000
00000000000000000000000000000000
00000000000000000000000000000000
00111111100000010111010011000001
00111111110010000001000110000111
00000000000000000000000000000000
00000000000000000000000000000000
00000000000000000000000000000000
00000000000000000000000000000000
00000000000000000000000000000000
00000000000000000000000000000000
00000000000000000000000000000000
00000000000000000000000000000000
00111111000011010011100110001100
00111111101100001000011111101111
00000000000000000000000000000000
00000000000000000000000000000000
00000000000000000000000000000000
00000000000000000000000000000000
00000000000000000000000000000000
00000000000000000000000000000000
00000000000000000000000000000000
00000000000000000000000000000000
00111101101111000100110010111011
00111111101001001100001100100100
00111111110111111001101100011110
01000000011101110010010010110101
01000000101000011101000111110001
01000000101011011001011010111100
01000000100111101110000010111110
01000000010011011111001111101101
00111111010100111101011001010010
00000000000000000000000000000000
00000000000000000000000000000000
00111101101111000100110010111011
01000000011001010111110110000100
01000000110001010010000001010100
01000000110101101100011110000101
01000001000000010111010011000001
01000001001000110100101010001010
01000001000110001111111001011000
01000000101010101010010110001001
00111111111101110010010010110101
00111111001001001100001100100100
00111110100011010011100110001100
01000000100110111110111110001011
01000000111001010111110110000100
01000000110000100010111100100001
01000000110010000001000110000111
01000001000010001100111111000000
01000001000010111100000011110011
01000000110000100010111100100001
01000000011010110101111111101010
00111111111101110010010010110101
00111111000011010011100110001100
01000000101010101010010110001001
01000000111000101000110001010001
01000000100011010011100110001100
01000000001010101010010110001001
01000000001111000100110010111011
01000000001101100110101001010101
00111111111101110010010010110101
01000000000011010011100110001100
00111111111101110010010010110101
00111111011010110101111111101010
01000000100001110101011100100110
01000000101101100110101001010101
01000000101000011101000111110001
01000000101101100110101001010101
01000000110001010010000001010100
01000000011010110101111111101010
00111110111010110101111111101010
00111111000011010011100110001100
00111111101100001000011111101111
00111111100011010011100110001100
01000000000000010111010011000001
01000000010000100010111100100001
01000000100001110101011100100110
01000000111111010000011100011011
01000001001100001000011111101111
01000001000100011010001101011001
01000000011101110010010010110101
00111111111010110101111111101010
00111111101111000100110010111011
00111111011010110101111111101010
00111110100011010011100110001100
00000000000000000000000000000000
00000000000000000000000000000000
01000000010110011011100010111000
01000001000000101110110101011010
01000001000001000110010111110011
01000000100001110101011100100110
01000000000100110001101111110010
00111111110100111101011001010010
00111111100000010111010011000001
00000000000000000000000000000000
00000000000000000000000000000000
00000000000000000000000000000000
00000000000000000000000000000000
00111111110111111001101100011110
01000000010111111001101100011110
01000000000000010111010011000001
00111111110100111101011001010010
00111111110010000001000110000111
00111111100011010011100110001100
00000000000000000000000000000000
00000000000000000000000000000000
00000000000000000000000000000000
00000000000000000000000000000000
01000000000000010111010011000001
01000000011010110101111111101010
01000000000100110001101111110010
00111111111010110101111111101010
00111111110100111101011001010010
00111111101001001100001100100100
00000000000000000000000000000000
00000000000000000000000000000000
00000000000000000000000000000000
00111111001111000100110010111011
01000000010110011011100010111000
01000000100000010111010011000001
01000000001100001000011111101111
01000000001101100110101001010101
01000000001101100110101001010101
00111111110111111001101100011110
00000000000000000000000000000000
00000000000000000000000000000000
00000000000000000000000000000000
00000000000000000000000000000000
00000000000000000000000000000000
00000000000000000000000000000000
00000000000000000000000000000000
00000000000000000000000000000000
00000000000000000000000000000000
00111110111010110101111111101010
00000000000000000000000000000000
00111111000011010011100110001100
01000000000100110001101111110010
01000000000001110101011100100110
00000000000000000000000000000000
00000000000000000000000000000000
00000000000000000000000000000000
00000000000000000000000000000000
00000000000000000000000000000000
00000000000000000000000000000000
00111111101111000100110010111011
01000000100001110101011100100110
01000000101111000100110010111011
01000000101110010101101110001000
01000000100101100000110100100101
01000000001010101010010110001001
00000000000000000000000000000000
00000000000000000000000000000000
00000000000000000000000000000000
00000000000000000000000000000000
01000000100001000110010111110011
01000000101010101010010110001001
01000000001101100110101001010101
00111111001001001100001100100100
01000000000011010011100110001100
01000000011100010100001001010000
01000000000011010011100110001100
00000000000000000000000000000000
00000000000000000000000000000000
00000000000000000000000000000000
01000000110000100010111100100001
01000000110010000001000110000111
00111111110010000001000110000111
00000000000000000000000000000000
00000000000000000000000000000000
00000000000000000000000000000000
00000000000000000000000000000000
00000000000000000000000000000000
00000000000000000000000000000000
00111110001111000100110010111011
01000000110010110000001010111010
01000001000010111100000011110011
01000000111001010111110110000100
01000000100111101110000010111110
01000000010100111101011001010010
00111110111010110101111111101010
00000000000000000000000000000000
00000000000000000000000000000000
00000000000000000000000000000000
00000000000000000000000000000000
01000000100100000010101010111111
01000000111101000011001110000011
01000001000100110001101111110010
01000001000101111000010110111110
01000001000010111100000011110011
01000000101010101010010110001001
00111110001111000100110010111011
00000000000000000000000000000000
00000000000000000000000000000000
00000000000000000000000000000000
00111111111101110010010010110101
01000000011001010111110110000100
01000000100110001111111001011000
01000000101111110011110111101110
01000000111010000110111010110111
01000000101110010101101110001000
00111111101111000100110010111011
00000000000000000000000000000000
00000000000000000000000000000000
00000000000000000000000000000000
00111111000011010011100110001100
00111111001001001100001100100100
00111111000011010011100110001100
01000000000000010111010011000001
01000000100111101110000010111110
01000000101001001100001100100100
00111111101111000100110010111011
00000000000000000000000000000000
00000000000000000000000000000000
00000000000000000000000000000000
00111110101111000100110010111011
00111110101111000100110010111011
00111110100011010011100110001100
01000000000100110001101111110010
01000000110010000001000110000111
01000000111011100101000100011101
01000000011001010111110110000100
00000000000000000000000000000000
00000000000000000000000000000000
00000000000000000000000000000000
00111110001111000100110010111011
00111110100011010011100110001100
00111111000011010011100110001100
00111111011010110101111111101010
00111111100110001111111001011000
00111111001001001100001100100100
00111101101111000100110010111011
00111110111010110101111111101010
00111111000011010011100110001100
00111101101111000100110010111011
00111110001111000100110010111011
00111110100011010011100110001100
00111111001001001100001100100100
00111111110111111001101100011110
01000000010100111101011001010010
01000000011010110101111111101010
01000000000111101110000010111110
00111111110100111101011001010010
00111111100110001111111001011000
00111110111010110101111111101010
00111101101111000100110010111011
00111110001111000100110010111011
00000000000000000000000000000000
00111110101111000100110010111011
01000000000111101110000010111110
01000000011111010000011100011011
01000000010111111001101100011110
01000000001100001000011111101111
00111111111101110010010010110101
00111111001111000100110010111011
00000000000000000000000000000000
00000000000000000000000000000000
00000000000000000000000000000000
00000000000000000000000000000000
00000000000000000000000000000000
00000000000000000000000000000000
00111110100011010011100110001100
00111111101111000100110010111011
00111111111010110101111111101010
00111111010100111101011001010010
00000000000000000000000000000000
00000000000000000000000000000000
00000000000000000000000000000000
00000000000000000000000000000000
00000000000000000000000000000000
00000000000000000000000000000000
00000000000000000000000000000000
00111110001111000100110010111011
00111111100011010011100110001100
00111110111010110101111111101010
00000000000000000000000000000000
00000000000000000000000000000000
00000000000000000000000000000000
00111111101001001100001100100100
00111111110100111101011001010010
00111111101111000100110010111011
00111111101100001000011111101111
00111111101111000100110010111011
00111111110010000001000110000111
00111111000011010011100110001100
00000000000000000000000000000000
00000000000000000000000000000000
00000000000000000000000000000000
00000000000000000000000000000000
00000000000000000000000000000000
00111111101111000100110010111011
01000000000000010111010011000001
01000000000000010111010011000001
00111111111101110010010010110101
00111111001111000100110010111011
00000000000000000000000000000000
00000000000000000000000000000000
00000000000000000000000000000000
00000000000000000000000000000000
00000000000000000000000000000000
00000000000000000000000000000000
00000000000000000000000000000000
00111110111010110101111111101010
00111111101111000100110010111011
00111111001111000100110010111011
00000000000000000000000000000000
00000000000000000000000000000000
00000000000000000000000000000000
00000000000000000000000000000000
00000000000000000000000000000000
00000000000000000000000000000000
00000000000000000000000000000000
00111110111010110101111111101010
00111111101111000100110010111011
00111111010100111101011001010010
00000000000000000000000000000000
00000000000000000000000000000000
00000000000000000000000000000000
00000000000000000000000000000000
00000000000000000000000000000000
00000000000000000000000000000000
00111110101111000100110010111011
00111111100110001111111001011000
00111111110100111101011001010010
00111111100000010111010011000001
00000000000000000000000000000000
00000000000000000000000000000000
00000000000000000000000000000000
00111111100110001111111001011000
01000000010011011111001111101101
01000000100110001111111001011000
01000000101001001100001100100100
01000000011010110101111111101010
00111111111010110101111111101010
00111111001111000100110010111011
00000000000000000000000000000000
00000000000000000000000000000000
00000000000000000000000000000000
00111110101111000100110010111011
00111111111101110010010010110101
01000000011101110010010010110101
01000000110100001110010100011111
01000000110000100010111100100001
01000000001100001000011111101111
00111111001001001100001100100100
00000000000000000000000000000000
00000000000000000000000000000000
00000000000000000000000000000000
00111111001111000100110010111011
00111111011010110101111111101010
01000000000000010111010011000001
01000000111010000110111010110111
01000001000010001100111111000000
01000000100100000010101010111111
00111111001001001100001100100100
00000000000000000000000000000000
00000000000000000000000000000000
00000000000000000000000000000000
01000000101001001100001100100100
01000000011100010100001001010000
01000000000001110101011100100110
01000000111010110101111111101010
01000001001000011101000111110001
01000000110010000001000110000111
00111111100110001111111001011000
00000000000000000000000000000000
00000000000000000000000000000000
00000000000000000000000000000000
01000000101111110011110111101110
01000000100100000010101010111111
01000000000000010111010011000001
01000000111000101000110001010001
01000001000111101110000010111110
01000000110011011111001111101101
00111111101001001100001100100100
00000000000000000000000000000000
00000000000000000000000000000000
00000000000000000000000000000000
01000000000000010111010011000001
00111111111101110010010010110101
00111111101001001100001100100100
01000000110110011011100010111000
01000001000110111110111110001011
01000000110010110000001010111010
00111111100011010011100110001100
00000000000000000000000000000000
00000000000000000000000000000000
00000000000000000000000000000000
00000000000000000000000000000000
00000000000000000000000000000000
00000000000000000000000000000000
01000000111001010111110110000100
01000001001100001000011111101111
01000000111010000110111010110111
00111111101001001100001100100100
00000000000000000000000000000000
00000000000000000000000000000000
00000000000000000000000000000000
00000000000000000000000000000000
00000000000000000000000000000000
00000000000000000000000000000000
01000000110011011111001111101101
01000001001101111110001011101111
01000001000000010111010011000001
00111111110100111101011001010010
00111110101111000100110010111011
00111110001111000100110010111011
00111110101111000100110010111011
00000000000000000000000000000000
00000000000000000000000000000000
00000000000000000000000000000000
01000000010111111001101100011110
01000001001001111011010001010111
01000001000001110101011100100110
00111111111101110010010010110101
00111110100011010011100110001100
00111110100011010011100110001100
00111110101111000100110010111011
00000000000000000000000000000000
00000000000000000000000000000000
00000000000000000000000000000000
00111111100011010011100110001100
01000001000010111100000011110011
01000000111111111111100001001110
01000000000001110101011100100110
00111111101001001100001100100100
01000000000000010111010011000001
00111111101100001000011111101111
00000000000000000000000000000000
00000000000000000000000000000000
00000000000000000000000000000000
00000000000000000000000000000000
00000000000000000000000000000000
00000000000000000000000000000000
00111110100011010011100110001100
00111111100011010011100110001100
00111110001111000100110010111011
00000000000000000000000000000000
00000000000000000000000000000000
00000000000000000000000000000000
00111110001111000100110010111011
00111111000011010011100110001100
00000000000000000000000000000000
00111110001111000100110010111011
00111111000011010011100110001100
00111101101111000100110010111011
00000000000000000000000000000000
00000000000000000000000000000000
00000000000000000000000000000000
00000000000000000000000000000000
00111111001111000100110010111011
00111111110100111101011001010010
00111111111010110101111111101010
00111111110100111101011001010010
00111111100000010111010011000001
00000000000000000000000000000000
00000000000000000000000000000000
00111110100011010011100110001100
01000000000111101110000010111110
01000000011100010100001001010000
01000000010110011011100010111000
01000000001100001000011111101111
01000000001101100110101001010101
01000000001100001000011111101111
00111111110010000001000110000111
00000000000000000000000000000000
00000000000000000000000000000000
00111111110010000001000110000111
01000000100011010011100110001100
01000000101000011101000111110001
01000000011010110101111111101010
01000000001101100110101001010101
01000000001111000100110010111011
01000000010010000001000110000111
00111111110111111001101100011110
00000000000000000000000000000000
00000000000000000000000000000000
00000000000000000000000000000000
00111111100011010011100110001100
01000000000110001111111001011000
01000000000110001111111001011000
01000000001010101010010110001001
01000000010010000001000110000111
01000000010100111101011001010010
00111111111101110010010010110101
00000000000000000000000000000000
00000000000000000000000000000000
00000000000000000000000000000000
00111111100000010111010011000001
01000000000110001111111001011000
01000000001111000100110010111011
01000000010111111001101100011110
01000000010111111001101100011110
01000000010110011011100010111000
00111111111101110010010010110101
00111110111010110101111111101010
00111111001111000100110010111011
00111111111010110101111111101010
01000000010110011011100010111000
01000000100011010011100110001100
01000000100110001111111001011000
01000000100111101110000010111110
01000000100010100100100001011001
01000000011001010111110110000100
00111111111010110101111111101010
00111111001001001100001100100100
00111111100000010111010011000001
00111111111010110101111111101010
01000000001001001100001100100100
01000000001001001100001100100100
01000000001010101010010110001001
01000000010110011011100010111000
01000000011101110010010010110101
01000000011010110101111111101010
01000000000000010111010011000001
00111110111010110101111111101010
00111111000011010011100110001100
00111111001001001100001100100100
00111110101111000100110010111011
00000000000000000000000000000000
00000000000000000000000000000000
00111111001001001100001100100100
01000000010110011011100010111000
01000000100100000010101010111111
01000000001001001100001100100100
00111111000011010011100110001100
01000000000000010111010011000001
01000000100011010011100110001100
01000000110011011111001111101101
01000001000000010111010011000001
01000001000000101110110101011010
01000000101100110111100100100010
01000000001111000100110010111011
00111111111101110010010010110101
00111111100110001111111001011000
00111111001001001100001100100100
01000000001111000100110010111011
01000000110100001110010100011111
01000001000101001001010010001100
01000001001111110011110111101110
01000001010100111101011001010010
01000001001000000101100101010111
01000000101100001000011111101111
01000000001101100110101001010101
00111111110010000001000110000111
00111111001001001100001100100100
01000000101001001100001100100100
01000001001001001100001100100100
01000001001110101101010000100010
01000001001111011100010101010100
01000001010100001110010100011111
01000001001011011001011010111100
01000000101111000100110010111011
01000000001010101010010110001001
00111111101100001000011111101111
00111111100110001111111001011000
01000001000010001100111111000000
01000001011101000011001110000011
01000001010111111001101100011110
01000001001011110000111101010110
01000001010000111010011110111010
01000001001100110111100100100010
01000000101101100110101001010101
01000000000001110101011100100110
00111111100011010011100110001100
00111111101111000100110010111011
01000001000100110001101111110010
01000001011111010000011100011011
01000001011000010001001110111000
01000001001111011100010101010100
01000001011010110101111111101010
01000001011000010001001110111000
01000000111010000110111010110111
01000000000111101110000010111110
00111111101001001100001100100100
00111111100011010011100110001100
01000000110100111101011001010010
01000001001101001111000110111100
01000001001011110000111101010110
01000001001100001000011111101111
01000001011110001001110101001111
01000001011011111100100110110110
01000000111111111111100001001110
01000000001101100110101001010101
00111111101100001000011111101111
00111111100110001111111001011000
01000000100100000010101010111111
01000000111111010000011100011011
01000001000001011101111010001101
01000001000110001111111001011000
01000001011000101000110001010001
01000001011000010001001110111000
01000000111010110101111111101010
01000000000100110001101111110010
00111111100110001111111001011000
00111111100000010111010011000001
01000000010000100010111100100001
01000000101010101010010110001001
01000000101110010101101110001000
01000000110111001010100111101011
01000001010000001011011010000111
01000001010101101100011110000101
01000000111010000110111010110111
01000000000011010011100110001100
00111111101001001100001100100100
00111111000011010011100110001100
00111111101001001100001100100100
01000000000100110001101111110010
00111111111010110101111111101010
01000000011001010111110110000100
01000001001011000001111000100011
01000001011001101111011000011101
01000001000100011010001101011001
01000000010011011111001111101101
00111111110010000001000110000111
00111110101111000100110010111011
00111111000011010011100110001100
00111111001001001100001100100100
00111101101111000100110010111011
00111111111010110101111111101010
01000001000100110001101111110010
01000001010111100010001010000101
01000001000110100111011011110001
01000000011010110101111111101010
00111111101100001000011111101111
00000000000000000000000000000000
00000000000000000000000000000000
00000000000000000000000000000000
00000000000000000000000000000000
00000000000000000000000000000000
00000000000000000000000000000000
00000000000000000000000000000000
00000000000000000000000000000000
00000000000000000000000000000000
00000000000000000000000000000000
00111101101111000100110010111011
00111110100011010011100110001100
00111111110111111001101100011110
01000000100101100000110100100101
01000000111110100001010111101000
01000000111111111111100001001110
01000000100110111110111110001011
00111111010100111101011001010010
00000000000000000000000000000000
00000000000000000000000000000000
00111111110010000001000110000111
01000000011001010111110110000100
01000000101111000100110010111011
01000000111100010100001001010000
01000001000101100000110100100101
01000001001000000101100101010111
01000001000000010111010011000001
01000000100110001111111001011000
01000000000001110101011100100110
00111110111010110101111111101010
01000000001100001000011111101111
01000000100001000110010111110011
01000000001100001000011111101111
00000000000000000000000000000000
00000000000000000000000000000000
00000000000000000000000000000000
00000000000000000000000000000000
00000000000000000000000000000000
00111110001111000100110010111011
00111110111010110101111111101010
01000000001010101010010110001001
01000000011101110010010010110101
01000000001010101010010110001001
00111110001111000100110010111011
00000000000000000000000000000000
00000000000000000000000000000000
00000000000000000000000000000000
00000000000000000000000000000000
00000000000000000000000000000000
00000000000000000000000000000000
01000000000000010111010011000001
01000000011001010111110110000100
01000000101111110011110111101110
01000001000101001001010010001100
01000001001101111110001011101111
01000001000101111000010110111110
01000000100110001111111001011000
00111111010100111101011001010010
00000000000000000000000000000000
00111101101111000100110010111011
00111111001111000100110010111011
00111111100110001111111001011000
01000000001100001000011111101111
01000000101111000100110010111011
01000001000100110001101111110010
01000001000010111100000011110011
01000000101010101010010110001001
00111111101111000100110010111011
00111101101111000100110010111011
00111101101111000100110010111011
00000000000000000000000000000000
00000000000000000000000000000000
00000000000000000000000000000000
00000000000000000000000000000000
00000000000000000000000000000000
00000000000000000000000000000000
00000000000000000000000000000000
00000000000000000000000000000000
00000000000000000000000000000000
00000000000000000000000000000000
00000000000000000000000000000000
00000000000000000000000000000000
00000000000000000000000000000000
00000000000000000000000000000000
00000000000000000000000000000000
00000000000000000000000000000000
00000000000000000000000000000000
00000000000000000000000000000000
00000000000000000000000000000000
00000000000000000000000000000000
00000000000000000000000000000000
00000000000000000000000000000000
00000000000000000000000000000000
00111110101111000100110010111011
00111111111010110101111111101010
01000000010100111101011001010010
01000000100010100100100001011001
01000000100011010011100110001100
01000000010111111001101100011110
00111111111101110010010010110101
00111101101111000100110010111011
00000000000000000000000000000000
00000000000000000000000000000000
00000000000000000000000000000000
00000000000000000000000000000000
00000000000000000000000000000000
00000000000000000000000000000000
00000000000000000000000000000000
00111110001111000100110010111011
00111110111010110101111111101010
00111101101111000100110010111011
00000000000000000000000000000000
00000000000000000000000000000000
00000000000000000000000000000000
00000000000000000000000000000000
00000000000000000000000000000000
00000000000000000000000000000000
00000000000000000000000000000000
00000000000000000000000000000000
00000000000000000000000000000000
00000000000000000000000000000000
00111101101111000100110010111011
00111111001111000100110010111011
00111111100000010111010011000001
01000000000110001111111001011000
01000000010011011111001111101101
00111111110111111001101100011110
00000000000000000000000000000000
00000000000000000000000000000000
00000000000000000000000000000000
00111110001111000100110010111011
00111111100000010111010011000001
00111111101111000100110010111011
00111111100000010111010011000001
01000000011010110101111111101010
01000000110100111101011001010010
01000000110001010010000001010100
01000000010111111001101100011110
01000000000001110101011100100110
00111111001111000100110010111011
00111111000011010011100110001100
00111111111010110101111111101010
00111111100000010111010011000001
00000000000000000000000000000000
00000000000000000000000000000000
00000000000000000000000000000000
00000000000000000000000000000000
00111110100011010011100110001100
00111111101100001000011111101111
00111111011010110101111111101010
00111111010100111101011001010010
01000000000110001111111001011000
01000000001001001100001100100100
00111111100011010011100110001100
00000000000000000000000000000000
00000000000000000000000000000000
00000000000000000000000000000000
00000000000000000000000000000000
00111101101111000100110010111011
00111111000011010011100110001100
00111111000011010011100110001100
00111111111101110010010010110101
01000000010111111001101100011110
01000000100110001111111001011000
01000000101111000100110010111011
01000000101100001000011111101111
01000000010011011111001111101101
00111111011010110101111111101010
00111111100011010011100110001100
00111111001111000100110010111011
00111110100011010011100110001100
00111111010100111101011001010010
00111111111010110101111111101010
01000000010010000001000110000111
01000000100110111110111110001011
01000000110000100010111100100001
01000000100100000010101010111111
00111111111101110010010010110101
00111111110111111001101100011110
00111111100011010011100110001100
00111110001111000100110010111011
00111110100011010011100110001100
00111110111010110101111111101010
00111110101111000100110010111011
00111111100011010011100110001100
01000000000111101110000010111110
00111111111010110101111111101010
00000000000000000000000000000000
00111110111010110101111111101010
00111110111010110101111111101010
00111110001111000100110010111011
00111110001111000100110010111011
00111110001111000100110010111011
00111110001111000100110010111011
00111111001001001100001100100100
00111111111010110101111111101010
00111111101001001100001100100100
00000000000000000000000000000000
00000000000000000000000000000000
00000000000000000000000000000000
00000000000000000000000000000000
00000000000000000000000000000000
00000000000000000000000000000000
00000000000000000000000000000000
00000000000000000000000000000000
00000000000000000000000000000000
00000000000000000000000000000000
00111110101111000100110010111011
00111110100011010011100110001100
00111101101111000100110010111011
00000000000000000000000000000000
00000000000000000000000000000000
00000000000000000000000000000000
00000000000000000000000000000000
00000000000000000000000000000000
00000000000000000000000000000000
00000000000000000000000000000000
00000000000000000000000000000000
00000000000000000000000000000000
00000000000000000000000000000000
00111110001111000100110010111011
00000000000000000000000000000000
00000000000000000000000000000000
00000000000000000000000000000000
00000000000000000000000000000000
00000000000000000000000000000000
00000000000000000000000000000000
00000000000000000000000000000000
00000000000000000000000000000000
00000000000000000000000000000000
00111111010100111101011001010010
00000000000000000000000000000000
00000000000000000000000000000000
00000000000000000000000000000000
00000000000000000000000000000000
00000000000000000000000000000000
00000000000000000000000000000000
00000000000000000000000000000000
00000000000000000000000000000000
00000000000000000000000000000000
00111111101001001100001100100100
00000000000000000000000000000000
00000000000000000000000000000000
00000000000000000000000000000000
00000000000000000000000000000000
00000000000000000000000000000000
00000000000000000000000000000000
00000000000000000000000000000000
00000000000000000000000000000000
00000000000000000000000000000000
00111111101100001000011111101111
00111111001111000100110010111011
00000000000000000000000000000000
00000000000000000000000000000000
00000000000000000000000000000000
00000000000000000000000000000000
00000000000000000000000000000000
00000000000000000000000000000000
00000000000000000000000000000000
00000000000000000000000000000000
00111111100000010111010011000001
00111111011010110101111111101010
00111101101111000100110010111011
00000000000000000000000000000000
00000000000000000000000000000000
00000000000000000000000000000000
00000000000000000000000000000000
00000000000000000000000000000000
00000000000000000000000000000000
00000000000000000000000000000000
00111110101111000100110010111011
00111110111010110101111111101010
00111110001111000100110010111011
00111110101111000100110010111011
00111101101111000100110010111011
00000000000000000000000000000000
00000000000000000000000000000000
00000000000000000000000000000000
00000000000000000000000000000000
00000000000000000000000000000000
00000000000000000000000000000000
00000000000000000000000000000000
00000000000000000000000000000000
00111101101111000100110010111011
00111110100011010011100110001100
00000000000000000000000000000000
00000000000000000000000000000000
00000000000000000000000000000000
00000000000000000000000000000000
00000000000000000000000000000000
00000000000000000000000000000000
00000000000000000000000000000000
00000000000000000000000000000000
00111111000011010011100110001100
00111111101001001100001100100100
00000000000000000000000000000000
00000000000000000000000000000000
00000000000000000000000000000000
00000000000000000000000000000000
00000000000000000000000000000000
00000000000000000000000000000000
00000000000000000000000000000000
00000000000000000000000000000000
00000000000000000000000000000000
00000000000000000000000000000000
00000000000000000000000000000000
00000000000000000000000000000000
00000000000000000000000000000000
00000000000000000000000000000000
00000000000000000000000000000000
00000000000000000000000000000000
00000000000000000000000000000000
00000000000000000000000000000000
00000000000000000000000000000000
00000000000000000000000000000000
00000000000000000000000000000000
00000000000000000000000000000000
00000000000000000000000000000000
00000000000000000000000000000000
00000000000000000000000000000000
00111111001001001100001100100100
00111111000011010011100110001100
01000000000001110101011100100110
01000000110111001010100111101011
01000001000101100000110100100101
01000000101101100110101001010101
00111111101100001000011111101111
00111111001001001100001100100100
00111111011010110101111111101010
00111111000011010011100110001100
01000000000001110101011100100110
00111111100000010111010011000001
00000000000000000000000000000000
01000000010000100010111100100001
01000000101101100110101001010101
01000000011100010100001001010000
00111111001111000100110010111011
00111110101111000100110010111011
00111111001111000100110010111011
00111110111010110101111111101010
01000000011001010111110110000100
01000000000100110001101111110010
00000000000000000000000000000000
00000000000000000000000000000000
00000000000000000000000000000000
00000000000000000000000000000000
00000000000000000000000000000000
00000000000000000000000000000000
00000000000000000000000000000000
00000000000000000000000000000000
01000000100101100000110100100101
01000000110111001010100111101011
01000000101111000100110010111011
01000000011001010111110110000100
00111111101111000100110010111011
00000000000000000000000000000000
00000000000000000000000000000000
00000000000000000000000000000000
00111111001001001100001100100100
00111110100011010011100110001100
01000000010100111101011001010010
01000000111010000110111010110111
01000001001010010010110011110000
01000001001111000100110010111011
01000001001010101010010110001001
01000000101111110011110111101110
00111111111101110010010010110101
00111111001111000100110010111011
00111111010100111101011001010010
00111110101111000100110010111011
00111111001001001100001100100100
01000000000011010011100110001100
01000000100011010011100110001100
01000000110101101100011110000101
01000000111000101000110001010001
01000000010000100010111100100001
00000000000000000000000000000000
00000000000000000000000000000000
00000000000000000000000000000000
00111101101111000100110010111011
00000000000000000000000000000000
00000000000000000000000000000000
00000000000000000000000000000000
00111111100110001111111001011000
01000000001001001100001100100100
00111111001001001100001100100100
00000000000000000000000000000000
00000000000000000000000000000000
00000000000000000000000000000000
00000000000000000000000000000000
00111101101111000100110010111011
00111101101111000100110010111011
00111101101111000100110010111011
00111111101100001000011111101111
01000000011100010100001001010000
01000000010111111001101100011110
00111111100011010011100110001100
00111101101111000100110010111011
00111110101111000100110010111011
00111110111010110101111111101010
00000000000000000000000000000000
00000000000000000000000000000000
00000000000000000000000000000000
00000000000000000000000000000000
00000000000000000000000000000000
00000000000000000000000000000000
00111111001111000100110010111011
00111110111010110101111111101010
00111110001111000100110010111011
00111110100011010011100110001100
00000000000000000000000000000000
00000000000000000000000000000000
00111111101100001000011111101111
00111111110111111001101100011110
00000000000000000000000000000000
00000000000000000000000000000000
00111101101111000100110010111011
00000000000000000000000000000000
00000000000000000000000000000000
00000000000000000000000000000000
00000000000000000000000000000000
00111111010100111101011001010010
01000000110100001110010100011111
01000000110111111001101100011110
01000000100001000110010111110011
01000000011010110101111111101010
01000000010010000001000110000111
00000000000000000000000000000000
00000000000000000000000000000000
00000000000000000000000000000000
00000000000000000000000000000000
01000000011001010111110110000100
01000001000011101011001000100110
01000001000001110101011100100110
01000000110100001110010100011111
01000001000001000110010111110011
01000000111111111111100001001110
01000000000111101110000010111110
00000000000000000000000000000000
00000000000000000000000000000000
00111111010100111101011001010010
01000000100111101110000010111110
01000000111001010111110110000100
01000000011100010100001001010000
00111111101100001000011111101111
01000000100111101110000010111110
01000000111000101000110001010001
01000000001001001100001100100100
00000000000000000000000000000000
00000000000000000000000000000000
01000000000001110101011100100110
01000000110010000001000110000111
01000000111101000011001110000011
01000000011010110101111111101010
00000000000000000000000000000000
01000000000110001111111001011000
01000000100111101110000010111110
00111111101111000100110010111011
00000000000000000000000000000000
00000000000000000000000000000000
01000000000011010011100110001100
01000000110010000001000110000111
01000001000101111000010110111110
01000001000000101110110101011010
01000000101100001000011111101111
01000000110010110000001010111010
01000000110111111001101100011110
01000000000001110101011100100110
00000000000000000000000000000000
00000000000000000000000000000000
00111111101100001000011111101111
01000000011101110010010010110101
01000000110111001010100111101011
01000000111100010100001001010000
01000000110101101100011110000101
01000001000010001100111111000000
01000001000011101011001000100110
01000000010100111101011001010010
00000000000000000000000000000000
00000000000000000000000000000000
00111111000011010011100110001100
00111111101100001000011111101111
01000000000100110001101111110010
01000000000000010111010011000001
01000000000100110001101111110010
01000000110010000001000110000111
01000001000001011101111010001101
01000000011001010111110110000100
00000000000000000000000000000000
00000000000000000000000000000000
00111110100011010011100110001100
00111110111010110101111111101010
00111111000011010011100110001100
00111110001111000100110010111011
00111111101100001000011111101111
01000000110001010010000001010100
01000001000001000110010111110011
01000000010110011011100010111000
00000000000000000000000000000000
00000000000000000000000000000000
00111110100011010011100110001100
00000000000000000000000000000000
00000000000000000000000000000000
00000000000000000000000000000000
00000000000000000000000000000000
00000000000000000000000000000000
00000000000000000000000000000000
00000000000000000000000000000000
00111110101111000100110010111011
00111110101111000100110010111011
00000000000000000000000000000000
00000000000000000000000000000000
00000000000000000000000000000000
00000000000000000000000000000000
00000000000000000000000000000000
00000000000000000000000000000000
00000000000000000000000000000000
00000000000000000000000000000000
00000000000000000000000000000000
00000000000000000000000000000000
00111110111010110101111111101010
00111101101111000100110010111011
00000000000000000000000000000000
00111111000011010011100110001100
00111110101111000100110010111011
00000000000000000000000000000000
00000000000000000000000000000000
00000000000000000000000000000000
00000000000000000000000000000000
00000000000000000000000000000000
00111111101001001100001100100100
00111111100000010111010011000001
00111111010100111101011001010010
01000000001010101010010110001001
01000000101101100110101001010101
01000000110010000001000110000111
01000000100000010111010011000001
00111111101111000100110010111011
00000000000000000000000000000000
00000000000000000000000000000000
01000000000001110101011100100110
00111111100011010011100110001100
00000000000000000000000000000000
00000000000000000000000000000000
00000000000000000000000000000000
00000000000000000000000000000000
00000000000000000000000000000000
00000000000000000000000000000000
00000000000000000000000000000000
00000000000000000000000000000000
01000000010010000001000110000111
01000000011001010111110110000100
00111111101001001100001100100100
00000000000000000000000000000000
00000000000000000000000000000000
00000000000000000000000000000000
00000000000000000000000000000000
00000000000000000000000000000000
00000000000000000000000000000000
00000000000000000000000000000000
01000000001101100110101001010101
01000000101010101010010110001001
01000000110100001110010100011111
01000000111000101000110001010001
01000000101101100110101001010101
00111111110111111001101100011110
00000000000000000000000000000000
00000000000000000000000000000000
00000000000000000000000000000000
00000000000000000000000000000000
00111111101100001000011111101111
01000000010100111101011001010010
01000000101100001000011111101111
01000000111110100001010111101000
01000001000100000010101010111111
01000000110010110000001010111010
01000000000100110001101111110010
00111110001111000100110010111011
00000000000000000000000000000000
00000000000000000000000000000000
00111110100011010011100110001100
00111111010100111101011001010010
00111111101111000100110010111011
01000000010011011111001111101101
01000000100100110001101111110010
01000000001111000100110010111011
00000000000000000000000000000000
00000000000000000000000000000000
00000000000000000000000000000000
00000000000000000000000000000000
00111101101111000100110010111011
00111101101111000100110010111011
00111110001111000100110010111011
00111111100110001111111001011000
01000000001001001100001100100100
00111111110111111001101100011110
00000000000000000000000000000000
00000000000000000000000000000000
00000000000000000000000000000000
00000000000000000000000000000000
