00000000000000000000000000000000
00111111010100000110100001010011
00111111110111010101001110001100
00111111110100111100110111011101
00000000000000000000000000000000
01000000100100001110000000001010
00000000000000000000000000000000
00000000000000000000000000000000
00000000000000000000000000000000
01000000101101101101011011010011
01000000001101001111000010010001
01000000010101011000101111011110
00000000000000000000000000000000
00000000000000000000000000000000
00111111101100100101001001000101
00000000000000000000000000000000
01000000000001001101001110111111
01000000100000010011111010111111
01000000111100111111100100010010
00000000000000000000000000000000
00000000000000000000000000000000
01000000001110000000010000011101
00000000000000000000000000000000
01000000100110001110101011100110
00111111010010010111110000111101
01000000100100001111000000101111
00111111101001011001100001000110
00000000000000000000000000000000
01000000010011000100001001011000
01000000101001010101110010001110
01000000011001000000010010101001
01000000011100111110010000100011
01000000000000011000000000010000
00111101111011011101001100110110
01000000101110111000010000010111
01000000010010100110010001011100
01000000000100110001010001000110
00000000000000000000000000000000
01000000110110001001101000101011
00000000000000000000000000000000
01000000100011011110100110101111
00000000000000000000000000000000
01000000100101011100110100010111
01000000001010011001100001111000
00111101110100110011101111101111
01000000100111101111101110011110
00000000000000000000000000000000
00000000000000000000000000000000
00000000000000000000000000000000
00000000000000000000000000000000
00111111011011011011011000111000
01000000100111100010000111011110
00000000000000000000000000000000
01000000111110100111101111000011
01000000100101000011101100101011
00000000000000000000000000000000
01000000011101110010111100110010
01000000111101001010001001001111
00111111101101001000000001001010
01000000011010011001010010100101
00000000000000000000000000000000
01000000000110100000000110011001
00000000000000000000000000000000
01000000000100111100011011000000
01000000011000010101101100000000
00000000000000000000000000000000
00111110101011110100101001110111
00000000000000000000000000000000
01000000100010001100011101111111
01000000101100100000101001001000
01000000010100000100010010111000
01000000101110110100000100001000
01000000000001100000111010100110
01000000011000001100101000111111
00000000000000000000000000000000
00000000000000000000000000000000
01000000100000101111001111001100
01000000111111010010000011111101
01000000110000011101001000001110
00111111000001110000111101011111
00000000000000000000000000000000
00000000000000000000000000000000
00111111010110111101001011011101
00111110110101001101011001100111
