00000000000000000000000000000000
00000000000000000000000000000000
01000000111101110011011010111101
00111111101010110011000010101100
00000000000000000000000000000000
00000000000000000000000000000000
00000000000000000000000000000000
00000000000000000000000000000000
00111111110100011110100011001011
00000000000000000000000000000000
01000000110101100100101000110010
01000000101111000000000000111110
00000000000000000000000000000000
00000000000000000000000000000000
00111111101111011111101110111011
01000000001000010111111110100010
00000000000000000000000000000000
00111110110001011100100111001010
01000000110010001010110000000000
00000000000000000000000000000000
01000001000011101011111011111101
00000000000000000000000000000000
00000000000000000000000000000000
01000001000111010000101001011100
01000000000110111011111010101111
00111111010001001011100000001000
01000001000001001000010001110101
00000000000000000000000000000000
01000000101010010111100111011110
01000000110000100111000110111000
00000000000000000000000000000000
01000000001011000010100110110011
00111111111010001010001100100011
01000001000111110100010100110000
01000000100101000111000100101111
01000001001010011011111011000001
01000000111001011100000001100011
00000000000000000000000000000000
01000000101100101100101100011001
00000000000000000000000000000000
00000000000000000000000000000000
01000000011101001110010100000010
00111111100000010011100000100111
01000001001100110110111101101010
00000000000000000000000000000000
01000000011100010111001010111100
00000000000000000000000000000000
00000000000000000000000000000000
00000000000000000000000000000000
01000000111110010000101001011101
01000000100011000001111101011111
01000001011100001100010001111011
00000000000000000000000000000000
01000000101111110100100011101001
01000000011100101011100111111011
00111111010001011110100111000111
01000001000001010010000010101001
01000001001010100100001111101100
01000000101000100010010100001010
01000000010011010101001111000000
01000001000000000001110011000011
00000000000000000000000000000000
00000000000000000000000000000000
01000001001111000101101100000010
01000001000111001111011111011111
00000000000000000000000000000000
01000000101001100000011000101100
00000000000000000000000000000000
00111111011111000110010101001001
01000001001010110111100111101001
01000000011001100101101101111011
01000001001010001111010110111001
01000000100100101010100100000000
00000000000000000000000000000000
01000000100000100010111000010000
01000000000011111101000010111110
01000000101000110010110101100100
01000001011000110110000101101110
01000000010111000111100110100010
01000000001010101100001101000000
01000000001011000110101010110001
00111111111000011100111000000000
01000000111111111010000001010011
00000000000000000000000000000000
