00111111100111000011001011100000
01000000010001010111000010100100
01000000010000010100100111010011
00111111100111001101001011101010
00000000000000000000000000000000
00000000000000000000000000000000
00000000000000000000000000000000
00000000000000000000000000000000
00000000000000000000000000000000
00000000000000000000000000000000
00111111110010111100010010011001
01000000011001110100100111110000
01000000100001010010011101100100
01000000011011111101001011100000
01000000011100111100011011010000
01000000110010001001011000000011
01000000110110100111010110011001
01000000000000111111010100101100
00000000000000000000000000000000
00000000000000000000000000000000
00111111010110010011000001011110
01000000001101110011110000001001
01000000100101110011100001011011
01000000101000101110001101100010
01000000110001110101011011000010
01000001000011100110100101110100
01000001000111000000100110111001
01000000100000110011001110101001
00000000000000000000000000000000
00000000000000000000000000000000
00111100110100111111100001010100
00111111111111001010110111101100
01000000100001000110111101011101
01000000100110010110111100110110
01000000101011001110001001011110
01000000110001000000000001011011
01000000101110001110001100111101
00111111111101000110000011110011
00000000000000000000000000000000
00000000000000000000000000000000
00000000000000000000000000000000
00111111101010101010001100011100
01000000011001000000101111100010
01000000100100101111011110101001
01000000100000101000100110000110
01000000001010000110101110101010
01000000000001000111010100000001
00111111011011000010110110001100
00000000000000000000000000000000
00000000000000000000000000000000
00111110101000010000011000111100
01000000000001010101110001000111
01000000011100111110011011101011
01000000011010001110111101101010
01000000000000011101110110001111
00111111101100110111000100111011
01000000001001011010000110110101
01000000000110010010000000101010
00111110110110011100110010100010
00000000000000000000000000000000
00111111110100000101100100101111
01000000001110000011100001111011
01000000001010010000110010000011
00111111101101010000111001100111
00111111011110000110001101010111
00111111110000011110011110101011
00111111110100111100010101110110
00000000000000000000000000000000
00000000000000000000000000000000
00000000000000000000000000000000
01000000000110111100111111011010
00111111111010110101101111001101
00111111010010101110111011111000
00111111100110010011101111011111
01000000000010011101110100110100
00111111110000111100011100001111
00000000000000000000000000000000
00000000000000000000000000000000
00000000000000000000000000000000
00000000000000000000000000000000
01000000010101000101010111000001
01000000010000011111000001010010
01000000010010101111010000110110
01000000100010001101110101100000
01000000101000011011101001011100
01000000100001100111111000101101
01000000001010001110101001110100
00111111000001001110101001011011
00000000000000000000000000000000
00000000000000000000000000000000
01000000101001011101101010111001
01000000110110001010100101101000
01000000111010001101010011011100
01000000111000000110001100110100
01000000110111001000101010111000
01000000110101011000001110101101
01000000110101000111110110000110
01000000110001010110110000111001
01000000011000101000100011110110
00111110111110100011100011101011
00000000000000000000000000000000
00000000000000000000000000000000
00000000000000000000000000000000
00000000000000000000000000000000
00111010001111011111011001000000
00111111010011100110011001110000
00000000000000000000000000000000
01000000000101111001001011000001
01000001000100111110110011101100
01000001000110001011110000000110
00000000000000000000000000000000
00000000000000000000000000000000
00000000000000000000000000000000
00000000000000000000000000000000
01000000101100100111110000100110
01000000001000101010111010010011
00000000000000000000000000000000
00111111111100100010000000101010
01000001001111000110111011001011
01000001010001001000111100100101
00000000000000000000000000000000
00000000000000000000000000000000
00000000000000000000000000000000
01000000011100100101010101001011
01000000110001101111010110110100
00000000000000000000000000000000
00000000000000000000000000000000
01000000000010111101001100100011
01000001011010000100001101011000
01000001010101111000011100101010
00000000000000000000000000000000
00000000000000000000000000000000
00000000000000000000000000000000
01000000010010101101110110101101
00000000000000000000000000000000
00000000000000000000000000000000
00000000000000000000000000000000
01000000110001011001001111100000
01000001100010101111000100101110
01000001010001011001011110001110
00000000000000000000000000000000
00000000000000000000000000000000
00000000000000000000000000000000
00000000000000000000000000000000
00000000000000000000000000000000
00000000000000000000000000000000
00000000000000000000000000000000
01000001010011010011100111001011
01000001100010101000011011111110
01000001000011111010100101100110
00000000000000000000000000000000
00000000000000000000000000000000
00000000000000000000000000000000
00000000000000000000000000000000
00000000000000000000000000000000
00000000000000000000000000000000
01000001000001111111011001110010
01000001100000101000011111110001
01000001010111001010010101100101
01000000110001011111110010000100
00000000000000000000000000000000
00000000000000000000000000000000
00000000000000000000000000000000
00000000000000000000000000000000
00000000000000000000000000000000
01000000100010100111010111010110
01000001010001111110110011001001
01000001010011001100010000101101
01000001000011001010001011111101
01000000101111010010000111100101
00000000000000000000000000000000
00000000000000000000000000000000
00000000000000000000000000000000
00000000000000000000000000000000
00111111111101101100001001000111
01000001000010001000000111010001
01000001000100110011001000110110
01000000110000010011000001101111
01000000110001001010110111110010
01000000111111101100001001011110
00000000000000000000000000000000
00000000000000000000000000000000
00000000000000000000000000000000
01000000010000101110111110100011
01000000111110010000010001111110
01000001000011011100100100000111
01000000101111010110101000100100
01000000100010100000001110011101
01000000111011001110110100000110
01000001000110100011001011010101
00000000000000000000000000000000
00000000000000000000000000000000
01000000010111111011110000100010
01000000111001001001110100011101
01000001000010101101101011100100
01000000111100001000010110001001
01000000101011111000010000110110
01000000101101010010100010100001
01000000111111110010101000110110
01000000111110101000010011110110
00000000000000000000000000000000
00111111011010100010111011100000
01000000010000001111101111110100
01000000101001010011010101001111
01000000101011101011011101100001
01000000100010001001001101010000
01000000100001011100111010011101
01000000101011011111111010100011
01000000110001100100100111101100
01000000100011101001101010001010
00111111000000101001011110010110
00111111110001111000011000111111
01000000000000000000011011000101
00111111111001011111000111101100
00111111000010000010011011110100
00000000000000000000000000000000
00111111100100100001011111111011
01000000100000011011011110101000
01000000101100110001000010010011
01000000011111001100011110001111
00111111001000111000111111001010
00111110110000111101101101010100
00000000000000000000000000000000
00000000000000000000000000000000
00000000000000000000000000000000
00000000000000000000000000000000
01000000001101111100111011010101
01000000100111001010001100100001
01000000100111111101111000001101
01000000001110110100101110001011
00111110010010000011001000101000
00000000000000000000000000000000
00000000000000000000000000000000
00000000000000000000000000000000
00111110110010000101100101111101
01000000100000010001010000000000
01000000101110001011000111110001
01000000101001001111001011011000
01000000011000101101111010001100
00111111110110000011010000110001
00000000000000000000000000000000
00000000000000000000000000000000
00000000000000000000000000000000
00111111110011101001100011001011
01000000101010101101101000110011
01000000111100111000010011100101
01000000110001101111001111001000
01000000011010001000101011001110
00111111111010111101111110011010
00111111100001111011010111111001
00111110001010101000001000000010
00111111000101000110101100100000
01000000001011111010101100101101
01000000110001110101101110101111
01000001000011000000011110111000
01000000111111011011101110101001
01000000100111011010011011000000
01000000010000110001110111010001
01000000001110010001111110011011
01000000001001001000000110001010
00111111001111100001101100001101
01000000010011110010111001100000
01000000110110001010100011011111
01000001000011001011111010000111
01000000111110000011011100011100
01000000101010110111011010110010
01000000100001100010011000100001
01000000101001001111110010001100
01000000101111010110100100000001
01000000100111100001010101110101
00111111111111010111001001100011
01000000101001010001010101111110
01000000111001000001100110010001
01000000110010000000100111111011
01000000100010110100110000011111
01000000011001011011000000001110
01000000100011111010011001110000
01000000101110011001010010010011
01000000101110010001010101011110
01000000100011001110110110001011
01000000001000100100010011111011
01000000010101000101010000110001
01000000001111001011000110001001
00111111111110110011110010000001
00111111101110000000111000011111
00111111110110010101011011000000
01000000000000110001110111001110
00111111111010101000110100110001
00111111101100011110101001011111
00111111011110011101111110100110
00111110100110011110010101010100
00000000000000000000000000000000
00000000000000000000000000000000
00000000000000000000000000000000
00000000000000000000000000000000
00000000000000000000000000000000
00000000000000000000000000000000
00000000000000000000000000000000
00000000000000000000000000000000
00000000000000000000000000000000
00111111101001110001100110001010
01000000100000110011100111110001
01000000101111000101111001001001
01000000100010111000010101100101
00111101111001110011011010100000
00000000000000000000000000000000
00000000000000000000000000000000
00111110000100011100010101100010
01000000000000110001110011010001
01000000001000001110101111011110
00111111010001100000110001111110
00111111010000100000100111001111
00000000000000000000000000000000
00000000000000000000000000000000
00000000000000000000000000000000
00000000000000000000000000000000
00000000000000000000000000000000
00000000000000000000000000000000
00000000000000000000000000000000
00000000000000000000000000000000
00000000000000000000000000000000
00000000000000000000000000000000
00000000000000000000000000000000
00000000000000000000000000000000
00000000000000000000000000000000
00000000000000000000000000000000
01000000100010110111010011000101
01000000011101011010011000001000
00111110001010011001101001010101
00000000000000000000000000000000
00000000000000000000000000000000
00000000000000000000000000000000
00000000000000000000000000000000
00000000000000000000000000000000
01000000100111101010111001011101
01000001001100000001101001101111
01000001001001000011111010010100
01000000011000111000000110110110
00000000000000000000000000000000
00000000000000000000000000000000
00000000000000000000000000000000
00000000000000000000000000000000
00111111111010111011101111101101
01000000111000110010000110000100
01000001010001000011100010111110
01000001001101111100101011010001
01000000011111100111001110001001
00000000000000000000000000000000
00000000000000000000000000000000
00000000000000000000000000000000
00111111010100001100111111010110
01000000011011101010000100001110
01000001000100000110100000101001
01000001010101110101110101100011
01000001010000010111110010101001
01000000100111110010010101000101
00000000000000000000000000000000
00000000000000000000000000000000
00000000000000000000000000000000
01000000001110111000110010011100
01000000100110010100001111111001
01000001001000010011001000111101
01000001011000101010100110000000
01000001010100011011100100111000
01000000111010100011110110001001
01000000000010110110100110010101
00111111111010010011010110011010
01000000101110010011101100110101
01000001000011111010100101011111
01000001000000001011100010010011
01000000111101010010010111100011
01000001000111100000001100010011
01000001000000101011010100010001
01000000010111110010101110101011
00000000000000000000000000000000
00000000000000000000000000000000
00111111100101111111110100010000
01000000011000011110100101110111
01000000010010101100100011111011
00111111100010001110011110001110
00111111111100110100101100110111
00000000000000000000000000000000
00000000000000000000000000000000
00000000000000000000000000000000
00000000000000000000000000000000
00000000000000000000000000000000
00000000000000000000000000000000
00000000000000000000000000000000
00000000000000000000000000000000
00000000000000000000000000000000
00000000000000000000000000000000
00000000000000000000000000000000
00000000000000000000000000000000
00000000000000000000000000000000
00000000000000000000000000000000
00000000000000000000000000000000
00000000000000000000000000000000
00000000000000000000000000000000
00000000000000000000000000000000
00000000000000000000000000000000
00111111001111101011000110110000
00111111101110010010111101101100
01000000000010011001110011101111
01000000100100000011011101101001
01000001000001101011110010101001
01000001001010000001100000000111
01000000110100111101100101110010
00111111000111111100010000110011
00000000000000000000000000000000
00000000000000000000000000000000
01000000000010111110101101111111
01000000101000011111101100111011
01000001000001111011011010011010
01000001010011011010000010001001
01000001100001100011101000111001
01000001100000110111001101010100
01000001001101101101010110000000
01000000101011010001110100110100
01000000001001000011110000100101
01000000000000010011000010001001
00111111111000000100110001101011
01000000011110011001111101011000
01000000110101010100001100000100
01000001000001110101110000000001
01000001000000001000010101010011
01000000101010111001100001101110
01000000001110001101000010110001
01000000000111101010010110000010
01000000100000000001101010011100
01000000100101110110001010110101
00111110101010100010011111101010
00111111100001001011011111001000
01000000000001010111101000101011
00111111010001011001100011000010
00000000000000000000000000000000
00000000000000000000000000000000
00000000000000000000000000000000
01000000000110111011011110001110
01000000110101100111101110101010
01000000110011110100011100001001
00000000000000000000000000000000
00000000000000000000000000000000
00000000000000000000000000000000
00000000000000000000000000000000
00000000000000000000000000000000
00000000000000000000000000000000
00111111100010111111111010011111
01000000111110100011111011001000
01000001000101101000100100100000
01000000101110111001110001110011
00000000000000000000000000000000
00000000000000000000000000000000
00000000000000000000000000000000
00000000000000000000000000000000
00000000000000000000000000000000
00000000000000000000000000000000
01000000000110000110011111111110
01000000100100111110010110111111
01000000000010011101111011010000
00000000000000000000000000000000
00000000000000000000000000000000
00000000000000000000000000000000
00000000000000000000000000000000
00000000000000000000000000000000
00000000000000000000000000000000
00000000000000000000000000000000
00000000000000000000000000000000
00000000000000000000000000000000
00000000000000000000000000000000
00000000000000000000000000000000
00000000000000000000000000000000
00000000000000000000000000000000
00000000000000000000000000000000
01000000011110100010111010110001
01000001000001000000111011100010
01000001001001111010001000011001
01000001000100011100010011101010
01000000100101101111111111101100
00111111100001000001001010000111
00111101111110011001001111000111
01000000111000100000100011010101
01000001001010111001101011000101
01000001011101010111011010011000
01000001100111101100010001100110
01000001101110000101111111100100
01000001101111111101011110100011
01000001101100111100000101110000
01000001100101011010000111110100
01000001010111010110011101100111
01000001000100111001000001001000
01000001000111100110110011111110
01000001011011000100010000011010
01000001100101011100101100101010
01000001101000010101010001111101
01000001100111110000101100111110
01000001100101100000110101001111
01000001100010110110101000110101
01000001011111001110111101000011
01000001010011100111100011010110
01000001000010010101100100101011
01000000000010100000010011001110
01000000010101110110000110001100
00111111100001110000000000000000
00000000000000000000000000000000
00000000000000000000000000000000
00000000000000000000000000000000
00000000000000000000000000000000
00000000000000000000000000000000
00000000000000000000000000000000
00000000000000000000000000000000
01000000001010111100011010000101
01000000100110100101110111101110
01000000100000110000001000000001
01000000001000010111000011111111
01000000100000101001011110001110
01000000111001111000000111111010
01000000100011011010010001011011
00000000000000000000000000000000
00000000000000000000000000000000
00000000000000000000000000000000
01000000010000011001110010001000
01000000101100001010011001011111
01000000101100111101001011101111
01000000101110101000110100000100
01000001000000110010110111111111
01000001001000111001000010110100
01000000101001001001011110000010
00000000000000000000000000000000
00000000000000000000000000000000
00000000000000000000000000000000
01000000001000011011001000101111
01000000100001000110010101000110
01000000100100101001011001101100
01000000100111001010000111000101
01000000110000101100011001001011
01000000101011101111101001100010
00000000000000000000000000000000
00000000000000000000000000000000
00000000000000000000000000000000
00000000000000000000000000000000
00111111111010101100011001110000
01000000001110100110001001010100
01000000010100111000100111001001
01000000001110000110010001001001
00111111111110001001100011000111
00000000000000000000000000000000
00000000000000000000000000000000
00000000000000000000000000000000
00000000000000000000000000000000
00000000000000000000000000000000
01000000000000011010010100100001
01000000000010011000011000101000
00111111110010011011010101001110
00111110111100000111010111101011
00000000000000000000000000000000
00000000000000000000000000000000
00000000000000000000000000000000
00000000000000000000000000000000
00000000000000000000000000000000
00000000000000000000000000000000
01000000000001011110010101000001
00111110111111101000101011111001
00000000000000000000000000000000
00000000000000000000000000000000
00000000000000000000000000000000
00000000000000000000000000000000
00000000000000000000000000000000
00000000000000000000000000000000
00000000000000000000000000000000
00000000000000000000000000000000
01000000000001000100100101010110
00111100010100001000011011011000
00000000000000000000000000000000
00000000000000000000000000000000
00000000000000000000000000000000
00000000000000000000000000000000
00000000000000000000000000000000
00000000000000000000000000000000
00000000000000000000000000000000
00000000000000000000000000000000
01000000100001000111101000110100
01000000010111110100100011110100
01000000000101100101101010110110
00111111110110011111000001101001
00111111111100011010010011100011
01000000001011101001011111001100
01000000010000110011101011110010
00111111100100000001100010000000
00000000000000000000000000000000
00000000000000000000000000000000
01000000110110111010100011110110
01000000111010000001111001101100
01000000111001111010001101000111
01000000111101111000001010011010
01000001000001011001000101010000
01000001000011110101011111001011
01000001000011000011001000001001
01000000110100000110001101001100
01000000010111111100000101001100
01000000000001000011010100101010
00000000000000000000000000000000
00111111011010101111001010100011
01000000100001100011111001000100
01000000110010001010000111010001
01000000110100011000011110100010
01000000110111000101001011110001
01000000111011100011010011010100
01000000101110000101110110110111
00111111111001010001010000001100
00000000000000000000000000000000
00111100101011001011101111101000
01000000010011110111111100010000
01000000111111101010100011011111
01000001000001110100001010011010
01000000101110100110100001110011
01000000011100100010011001110010
01000000100010111010011110001111
01000000010001101000111011111100
00000000000000000000000000000000
00000000000000000000000000000000
00111111010100111111011101000110
01000000100110100111011100000100
01000000111011001111111111000111
01000000100001100111001111010101
00000000000000000000000000000000
00000000000000000000000000000000
01000000000110101000111010001010
00111111110111001101001101001010
00000000000000000000000000000000
00000000000000000000000000000000
00111111101001011010100011100111
01000000100000001000011110111110
01000000010111011110001000101101
00000000000000000000000000000000
00000000000000000000000000000000
00111111011000101100111110111011
01000000110001010111000101011111
01000000011111010110101101010000
00000000000000000000000000000000
00000000000000000000000000000000
00111111100101111000010010001000
01000000000001010011000010000111
00111110111110110001101000010010
00000000000000000000000000000000
00111110101100011001010111010010
01000000110100110001000100010011
01000001000110001110100011001000
01000000011001011101101111010011
00000000000000000000000000000000
00000000000000000000000000000000
00111111011100011110011111011111
00111111010001000110100011010111
00111110010010110011101101110000
00111111111000000100000101001110
01000000110110110000100111000110
01000001001010100100101111110100
01000000111010010001011111001100
00000000000000000000000000000000
00000000000000000000000000000000
00000000000000000000000000000000
00111111011100100001101100100001
00111111101101110111111011010001
01000000001111011011101011110111
01000000111011110110011000010101
01000001001101110011010110001010
01000001000101000001011011100110
00111111111011101000001101100001
00000000000000000000000000000000
00000000000000000000000000000000
00000000000000000000000000000000
01000000000011100001001010000111
01000000101010100100011011110011
01000001000100001101110110100000
01000001001111001001111011110111
01000001001000100011101100110001
01000000100010110011111010010110
00111110001001110101101110001010
00111111001110110100010100011100
01000000000010101010010011011110
00111111110000100010110110110111
01000000101001001100000010001011
01000001000101111010001110011011
01000001001101100001001001011001
01000001000111101111001000000110
01000000101110001000100010001100
01000000000010100011010000101110
01000000000000111011100111001011
01000000011110110000010101010011
01000000010011110000100111100100
00111111000100011001110101111000
01000000111001100001111000000001
01000001000000100111011000000001
01000000110001000011001010010010
01000000010101011111100100011100
00111111011101001110011100110010
00000000000000000000000000000000
00111110101100110011110010010100
00111110001111110100100110010000
00000000000000000000000000000000
00000000000000000000000000000000
00000000000000000000000000000000
00000000000000000000000000000000
00000000000000000000000000000000
00000000000000000000000000000000
00000000000000000000000000000000
00000000000000000000000000000000
00000000000000000000000000000000
00000000000000000000000000000000
00000000000000000000000000000000
00000000000000000000000000000000
00000000000000000000000000000000
00000000000000000000000000000000
00000000000000000000000000000000
00000000000000000000000000000000
00000000000000000000000000000000
00000000000000000000000000000000
00000000000000000000000000000000
00000000000000000000000000000000
00000000000000000000000000000000
00000000000000000000000000000000
00000000000000000000000000000000
00000000000000000000000000000000
00000000000000000000000000000000
00000000000000000000000000000000
00000000000000000000000000000000
00000000000000000000000000000000
00000000000000000000000000000000
00000000000000000000000000000000
00000000000000000000000000000000
00000000000000000000000000000000
00000000000000000000000000000000
00000000000000000000000000000000
00000000000000000000000000000000
00000000000000000000000000000000
00000000000000000000000000000000
00000000000000000000000000000000
00000000000000000000000000000000
00000000000000000000000000000000
00000000000000000000000000000000
00000000000000000000000000000000
00000000000000000000000000000000
00000000000000000000000000000000
00000000000000000000000000000000
00000000000000000000000000000000
00000000000000000000000000000000
00000000000000000000000000000000
00000000000000000000000000000000
00000000000000000000000000000000
00000000000000000000000000000000
00000000000000000000000000000000
00000000000000000000000000000000
00000000000000000000000000000000
00000000000000000000000000000000
00000000000000000000000000000000
00000000000000000000000000000000
00000000000000000000000000000000
00000000000000000000000000000000
00000000000000000000000000000000
00000000000000000000000000000000
00000000000000000000000000000000
00000000000000000000000000000000
00000000000000000000000000000000
00000000000000000000000000000000
00000000000000000000000000000000
00000000000000000000000000000000
00000000000000000000000000000000
00000000000000000000000000000000
00000000000000000000000000000000
00000000000000000000000000000000
00000000000000000000000000000000
00000000000000000000000000000000
00000000000000000000000000000000
00000000000000000000000000000000
00000000000000000000000000000000
00000000000000000000000000000000
00000000000000000000000000000000
00000000000000000000000000000000
00000000000000000000000000000000
00000000000000000000000000000000
00000000000000000000000000000000
00000000000000000000000000000000
00000000000000000000000000000000
00000000000000000000000000000000
00000000000000000000000000000000
00000000000000000000000000000000
00000000000000000000000000000000
00000000000000000000000000000000
00000000000000000000000000000000
00000000000000000000000000000000
00000000000000000000000000000000
00000000000000000000000000000000
00000000000000000000000000000000
00000000000000000000000000000000
00000000000000000000000000000000
00000000000000000000000000000000
00000000000000000000000000000000
00000000000000000000000000000000
00000000000000000000000000000000
00000000000000000000000000000000
00000000000000000000000000000000
00000000000000000000000000000000
00000000000000000000000000000000
00111110100011110011110011110010
01000000100101110100110000100000
01000000111111101001011010010101
01000001000001100100000010000001
01000001000100000001111101001101
01000001001000110010011001101001
01000001000101101100101111111101
01000000101100010100011010000011
00000000000000000000000000000000
00000000000000000000000000000000
00000000000000000000000000000000
01000000011000110000001010101001
01000000011001101100001011110010
00111111100110110000101001010001
00111111111011000000101101010011
01000000110001110011101100100000
01000001000011011110011111100110
01000000110001011011101000111100
00000000000000000000000000000000
00000000000000000000000000000000
00000000000000000000000000000000
00111110111000101100001011001011
00000000000000000000000000000000
00000000000000000000000000000000
00000000000000000000000000000000
01000000100011001100001001000100
01000000111100011001011011110010
01000000100101110100111100011100
00000000000000000000000000000000
00000000000000000000000000000000
00000000000000000000000000000000
00000000000000000000000000000000
00000000000000000000000000000000
00000000000000000000000000000000
01000000000000100001010011111100
01000000111010010101011011111100
01000000110011101000000101010010
01000000000110001001111001001111
00111101001000111000011000111010
00111110100111100010100001001000
00111101111100111001101010101110
00000000000000000000000000000000
00000000000000000000000000000000
01000000010001001000001100110010
01000001000000001000110000000100
01000001000010101100111110011001
01000000011110101101100100111110
00111110100101001111110101011010
00111111100011000001010001100000
00111111100100001000000011010101
00111111010010111011001100100000
00111111100000111010000001111001
01000000100011101101001010110000
01000001000100010100000011010011
01000001001000000101001111101000
01000000101110000010001010011011
00111111100001101011011101101111
00000000000000000000000000000000
00111111101011110110000101111100
00111111110100101010100000000010
01000000001100100001011011110101
01000000101111000111010001100011
01000001000110111110100010000001
01000001001100100001111001100100
01000001000001011000011111000000
01000000100100011101100011010010
01000000010110101111110111011001
01000000010110000000010000101100
00111110010001111001000000001100
01000000001001000101111100000100
01000000110001100010011110111110
01000001000010111011100101110111
01000001000101011010010000001111
01000000111111100000001011011001
01000000110011100110010110100110
01000000111001001010000100010000
01000001000010001100011100010111
01000000111010000110110001110010
00000000000000000000000000000000
01000000001100001011011101010001
01000000101010101010101100100110
01000000101001000001101111001100
01000000011010111100110010000000
01000000000010101110100111010001
01000000001000101100100100001111
01000000101000100100111110001010
01000000110111011111110011111110
01000000101011010100111010101110
00000000000000000000000000000000
00000000000000000000000000000000
00000000000000000000000000000000
00000000000000000000000000000000
00000000000000000000000000000000
00000000000000000000000000000000
00000000000000000000000000000000
00000000000000000000000000000000
00000000000000000000000000000000
00000000000000000000000000000000
00111111100101110111000100110010
01000000001011010100110100000010
01000000011000001111101100100010
01000000100011100011010100011100
01000000101100000010011100111000
01000000101100010000110000011111
01000000100100110100000010011100
01000000010111001101001110110010
01000000011011101100100001100001
01000000010110111011100100100011
00111111110111101100010000010000
01000000010110100101011010111010
01000000010101001010000011110011
01000000001110100100111000100101
01000000010110100100110110101010
01000000100001000101000110101000
01000000011010010101101011111110
01000000001001000100110101100010
01000000011100111010010010100010
01000000011110100111000111110110
00111111111010001111111001011110
01000000001011010111101010111100
00111111100110101110100101111100
00111100000100101111001101111000
00111111110111110001101011001110
01000000100101000010000110001010
01000000100110000111111101101100
01000000010101100101101001101111
01000000011110101000000100011110
01000000011111000000100001111001
00111111101010101000100101001010
00111111101011101010011011101010
00000000000000000000000000000000
00000000000000000000000000000000
01000000011000011111001101100111
01000000110110101001010011101011
01000000110001110001101101011011
01000000010010010000000010001001
01000000000110110111000010100011
01000000001101011101000010100111
00111111010011001110101100100111
00111111010111100110110111100111
00111111010010100001010101101010
01000000001101001010011111000110
01000000110011001100110100001010
01000001000001010010101000010010
01000000101111111111101101110111
00111111111001101000000110101100
00111111100000011110000111101010
00111111111111111010010011000110
00111111100110010111010111001000
01000000000001000100101101101010
01000000011011010111100001110101
01000000110100001001010010100111
01000001000100001011110000010100
01000001000001101001011111101100
01000000100110101001110011110011
00111111111000001110000100100000
00111111111110101110010100101100
01000000010000100100110101001100
01000000000110000011101000001000
01000000100010110000111001111111
01000000111001100110000010000100
01000001000110010101100010110000
01000001000100100011001100011110
01000000110010101001000110011001
01000000100000101000111001000101
01000000011111010000110011011111
01000000100111101110101010111001
01000000100110011010111111000110
01000000011010010101010110000110
01000000101111111010011110010001
01000001000010001011000110101010
01000001000001111101110001110011
01000000110000000000000100101010
01000000100001001010100100100111
01000000100100011111100011010010
01000000101011101101001100000101
01000000101000011001010011100110
01000000011011111100101000011000
01000000100001011001110011100100
01000000101010010100111100101110
01000000101011111001100100001100
01000000100001110000011111100001
01000000010001001100011110011110
01000000010101000001110011100010
01000000100001010000110110111110
01000000010110011011011000100011
00111111110101000100101100100010
00111111100011101010001001000100
01000000010010110100010101101111
01000000000010011011011101111111
00111111101011100101001010001110
00111111100100100110101001101100
00111111101100110010010101100000
00111111111100101011101100011110
00111111111100110001011111101010
00111111000111011010010010100110
00000000000000000000000000000000
00111110100100001000000110000110
00000000000000000000000000000000
00000000000000000000000000000000
00000000000000000000000000000000
00111111001010110101010010001011
01000000100110110000101101110110
01000000110010111111011000100011
01000000111011000111111110111000
01000001000101000111010101010000
01000001000111100000101001001110
01000000111110111001001100011100
00000000000000000000000000000000
00000000000000000000000000000000
00000000000000000000000000000000
00111111000101110011000111010111
01000000100001010000001010000010
01000000010010000110000110010111
01000000010110111001110100101101
01000000111000101100011100010110
01000001001000100010011110101111
01000001000100111110111100100100
00000000000000000000000000000000
00000000000000000000000000000000
00000000000000000000000000000000
01000000000001101100110101100000
01000000010000011110100000111000
00000000000000000000000000000000
00000000000000000000000000000000
01000000101011001000111000100001
01000001001001000001100000101111
01000001000100111101010000010001
00000000000000000000000000000000
00000000000000000000000000000000
00111110100111001110011111110111
01000000000000011010101010110010
00111110100100000101110111111001
00000000000000000000000000000000
00111110000010001100101101000111
01000001000000000000110110110101
01000001010000011101010100100010
01000001000010001000101000100100
00000000000000000000000000000000
00000000000000000000000000000000
00111110001100010010111001011110
00000000000000000000000000000000
00000000000000000000000000000000
00000000000000000000000000000000
01000000100010011110110011011001
01000001001101001110011111100110
01000001001110101000100000101100
01000000101110111110101000010111
00000000000000000000000000000000
00000000000000000000000000000000
00000000000000000000000000000000
00000000000000000000000000000000
00000000000000000000000000000000
01000000010001111101111100001111
01000001000101111100101001100001
01000001010001000001000110011110
01000001000010010100110001001010
01000000010010010101001100111000
00000000000000000000000000000000
00000000000000000000000000000000
00000000000000000000000000000000
00000000000000000000000000000000
01000000011011001000100101110110
01000001000110001110001100111110
01000001010101011001001111010100
01000001010000110100111011111111
01000000111110110001001111110001
01000000100011101011011101101001
00000000000000000000000000000000
00000000000000000000000000000000
00111111000011001101111111101011
01000000100010010101001010010110
01000001000100001010010001110011
01000001010001111010101000000101
01000001010001111001110001100100
01000001001010110110101110101011
01000001000110000100111110001101
01000001000000100101100000100010
00000000000000000000000000000000
00000000000000000000000000000000
01000000000110100010101001110000
01000000110011111011100111101100
01000001000001101010000111011101
01000001000000111010110101101001
01000000110101001111000101110101
01000000110111001101110010001110
01000001000001111101000100111100
01000001000000010110001000010100
00000000000000000000000000000000
00000000000000000000000000000000
01000000000101000011100110100000
01000000100010000100100010011000
01000000100010000111011011110000
01000000010100001000110101011111
01000000000001001111110100101100
01000000001110111110000001001001
01000000100101110001101011101101
01000000100010100100111100010001
01000000000100101001101000110110
01000000101000011011001100100110
01000000110101110011001010001011
01000000111001011000111011101001
01000001000011011101101000011011
01000001000110010100111101001011
01000000110110001001111110010010
01000000001000011101100111100000
00111111001100011001000111000101
00111111110001100100011111111010
01000000010100000111110111000001
01000000110001110110111100000000
01000000110000110100111111000000
01000000100111101001011011101001
01000000101000000000001111100110
01000000110011000000001110010101
01000000100011110101100001011110
00111111100000001101011010011000
00111110010010101010000011110000
01000000000001101110000010101101
01000000001001011001010010010010
01000000011000111001001111001100
00111111110000110000110111000111
00000000000000000000000000000000
00111100100101101101011100110100
01000000010100010111110001011001
01000000001000111001101010000110
00000000000000000000000000000000
00000000000000000000000000000000
01000000000010000000010100101011
00111111100011111110111010110110
00111111000111000001111110110110
00000000000000000000000000000000
00000000000000000000000000000000
00111111100010011001011110010110
01000000100010101010111011110101
01000000010101001010110100011100
00111111001001000011010111110101
00111111001101001010101101101101
01000000000000000011111000111000
00111101100000101111111010110010
00000000000000000000000000000000
00000000000000000000000000000000
00111111100001100101010111000011
01000000100001000010010100011001
01000000101100100001010010000111
01000000010101011110101001111001
00111111010010010010011000100011
00111111000001100110011101110111
00111111100110000011000011101000
00000000000000000000000000000000
00000000000000000000000000000000
00111111101010100101001011101110
01000000100000000000101111010100
01000000101001111100000110100110
01000000011001111010000111010000
00000000000000000000000000000000
00000000000000000000000000000000
00000000000000000000000000000000
00000000000000000000000000000000
00111111011011110100010100110101
01000000000011110101101101000001
01000000100111011110010100011011
01000000111000001000110111000010
01000000101101111010010001001111
01000000000100110101001001011000
00000000000000000000000000000000
00000000000000000000000000000000
00000000000000000000000000000000
00111111010001111101011111011100
01000000101100000010100110100101
01000000111101011011111000001110
01000001000101111011101111011111
01000001000110001001000011011100
01000000111100001101100010111011
01000000110100010000001011011010
01000000110111010000011110111000
01000000110001111001001101010110
01000000100010111011000010010001
01000000001110100101100110110001
01000001000010110011101101101100
01000001000110101010100100011101
01000001000100111001100001110100
01000001000001001011011010110000
01000000111110001000111010111101
01000001000001011000100010011101
01000001000010011101010100100100
01000000110100111010110011111001
01000000011000001100011101010010
01000000000000011101110011100110
01000000101001111110001001100000
01000000100011001111111000001000
01000000010000101010010111011000
01000000000111100010001011010111
01000000000110011110010101001001
01000000001000101110001010110101
01000000000100101111001101110111
00111111010100101110111010111001
00000000000000000000000000000000
00000000000000000000000000000000
00111111101100010100100011100100
00111111010100011111011000110111
00000000000000000000000000000000
00000000000000000000000000000000
00111111111101111001000100100001
01000000010010001010000001101000
00000000000000000000000000000000
00000000000000000000000000000000
00000000000000000000000000000000
00000000000000000000000000000000
01000000001111000100011101101101
01000000100011100001110110001100
01000000101011111001010100100101
01000001000001110010000100111001
01000001001111010111111000000000
01000001001110011010111011000010
01000000100101001011001100011010
00000000000000000000000000000000
00000000000000000000000000000000
00111111001100111110110101001000
01000000010111111101100110100001
01000000101100101101111101100011
01000000110110111111011101100100
01000001000000001110101100010010
01000001000000111101100001011010
01000000101111111111011000101100
00111110010001111101110010100110
00000000000000000000000000000000
00000000000000000000000000000000
00111111111011010011001110101110
01000000001000010010100000010010
01000000010111001100011101100110
01000000010111101011110001100110
01000000000101111000001010001000
00111110001101000110010000001000
00000000000000000000000000000000
00000000000000000000000000000000
00000000000000000000000000000000
01000000000010100000001010110010
01000000000100000110101011110001
00111111011011110101010111101101
00111111001101011010011010100001
00000000000000000000000000000000
00000000000000000000000000000000
00000000000000000000000000000000
00000000000000000000000000000000
00111100011011000001000000110100
01000000010111111011000010000001
01000000100010011110100101110010
01000000000000100001011000111110
00000000000000000000000000000000
00000000000000000000000000000000
00000000000000000000000000000000
00000000000000000000000000000000
00000000000000000000000000000000
00000000000000000000000000000000
01000000001010000010110011000110
01000000010000111000011100111010
00111111101001010110000110011101
00000000000000000000000000000000
00000000000000000000000000000000
00000000000000000000000000000000
00000000000000000000000000000000
00000000000000000000000000000000
00000000000000000000000000000000
00000000000000000000000000000000
00000000000000000000000000000000
00000000000000000000000000000000
00000000000000000000000000000000
00000000000000000000000000000000
00000000000000000000000000000000
00000000000000000000000000000000
00000000000000000000000000000000
00111111110100110110111100100111
01000000010011001010000010000011
01000000000110001001100100111001
00000000000000000000000000000000
00000000000000000000000000000000
00000000000000000000000000000000
00000000000000000000000000000000
01000000011010111101110011010001
01000000101110000011010111011111
01000001000010100000100100011101
01000001001011100101011111000110
01000001001111000010111100000011
01000001001101001101101110000011
01000001000110000111100100101100
01000000110010011011111010011111
01000000100000111110100000011110
01000000010011011001000000111101
01000001000101000110010101001001
01000001010000101101101011010010
01000001010110011010111011111111
01000001010111000110101111110101
01000001010110000100001100010100
01000001010100001011110001101000
01000001001111101100010001010101
01000001000101101101011000100101
01000000110011110010001111011010
01000000011100011010101111110101
00111101110011101110100101001100
00111110110101000111010111000100
00111111100100001000000010011000
01000000001101011000001001100000
01000000011101111101111101000011
01000000010101111110001100111101
00111111100111100100000101000100
00000000000000000000000000000000
00000000000000000000000000000000
00000000000000000000000000000000
00111110000101011100110000111111
00111111111011011001101011010001
01000000100100010000001110101000
01000000111010000000100101100010
01000000111011011110101010001111
01000000110011110000001101111011
01000000101101101101000111101100
01000000100001011111001001101000
01000000000110011110100101000111
00111110101010001010001011000110
00111110001010111011101010100111
01000000001011110001010000010011
01000000110001111011001111000000
01000000111111110011010100110010
01000000110010111101111100111101
01000000101011100111001100001100
01000000111011010100110100110101
01000001000000110011010000011010
01000000101101111101011001000010
00111111101111100111100010111001
00111110011110011110100100111110
01000000000111111001100000001100
01000000100110100100011000111100
01000000100010001100101001111011
00111111111001011011011100011000
01000000000110101100001000110110
01000000110101001010000010100101
01000001000011110011010001111000
01000000101101110110010111010010
00111111100011101011110001111010
00111110100100101001000001001100
00111111100110100011110111110110
00111111101111101101101000001001
00111110101001010011010110000101
00111110010011011101000001010100
01000000010010110001101100100110
01000000111111110111001110001100
01000001000001100010010101011101
01000000100001100000111101001111
00111110111101000100000001011101
00000000000000000000000000000000
00000000000000000000000000000000
00000000000000000000000000000000
00111100110001001010100000100100
01000000000101011001101010010010
01000000110001111100011110001111
01000001000001111011100001111100
01000000110011001100010100011111
01000000001101010000001100011010
00111111100111010100111100010001
00000000000000000000000000000000
00000000000000000000000000000000
00000000000000000000000000000000
01000000000100101111011111000111
01000000101100000101011111110101
01000000111010011000111100001101
01000000110000111110010101001110
01000000001101010011010011011110
00111111001010100010111100001100
00111111010111111001011001110001
00000000000000000000000000000000
00111110001010010011010100100001
01000000000100111101011110001111
01000000101011111110111001100100
01000001000000010001101000110110
01000000111101100010110110001000
01000000100111001011101101011001
00111111110110100001010000010011
00000000000000000000000000000000
00000000000000000000000000000000
01000000001000110110110100000111
01000000100110110110011011011111
01000000111001110010000000110111
01000001000100001001101011100011
01000001000111100000011100011110
01000001000011011100011010110110
01000000111000100101111010001011
01000000101011001111000011010111
01000000001110100010101101110011
00111110011111110111110000001110
01000000101010110010111100010111
01000001000011001011111011011100
01000001001001101100110100101100
01000001001001010011000101111000
01000001000111001011111001011010
01000001000100000010001100010101
01000001000011000010011101101000
01000001000010000011110110110000
01000000110001000100101001111110
01000000001010000000000110010011
00111111101001010101101000011101
00111111000001001100011100010001
00000000000000000000000000000000
00000000000000000000000000000000
00000000000000000000000000000000
00000000000000000000000000000000
00000000000000000000000000000000
00000000000000000000000000000000
01000000000001011110111101000110
01000000011101010000110101001001
00000000000000000000000000000000
00000000000000000000000000000000
00000000000000000000000000000000
00000000000000000000000000000000
00000000000000000000000000000000
00000000000000000000000000000000
00000000000000000000000000000000
00000000000000000000000000000000
01000000001111110011001001111110
01000000011111110001100101001010
00000000000000000000000000000000
00000000000000000000000000000000
00000000000000000000000000000000
00000000000000000000000000000000
00111111111001000001000000110010
01000000010111111000011101001010
01000000011001101101111011001000
01000000011101110110100011000110
01000000100011010000111101010011
01000000100001010101111001000110
00000000000000000000000000000000
00111101011001000010101111000001
00111111011010100100001001010011
01000000010001100010001101110101
01000000101110011110011111111111
01000000110010000010010010101100
01000000101010011010011010010011
01000000010111010111010101110101
01000000001100001000010100011100
01000000010110110011010110001111
00111111011000100010111001011111
00111111111011110011110100111100
01000000010001001011010001001010
01000000100010100111101000111111
01000000101001111010011111010000
01000000100010010010011110010010
00111111111110101000110110111000
00000000000000000000000000000000
00111111100011011000001011110000
01000000010110101001111011011001
01000000000010000000110110010000
01000000010100110110101111111011
01000000100101111110101100100000
01000000101011101011110011010111
01000000100101101110011100101011
01000000000110111011001011100110
00111111100000100000111011110001
01000000000000000000010010010010
01000000101001100001000110100100
01000000110100001011011111000100
01000000010001011110011110111100
01000000100010110010010111001101
01000000101100000110011101100110
01000000101000001010001001001001
01000000010010110100110100101101
01000000001110010100100001110110
01000000101000000111010010011011
01000000111110011110100100101001
01000001000100101111101001010100
01000000111100100110110010011111
00111111111111010100001011011100
00111111111100100001101010011000
00111111011011001000110111101001
00000000000000000000000000000000
00000000000000000000000000000000
00111111100110101000010011101101
01000000011101001100100110101100
01000000100100010111111001000101
01000000011000101100000001000000
01000000000010001001111100011101
00000000000000000000000000000000
00000000000000000000000000000000
00000000000000000000000000000000
00000000000000000000000000000000
00000000000000000000000000000000
00000000000000000000000000000000
00000000000000000000000000000000
00000000000000000000000000000000
00000000000000000000000000000000
00000000000000000000000000000000
00000000000000000000000000000000
00000000000000000000000000000000
00000000000000000000000000000000
00000000000000000000000000000000
00000000000000000000000000000000
00000000000000000000000000000000
00000000000000000000000000000000
00000000000000000000000000000000
00000000000000000000000000000000
00111111001001100100111011010010
01000000000100111000110010001010
01000000110101110110011010101101
01000001001011100100001011010010
01000001010001110100011110001110
01000001010011000001100000100000
01000001010011010011001100001011
01000001001011110110010011001110
01000000110011011010000101101011
00111111110110100110000000111111
00000000000000000000000000000000
01000000010000000010101000010000
01000000110110011110111101111100
01000001000000100100110101100110
01000000110110011010101101101100
01000000110010010000101101111111
01000001000001010001001011011000
01000001000111110101011110100010
01000000111100111111011111110010
01000000010011101001000110111101
00111111010111101011011010011010
00111111100110001000001010011101
00111111101110100011000110100100
00000000000000000000000000000000
00000000000000000000000000000000
00000000000000000000000000000000
00111110101001001011010101001000
01000000011011110100010101111011
01000000001111111110001100101011
00111111001110011000110101101111
00111111001000111000010000110001
00000000000000000000000000000000
00000000000000000000000000000000
00000000000000000000000000000000
00000000000000000000000000000000
00000000000000000000000000000000
00111111111111011001001011110010
01000000001100000100110100111110
00111111001100000111011110111011
00000000000000000000000000000000
00111111001000100100100111010010
00000000000000000000000000000000
00000000000000000000000000000000
00000000000000000000000000000000
00111111001001010111111000000100
01000000100110010000000000001001
01000000101100001010110001111111
01000000001111100100110011001001
00111111001100011110001011111011
00111111000100010101110010000001
00111111011110011100100100100111
00000000000000000000000000000000
00000000000000000000000000000000
00111111011101101110100111111001
01000000100100000001111101010001
01000000101000110101110001011101
00111111110011011001001100101001
00000000000000000000000000000000
00000000000000000000000000000000
00000000000000000000000000000000
00000000000000000000000000000000
00111110000011101111101010011101
01000000001010111101001000001101
01000000101101101010100010100001
01000000110100100000100100101101
01000000011111111110001010010101
00000000000000000000000000000000
00000000000000000000000000000000
00000000000000000000000000000000
00000000000000000000000000000000
00000000000000000000000000000000
01000000111011101011011101110010
01000001001001000000000111000101
01000001001100000110101000001100
01000001001000010010100010011010
01000001000011001110011011011101
01000001000011000111010100001100
01000001000101101001111101100001
01000000111111011100111110111110
01000000011101101111111111110101
00111111001000101101010101111011
01000001001111011000111001101101
01000001010100011100000000101001
01000001010000000000100000011110
01000001001011010110111111101100
01000001001100000001010111011010
01000001010001011111100001100010
01000001010101101010000000111111
01000001001110101001111111001001
01000000111101011111110001011110
01000000100000111011010100101110
01000000100110100010110110011001
01000000100011100101101010000111
01000000011001001010111000011001
01000000001000010001111010111011
00111111111001011111100011111101
00111111110011010110001100110000
00111111111010111001001011100010
01000000000010101000010101101000
01000000000001000010000001010110
00111111111001000011100100010001
