01000000000110000010110110010100
01000000010000100111010100111100
01000000001000010011110010110110
01000000000011100011100000011000
00000000000000000000000000000000
00111111101101101100001110000100
01000000100101011111111010010100
01000000110101010100001100011001
01000000101011000101000010100101
00000000000000000000000000000000
00111111011011101100111010011100
01000000011110011011010001100010
01000000001000100100010100111000
00111111111111110010000100100001
00111101110110011100110010100010
01000000000011000111100010110101
00111111110000010111011010110010
00111111110001010110011010110100
00111110110100111100010101110110
00000000000000000000000000000000
01000000100100100110100111001011
01000000101011011110001111100011
01000000101101101001000110111011
01000000011111110111111000100010
00111111100000001110100000001010
00000000000000000000000000000000
00000000000000000000000000000000
01000000000011101101001100010111
00111111100010000101000101101011
01000001001010110110100110111000
00000000000000000000000000000000
00111111110111101001100101111100
00111111110001101111010110110100
01000000000001011011111010111001
01000001011001101101000100011100
00000000000000000000000000000000
00000000000000000000000000000000
00000000000000000000000000000000
01000001000101101001000000001000
01000001001110010001011011000010
00000000000000000000000000000000
00000000000000000000000000000000
01000000011011001001010100000101
01000001001000100001111011011001
01000000111001100111011000001100
00000000000000000000000000000000
01000000010110101111100110000000
01000001000000110101101000111100
01000000101010110000011010100110
01000001000000110110000000111100
00111111001111101111010010111101
01000000001111111001100110010010
01000000001001000010011111000111
01000000011011010000010101110011
01000000101000011001011000110100
00111110100110111100010011111111
00000000000000000000000000000000
00111111100011011001100110011000
01000000100101011000101111010101
01000000010100101000000000010010
00111110001111110000101110100000
01000000001010010110101110111100
01000000111011010000101010001100
01000000100011101001101110110110
01000000000001011101101011111100
01000000001100011110011001010100
01000000111001111001001001011110
01000000101010000111010001111101
01000000100111010001011101101100
01000000101010000110000001011000
00111111110001001110101011101011
00111111100111010010011111100101
00111111010010001011001001110000
00111111011110000110010001100110
00111111000101110110110100011001
00111111110111100000001100011110
01000000001000111111000111010111
00111100111001110011011010100000
00111101000100011100010101100010
00111111100100100000010001011000
00000000000000000000000000000000
00000000000000000000000000000000
01000000011111110111000110011110
01000000101100000010000101110011
00111101001010011001101001010101
00111111100100010110101010000010
01000000111110110110011011100110
01000001001000110100010010110111
00111111011111100111001110001001
00111111001110111000110010011100
01000001000000011001101010010000
01000001000110111011100010101101
01000000000101111111100100101010
01000000010001010011111001001110
01000000101010100001100010010001
00111110111100110100101100110111
00000000000000000000000000000000
00000000000000000000000000000000
00000000000000000000000000000000
00000000000000000000000000000000
01000000000101110000100110000110
01000000110111111110110100001010
01000001010100001000101111110010
01000000110000001010011010001011
00111111100100101011011001010111
00111111111000001011001100111000
01000000100011111101101011001101
01000000010101100101000110001010
00111111111110011001011011100001
01000000101011110101000000000001
00000000000000000000000000000000
00000000000000000000000000000000
00000000000000000000000000000000
01000000011111101010110000011000
01000000100010110110011110000111
00000000000000000000000000000000
00111111011110100010111010110001
01000000100101011101100001111110
01000000010111010100010011100000
00111110100100111010101111000011
01000001001010011101010000010010
01000001100101000010011111010110
01000001101010110101010000000110
01000001100101001101000101001110
01000001001100100011001001101101
01000000010100000111101000101111
00111111111101010111101010000000
01000000001101010000110011000100
00111111100011011010010001011011
00000000000000000000000000000000
01000000011100110101100110000001
01000000101001110110011000001001
01000000111011111100111110000110
00111111101001001001011110000010
00000000000000000000000000000000
01000000000011101011110000110101
01000000000000111011010111011101
00111110111110001001100011000111
00000000000000000000000000000000
00000000000000000000000000000000
00111111100101010110100000111110
00000000000000000000000000000000
00000000000000000000000000000000
00000000000000000000000000000000
00000000000000000000000000000000
01000000101011011111100110000100
01000000100110000011001111010110
01000000101011110110000111010110
01000000100110111001101010111110
00111111101100011111101100111011
00111111100001011100101010011000
01000000110101110000001110001010
01000000101110000101010110010000
01000000101001010110000001100110
00111110111001010001010000001100
01000000001011110111001111110010
01000000011100010011001001011001
00111110011000101100111110111011
01000000011001000101000110010000
00000000000000000000000000000000
00111111100111110100001101111100
00111111000111000011011110100000
01000000110000110111001100001000
01000000101000110111010111010010
00000000000000000000000000000000
01000000000111101011100110101000
01000000111110100100111100110000
01000001000011001100100110111011
00111111001100001000100010110000
00111111011010111011101110111010
01000000111011111100010001110000
01000000111101100100110111111000
01000000000011100001111111000101
00111111110100001000110110100100
00111111011100110111000101000010
00000000000000000000000000000000
00000000000000000000000000000000
00000000000000000000000000000000
00000000000000000000000000000000
00000000000000000000000000000000
00000000000000000000000000000000
00000000000000000000000000000000
00000000000000000000000000000000
00000000000000000000000000000000
00000000000000000000000000000000
00000000000000000000000000000000
00000000000000000000000000000000
00000000000000000000000000000000
00000000000000000000000000000000
00000000000000000000000000000000
00000000000000000000000000000000
00000000000000000000000000000000
00000000000000000000000000000000
00000000000000000000000000000000
00000000000000000000000000000000
00000000000000000000000000000000
00000000000000000000000000000000
00000000000000000000000000000000
00000000000000000000000000000000
00000000000000000000000000000000
00000000000000000000000000000000
01000000000010001110000010100010
01000000101010010100111011101001
01000000110110100011001001011000
01000000111100000001101000100001
00000000000000000000000000000000
00111101111000101100001011001011
00000000000000000000000000000000
01000000010110111001000111011111
01000000101010001110110110100010
00111111001001001001110110111100
00111110111110001011001110110100
01000000100001001110010101111100
01000001000000011111000000110100
00111111101010000110101001010001
00111111101110001110111001100010
01000000101111001100011010100010
01000001000110001010101100011000
01000000110100111111101111000010
01000000101101001101111011101000
00111111001100001011011101010001
01000000001001110110001101111001
00111111101110110101101100101000
00111111111100111011010000010010
01000000010001011010010111010110
01000000000100001010111110011000
01000000011000110001010100011100
01000000100101001010101011110101
01000000011001000011111101010010
01000000011011100010011000001000
00111111111001110100100100000010
00111110100111000000111101100011
01000000100001011101110110110111
01000000100010111101001000010001
01000000010100011111001010111001
00111111100111011110111001001001
01000000010111010111001110111000
01000001000000001011100100100110
01000000011001100011100010001110
01000000000000000010000011001110
01000000100000101101111101110110
01000001000001110100010111000100
01000000110011001110100010001010
01000000100100000111100000100011
01000000100101001000010100011100
01000000011011001011010101000101
01000000010000110110100000010110
01000000000110101111010100110000
01000000001000010011000110101111
00111111010000111000011011100100
00000000000000000000000000000000
00111110101000010100001100110001
01000000100101000000110100111001
01000000110110011000000000000010
01000001000101000111101010101100
00000000000000000000000000000000
00111111100011100000101010001000
00111111010100111111001111110111
01000000010110000111011111110010
01000001001000001001001011100010
00000000000000000000000000000000
00111101001100010010111001011110
00111111010001111101111100001111
01000001000101010110111010010100
01000000111010100000111100101000
00000000000000000000000000000000
00111111100110101110111010010011
01000001000010110001010100000101
01000001010000101111101010111001
01000000111011111100011010101110
00000000000000000000000000000000
01000000011101111001101001000110
01000000110000010101011100001011
01000000100101001000111100110000
01000000110011001111010000100111
01000000100001101010101110001000
01000000110001111010101000000111
01000000111011101001011010010001
01000000011011001000110101000011
00111111100100011000100110010101
00111111111111000001001111010011
00111110110000110000110111000111
01000000000010110011010011101111
00111111110100001010101010010000
00111111100110101011011100011111
00111100100000101111111010110010
00111111110011000011011000000000
01000000100101000111001100001100
00111111100001000001101000000001
00111110110110110110010010100100
01000000100000101101111101111110
01000000111101111100001100010100
01000000101100001100101001000100
01000000010100100100110110000111
01000000000000001110110000110010
01000000111000000010101001011110
01000000101110000100000010101000
01000000101010001000000011111110
01000000100100101100101110110101
00111111101100010101001000011100
01000000000110010110100100100001
01000000010111101110101111001100
01000000111001000010001110000000
00111111100101001011001100011010
00111110001100111110110101001000
01000000011100001110000111111000
01000000101001100011101101000000
01000000011001101010010100000000
00111101010001111101110010100110
00111111110010001000001110111100
00111110110100100111111001000111
00000000000000000000000000000000
00000000000000000000000000000000
01000000000100110001010000100100
00111111111101000100110011111000
00000000000000000000000000000000
00111110110100110110111100100111
00111111101100101001110011011110
00000000000000000000000000000000
00000000000000000000000000000000
01000000111101110010100100011111
01000001001110111001111011110110
01000001010001101000001010000000
01000001000101001011110010111101
01000000100011001010101010000100
00111111001000010011000000110000
01000000011110111111011100110000
01000000101010010011001111010011
01000000001100100010101001010010
00111111001011101111110110100000
00111111101101001000001100101110
01000000101110100111111001101011
01000000100000000100100001001010
01000000111110011010111110111111
01000000011000010100010010110000
00111110101111101110001000001001
00111110111010110011101000001011
01000000001111110100100001110110
01000000111110011111110100011000
01000000000010111001010001010011
00111101001010010011010100100001
01000000001000011010101100001000
01000000111001001001001000111110
01000000011110001110000000001100
00111110110001001110001010111110
01000000101011000111001010001100
01000001000101000000101001101000
01000001000101100010101111010001
01000000111011100000011001100100
01000000001111101010111001110001
00111110111001111011110110100110
00000000000000000000000000000000
00000000000000000000000000000000
00000000000000000000000000000000
01000000010011100101001000010110
00111100011001000010101111000001
00111111100000000101101000000101
01000000100010101011010100010111
01000000100000011110000101000101
01000000011011000010010101110111
01000000000000101110100011110000
01000000100011001101111100010111
01000000100001010110010000000000
00111111100111110010100101110011
01000000100000011101111001100100
01000000001101001111100010000100
01000000001101110100110110110111
00111111111010001110110000001101
01000000101010011001000000110111
01000000101100111000010000111110
00000000000000000000000000000000
00000000000000000000000000000000
00000000000000000000000000000000
00000000000000000000000000000000
00111110001001100100111011010010
01000000100101101100110001011110
01000001000110010010101101011111
01000001001000001011100011110001
01000001000010111110001001001000
00111111101110011011011111000001
00111111001010010101101000100000
00000000000000000000000000000000
00111111000100110110000000100010
01000000001000101110010011110101
00111110111111111010110110111001
00000000000000000000000000000000
00111111110000111010110001010000
01000000100010000001101101101100
00111111011010101100010110001000
00111110110001011001001011010100
01000000101001000100011011110110
01000001000001010111101011100100
01000000101011001010101001000111
01000000100010101100001110100000
00111111100011111101101010101010
01000001000010001110010010101001
01000000111001110111010110011111
01000000110101100011110011100001
01000000111010001010100111011111
01000000011110100110011111111110
