0.05760747566819191
0.026556000113487244
-0.13518813252449036
0.11563168466091156
0.07802346348762512
0.041598908603191376
0.15654738247394562
0.15863652527332306
0.06563051044940948
-0.1706184297800064
0.10933700203895569
-0.030110744759440422
-0.085734523832798
-0.15238787233829498
0.12090078741312027
0.020881380885839462
0.02176552079617977
-0.05770611763000488
0.09441277384757996
-0.01890280656516552
0.18259277939796448
0.029022231698036194
0.010930589400231838
-0.08042347431182861
-0.016820399090647697
-0.1718328297138214
-0.05090879276394844
0.10135982185602188
0.03908838331699371
-0.06404188275337219
-0.02293805032968521
-0.03613097220659256
-0.01213054545223713
-0.15249831974506378
0.08955329656600952
-0.16245248913764954
-0.09711388498544693
-0.0282730869948864
-0.0836140438914299
-0.05121072009205818
0.1077495813369751
0.10307478904724121
-0.12218117713928223
-0.13487111032009125
0.200982466340065
-0.08743208646774292
0.0634048730134964
-0.18030765652656555
-0.10992538183927536
0.03647089749574661
0.09974031150341034
-0.1731872409582138
-0.17259974777698517
-0.11213409900665283
-0.04121880233287811
-0.11540934443473816
0.04820837080478668
0.10579166561365128
0.009696676395833492
-0.1797139197587967
0.029869381338357925
0.1414678692817688
0.004414025228470564
0.00663637463003397
-0.02631383389234543
0.0753621831536293
-0.12115727365016937
0.12179317325353622
-0.07987473905086517
0.11732339859008789
-0.01252829097211361
-0.15423673391342163
0.03826020658016205
0.12914349138736725
-0.04107541963458061
-0.17421913146972656
0.16510622203350067
0.1636589765548706
-0.09730492532253265
0.16260935366153717
-0.12287425249814987
0.005362985655665398
0.11913377791643143
0.06745258718729019
-0.12913504242897034
0.14787952601909637
0.1321146935224533
-0.13735851645469666
-0.09161228686571121
-0.08262129873037338
0.10112419724464417
0.01342381164431572
0.12457732111215591
0.12293737381696701
0.1335705667734146
-0.1376972645521164
-0.09658490121364594
-0.14416690170764923
-0.14704571664333344
-0.12014511227607727
0.07291284203529358
0.08169515430927277
0.03812054172158241
0.07751178741455078
0.07053754478693008
0.03513225540518761
0.17316284775733948
-0.03287429362535477
-0.12389323115348816
-0.14635035395622253
-0.10490644723176956
0.01630738377571106
-0.15073040127754211
0.07572895288467407
-0.14269167184829712
-0.13783064484596252
-0.03422268107533455
-0.17052236199378967
-0.022589121013879776
-0.09585244208574295
