0.18725112080574036
0.13328465819358826
-0.1673746556043625
0.12583249807357788
0.16917137801647186
0.04675142839550972
-0.04170781373977661
0.05073476582765579
-0.11696860939264297
0.013343396596610546
-0.06570160388946533
-0.07481734454631805
-0.05470108240842819
-0.1891149878501892
-0.04822744429111481
0.059097565710544586
0.1317424178123474
-0.053571462631225586
0.059384025633335114
-0.040526024997234344
-0.16138722002506256
0.09292086213827133
0.1264234483242035
0.022465577349066734
0.13967640697956085
0.0879288762807846
-0.10302787274122238
-0.07646673917770386
0.06025663763284683
-0.15064574778079987
0.06583765894174576
-0.14612820744514465
0.02514774724841118
0.1326269656419754
-0.15705537796020508
0.11007299274206161
0.14355966448783875
-0.10891995579004288
0.12622787058353424
0.19027352333068848
-0.13708250224590302
-0.14035652577877045
-0.053179237991571426
0.12031774967908859
0.03602459654211998
-0.07249954342842102
0.17418372631072998
0.11756591498851776
-0.024479035288095474
-0.06389568746089935
0.08960387855768204
0.19103094935417175
-0.04625706747174263
0.06088296324014664
-0.15090219676494598
-0.16807013750076294
0.12552408874034882
0.16215433180332184
0.04114736616611481
-0.16687166690826416
0.11521495878696442
-0.11529360711574554
-0.10828065127134323
-0.15660621225833893
0.04837873950600624
0.14899957180023193
-0.05639201030135155
-0.008317511528730392
0.14293158054351807
-0.01912587136030197
0.13730888068675995
0.017720963805913925
0.08958355337381363
-0.023610638454556465
-0.0851094052195549
0.016487853601574898
0.09401077032089233
0.12094336003065109
0.12731601297855377
0.023374617099761963
-0.11905098706483841
-0.12852971255779266
0.02232367731630802
-0.043473705649375916
0.02740793488919735
-0.1727028489112854
-0.0047476692125201225
0.026570122689008713
0.20813366770744324
-0.1319778561592102
-0.09075693786144257
-0.055840473622083664
0.05829133465886116
-0.03820347040891647
-0.07762797921895981
-0.04795666038990021
0.12877720594406128
0.020070433616638184
-0.15066973865032196
0.10568652302026749
0.14535288512706757
-0.05515078827738762
-0.03890327364206314
-0.16036586463451385
-0.011062618345022202
0.08395668119192123
0.19568797945976257
-0.10379394888877869
-0.1748102605342865
0.058676350861787796
-0.14719749987125397
0.03191559761762619
0.10610745847225189
0.01606152020394802
-0.11234787851572037
0.1549479067325592
-0.05008705332875252
-0.03526189550757408
-0.13381673395633698
0.1446462720632553
