0.11647023260593414
-0.0810517892241478
-0.13184908032417297
0.07684943079948425
0.16008880734443665
-0.19142259657382965
0.034059662371873856
0.15430065989494324
0.04476092383265495
-0.036928921937942505
0.1012500748038292
-0.10269986093044281
0.13303256034851074
0.10229221731424332
0.04951975494623184
-0.19252315163612366
-0.027170727029442787
0.05819249898195267
-0.12913201749324799
-0.008474471047520638
-0.11956758052110672
0.12806695699691772
-0.04657253623008728
-0.17750555276870728
-0.12369820475578308
-0.11226657778024673
-0.11578163504600525
0.16544705629348755
-0.128016397356987
-0.020944800227880478
-0.09295495599508286
-0.06683375686407089
-0.12854301929473877
0.025543121621012688
0.07546976953744888
-0.0853656679391861
0.055128518491983414
0.11098545789718628
0.013539766892790794
-0.13130174577236176
0.004184408113360405
-0.08052323758602142
-0.10372748970985413
-0.012392919510602951
-0.006643757224082947
0.13635475933551788
0.10826284438371658
0.033100150525569916
-0.18700553476810455
0.08088050037622452
0.07612849026918411
-0.13526682555675507
-0.04006512463092804
0.03687117621302605
-0.17138543725013733
0.13851585984230042
-0.0225590318441391
0.07901439815759659
0.14989066123962402
0.009965581819415092
0.0474412739276886
0.07961959391832352
0.1361510455608368
0.06273511052131653
0.15121285617351532
-0.16356362402439117
-0.1681136041879654
-0.13809125125408173
-0.04870790243148804
0.015782436355948448
0.0900120884180069
-0.04233403876423836
0.0852145180106163
0.046141646802425385
-0.1351134181022644
0.03071797639131546
-0.10890359431505203
0.005299652460962534
0.09663304686546326
0.17453214526176453
-0.13965095579624176
-0.03518369421362877
-0.04046359658241272
-0.0377948097884655
0.07862714678049088
-0.12921074032783508
0.022363727912306786
-0.10404428094625473
0.2148306667804718
-0.16832511126995087
-0.023302488029003143
0.0161149725317955
-0.052729904651641846
0.14344222843647003
-0.019343169406056404
-0.009657437913119793
0.1751406490802765
-0.1302971988916397
-0.07345475256443024
0.02495800331234932
-0.026483135297894478
0.06762774288654327
0.01026243157684803
0.1259663850069046
0.012789588421583176
-0.061067525297403336
0.032263461500406265
0.15586045384407043
0.18125848472118378
-0.062460899353027344
0.011560380458831787
-0.13072973489761353
-0.03420130908489227
-0.011890529654920101
0.002615618286654353
0.01015303935855627
0.062149178236722946
-0.06288061290979385
0.04345615580677986
0.019688626751303673
