-0.13118724524974823
-0.12512269616127014
0.02367817610502243
-0.1851341277360916
0.009709961712360382
0.1325918287038803
0.0680394321680069
-0.14741872251033783
-0.09890356659889221
0.021304136142134666
-0.0015944807091727853
0.0726059079170227
-0.0986243188381195
-0.13339382410049438
-0.01130780577659607
-0.19329115748405457
0.13007858395576477
0.18578267097473145
-0.051464710384607315
-0.1539749950170517
-0.009646687656641006
0.04694116860628128
0.1698082536458969
0.0077524553053081036
-0.07619492709636688
0.12230568379163742
0.05254870653152466
0.11904191225767136
0.0018886820180341601
0.1763075292110443
0.08173294365406036
0.00865410640835762
0.15590085089206696
-0.18111075460910797
0.09662079811096191
-0.06064341589808464
0.13513067364692688
-0.030464334413409233
-0.16426599025726318
-0.05092591419816017
-0.1495332568883896
-0.012121993117034435
0.07294988632202148
-0.08174864947795868
0.1475733071565628
0.026186475530266762
0.09698490798473358
-0.0920751765370369
0.014361418783664703
0.11340571194887161
0.16875754296779633
0.16417603194713593
0.07770910859107971
0.13304705917835236
0.14001703262329102
0.17999674379825592
-0.007174340076744556
0.17102675139904022
0.14632083475589752
-0.17134509980678558
-0.11279106885194778
-0.1110297292470932
0.02185012213885784
-0.12206870317459106
-0.02578553929924965
-0.07496290653944016
-0.11514786630868912
0.059395138174295425
0.19565556943416595
-0.05377810448408127
-0.10000096261501312
0.08525040000677109
0.16029620170593262
0.1720682829618454
0.06256937235593796
0.1845126450061798
0.045939017087221146
-0.14307163655757904
0.07760349661111832
-0.05579478293657303
-0.06502695381641388
-0.13368044793605804
0.14454792439937592
0.1333610713481903
0.14613713324069977
0.12138703465461731
0.10817767679691315
0.11832504719495773
-0.03047330677509308
0.06573064625263214
-0.10302812606096268
-0.024428414180874825
0.05021242797374725
-0.0661998763680458
-0.1297905296087265
0.11065617948770523
0.08089280128479004
-0.13100111484527588
-0.18016968667507172
0.14208874106407166
-0.14831258356571198
0.15503951907157898
0.10122954100370407
0.0774187445640564
-0.02243940159678459
0.12866109609603882
0.019626615568995476
0.11340579390525818
-0.0023747319355607033
0.03859487175941467
-0.00018704765534494072
0.15621742606163025
0.16487081348896027
0.1328674852848053
0.1384093463420868
0.15979228913784027
-0.0601942278444767
0.06059419736266136
-0.15403716266155243
0.01887982152402401
