0.033571451902389526
-0.0558185875415802
0.05843140929937363
-0.09261669963598251
0.07111608237028122
-0.07976294308900833
0.013067559339106083
0.0028131441213190556
0.019839677959680557
-0.16753235459327698
-0.06632580608129501
-0.05518612265586853
0.11931408941745758
0.16759075224399567
-0.09915713220834732
-0.06335849314928055
0.12158182263374329
-0.10687195509672165
-0.028028642758727074
-0.11389993131160736
-0.09612202644348145
0.04073190316557884
0.10837895423173904
-0.02024969272315502
-0.03710264340043068
0.12364207953214645
-0.024327311664819717
-0.10617001354694366
0.11625353991985321
-0.14909401535987854
-0.11488546431064606
-0.10149776190519333
0.06904983520507812
0.09884356707334518
0.08961925655603409
0.05624230206012726
-0.12482225894927979
0.159438818693161
-0.03837466612458229
0.10890643298625946
0.04632067680358887
0.008202001452445984
0.13057291507720947
-0.09780771285295486
0.04831982031464577
0.054029565304517746
0.021226756274700165
-0.16583482921123505
-0.16818532347679138
0.11556480824947357
-0.012603537179529667
-0.01132979616522789
-0.13405518233776093
0.14101721346378326
-0.03542255610227585
0.08806896209716797
-0.010232263244688511
-0.06222129240632057
0.16020610928535461
0.04751061648130417
-0.06922978907823563
-0.09386637061834335
0.12668398022651672
-0.13041555881500244
-0.015171139501035213
-0.14907540380954742
-0.00954632367938757
-0.03778987377882004
-0.1800449788570404
-0.11888465285301208
0.15439701080322266
-0.1049509048461914
0.1478874236345291
0.04901409521698952
0.11786158382892609
0.08454439043998718
-0.14592790603637695
-0.002054769778624177
-0.037948742508888245
0.1566123068332672
-0.056769393384456635
0.07590649276971817
-0.10130646079778671
0.09846004843711853
0.04716628044843674
-0.14949768781661987
-0.016209490597248077
0.09893536567687988
0.04041803255677223
0.06809636950492859
-0.0379783920943737
0.005778856109827757
-0.03212963417172432
-0.0012453747913241386
0.12234193086624146
-0.007136600092053413
0.14453721046447754
0.06237976625561714
0.0016653698403388262
-0.13132570683956146
0.14071977138519287
-0.13338366150856018
-0.014903901144862175
-0.15089012682437897
0.1364540010690689
-0.026828695088624954
0.18685632944107056
-0.05253215879201889
-0.007702253758907318
0.049860432744026184
-0.07599533349275589
-0.10468604415655136
-0.15629172325134277
0.12868531048297882
0.04486822709441185
-0.04491903632879257
0.10594768822193146
0.013906405307352543
-0.0653981864452362
0.03599998727440834
