0.10641288757324219
-0.007248892914503813
-0.15287163853645325
-0.03071931190788746
-0.0819271057844162
0.07828070223331451
-0.1741764396429062
-0.02000543288886547
-0.06632615625858307
-0.14060743153095245
0.02380899339914322
0.06647618114948273
0.038069434463977814
0.018763920292258263
-0.04720218479633331
0.14831453561782837
-0.0013651525368914008
-0.08508511632680893
-0.16776834428310394
-0.06002402305603027
-0.029444269835948944
0.010083177126944065
0.16700157523155212
0.07061100006103516
-0.17995674908161163
0.14274466037750244
0.023840202018618584
-0.17900723218917847
0.028267063200473785
-0.15529870986938477
-0.00631731515750289
-0.017702331766486168
-0.04600558802485466
-0.15372313559055328
0.16563330590724945
-0.13206610083580017
-0.12160492688417435
0.1386089324951172
0.08563326299190521
-0.06411904841661453
-0.1643475741147995
-0.07678235322237015
0.031554415822029114
-0.1449047029018402
-0.08729824423789978
-0.16663849353790283
-0.08832880854606628
0.16228143870830536
-0.006941573694348335
0.16205503046512604
0.01678101345896721
-0.04968496784567833
0.16184046864509583
-0.02499302104115486
0.060939110815525055
0.11933307349681854
-0.036608874797821045
-0.04709132760763168
0.061817754060029984
0.0390082448720932
0.10262472927570343
0.15356802940368652
-0.032823532819747925
0.1369643360376358
0.08207624405622482
0.04848731681704521
-0.11349544674158096
-0.011023390106856823
-0.11481127887964249
0.13627591729164124
0.15080015361309052
-0.07409217953681946
-0.008627468720078468
0.17384712398052216
-0.05572426691651344
0.17598901689052582
-0.010111325420439243
-0.10399789363145828
0.0018589079845696688
-0.0002135182439815253
0.16483473777770996
-0.1687653809785843
-0.10478561371564865
0.12961925566196442
0.09278926253318787
0.13522528111934662
-0.07934416830539703
0.15975184738636017
0.035005390644073486
0.10829280316829681
0.027245372533798218
-0.014757104218006134
0.0006824516458436847
0.16549478471279144
0.013201883062720299
-0.0963924378156662
-0.10336671024560928
-0.09479469805955887
-0.08900844305753708
0.019321877509355545
-0.06493759900331497
0.04498307406902313
0.1632901430130005
0.14461758732795715
0.1283351480960846
-0.059862833470106125
0.11985321342945099
0.07150769978761673
0.1505168378353119
0.16600701212882996
-0.08071448653936386
0.17582088708877563
0.12428104877471924
-0.1361829787492752
-0.011530432850122452
-0.12399070709943771
-0.182794451713562
-0.04859207943081856
0.03335783630609512
0.14340491592884064
