-0.09659015387296677
-0.07188887894153595
0.16013102233409882
0.042258333414793015
-0.08033830672502518
0.01051999069750309
0.08595378696918488
-0.027635544538497925
-0.05621573328971863
-0.054463159292936325
0.14847388863563538
-0.12376420199871063
0.03245498985052109
-0.026890115812420845
0.12096496671438217
0.04283878579735756
-0.005400699097663164
0.04058770835399628
0.018395032733678818
0.03692154586315155
0.02483443170785904
0.02839694358408451
-0.10858546942472458
-0.008711772039532661
-0.1611805111169815
0.08416902273893356
0.015302524901926517
0.17413783073425293
-0.07454338669776917
0.07139168679714203
0.04713068902492523
0.10637472569942474
-0.10621406137943268
0.020511919632554054
-0.131018728017807
-0.1450786590576172
-0.07958447933197021
-0.08684104681015015
-0.08765177428722382
-0.1269083321094513
-0.05961407721042633
0.17452006042003632
-0.07484166324138641
0.09357883036136627
-0.01706947758793831
-0.06382988393306732
0.1620052307844162
-0.08278827369213104
0.08890996128320694
-0.10106327384710312
-0.14005117118358612
-0.02735842578113079
0.16832450032234192
-0.11734623461961746
-0.08487479388713837
-0.1342523992061615
0.1164662092924118
-0.09711051732301712
0.03451104462146759
-0.0825348049402237
-0.0073133809491992
0.14572948217391968
-0.1428791582584381
-0.14228442311286926
-0.12460163235664368
-0.03220066428184509
0.14124122262001038
-0.08792994916439056
0.1452654004096985
-0.11415252089500427
-0.0704563781619072
0.015087790787220001
0.14315299689769745
0.1890847533941269
0.059521548449993134
0.028002804145216942
-0.05543078854680061
-0.11547113209962845
0.08354078978300095
-0.14628106355667114
-0.0535505972802639
0.07671476900577545
-0.12379848957061768
-0.11949881166219711
0.03810776397585869
0.07199593633413315
-0.014814096502959728
0.03136051073670387
-0.03985732048749924
0.10699129104614258
0.18285973370075226
-0.06181427091360092
-0.13646230101585388
-0.07370682060718536
-0.09501989930868149
0.12761908769607544
0.08850571513175964
0.06873901933431625
0.11647975444793701
0.022818999364972115
0.017156526446342468
-0.01465901080518961
0.09533844143152237
0.06341338157653809
0.13676981627941132
-0.19189868867397308
-0.06395873427391052
-0.011059640906751156
-0.08255541324615479
-0.06819941103458405
-0.16813980042934418
-0.02978373132646084
0.029223497956991196
-0.0892607644200325
-0.13822580873966217
0.1307671070098877
0.16491734981536865
0.11749202013015747
-0.0982065349817276
0.09083091467618942
