-0.0611954927444458
-0.2109161913394928
0.1198982447385788
0.07208944857120514
0.08996904641389847
-0.019266674295067787
0.056553177535533905
-0.1533220261335373
0.1831306517124176
-0.008314988575875759
-0.08719410747289658
-0.04638184979557991
-0.036202143877744675
0.08389140665531158
-0.12933379411697388
0.10748835653066635
0.021912099793553352
0.05599718540906906
0.17296943068504333
-0.08529046177864075
-0.10685322433710098
-0.09653667360544205
-0.04251599684357643
0.054899148643016815
-0.06327745318412781
0.007455486338585615
0.04032646864652634
-0.17474770545959473
0.12080998718738556
-0.11388132721185684
0.01008569821715355
-0.05848975479602814
0.020333709195256233
-0.06925728172063828
0.15434379875659943
-0.09881426393985748
0.15115876495838165
0.026192300021648407
-0.13418562710285187
-0.032304488122463226
0.18703192472457886
-0.0677592009305954
-0.12235026061534882
-0.1430346965789795
-0.1491357535123825
-0.07519325613975525
0.03154634311795235
-0.07902608811855316
-0.1569465845823288
0.09911121428012848
-0.029514798894524574
0.021247778087854385
-0.12618768215179443
-0.06436818838119507
-0.03871234878897667
-0.12565675377845764
-0.015702182427048683
0.12910322844982147
-0.05100691318511963
0.06137446314096451
-0.0557771772146225
-0.0939614474773407
0.09569438546895981
0.04068327322602272
-0.0487242229282856
-0.1831042617559433
-0.15457651019096375
0.11130762100219727
0.19427239894866943
0.14308497309684753
0.11122937500476837
-0.05354756861925125
0.17246457934379578
0.02576330490410328
0.04290633276104927
0.03446820750832558
-0.030124494805932045
-0.18817877769470215
-0.02203311398625374
-0.18220995366573334
-0.11459788680076599
0.12616683542728424
-0.06175398454070091
-0.07678044587373734
0.09319838881492615
-0.040379516780376434
-0.055544428527355194
0.14377069473266602
0.009805817157030106
0.07399314641952515
0.1929405778646469
0.05785801634192467
0.04225528985261917
-0.03940136730670929
-0.1259433776140213
-0.1617008000612259
0.1276942789554596
-0.0012034663232043386
0.04315304383635521
-0.11360405385494232
-0.07442081719636917
-0.08652506023645401
0.10701058059930801
0.08479291200637817
-0.04360457882285118
-0.04115099087357521
0.09419777989387512
0.054120983928442
-0.16228793561458588
0.008412023074924946
-0.008312404155731201
0.020618893206119537
0.12324786931276321
-0.011927454732358456
-0.0694785788655281
-0.04978455230593681
0.027510378509759903
0.1678171157836914
0.026639632880687714
0.17800258100032806
