0.060860589146614075
0.05939318984746933
0.008381294086575508
-0.10238771885633469
0.14102160930633545
0.1661081612110138
-0.07457629591226578
-0.12061463296413422
-0.12230764329433441
-0.00960331317037344
0.11266440153121948
0.0586310513317585
0.09280605614185333
0.08838091045618057
-0.12411247938871384
0.14065906405448914
0.12612603604793549
0.07917894423007965
-0.15542536973953247
-0.003988404292613268
-0.1654096096754074
0.04913029819726944
0.04512173682451248
-0.13078631460666656
0.08130215108394623
-0.10440134257078171
-0.17912881076335907
0.08260975033044815
0.006434890441596508
0.08779285103082657
0.15640290081501007
0.10576523840427399
0.1635477989912033
-0.06743749976158142
-0.09872094541788101
-0.10965686291456223
0.1491101086139679
0.15305961668491364
0.1496601104736328
-0.02788788639008999
-0.17803464829921722
-0.059468965977430344
-0.11664131283760071
-0.12032189220190048
0.1080189049243927
-0.14483356475830078
-0.15712372958660126
-0.06178480386734009
-0.06120098754763603
-0.0401216521859169
-0.07286602258682251
-0.09605711698532104
-0.07024050503969193
0.1319316327571869
0.05673327296972275
0.11987495422363281
0.1699693202972412
-0.1728169173002243
0.1488550305366516
-0.1265006810426712
-0.08982203900814056
-0.15666534006595612
0.10311741381883621
0.04099804162979126
-0.05515111982822418
-0.06816597282886505
-0.05941285192966461
-0.015108506195247173
-0.06372694671154022
-0.03779275715351105
-0.10363704711198807
0.12800709903240204
0.17677639424800873
0.05248512700200081
0.04973797872662544
0.0008751302375458181
0.0927044227719307
-0.00691386079415679
0.16638243198394775
0.006145121529698372
0.05882377177476883
-0.018405986949801445
0.14323127269744873
0.18935252726078033
-0.13224872946739197
0.0404847227036953
0.16336199641227722
0.06413149833679199
0.051643140614032745
-0.11924823373556137
0.06727166473865509
-0.03187976032495499
-0.08122851699590683
0.001297131646424532
0.013735208660364151
0.09746190905570984
-0.02038387395441532
0.04093243181705475
-0.11974076181650162
-0.07927969098091125
0.06594297289848328
0.016099704429507256
-0.04415915906429291
0.14113599061965942
0.07860448211431503
-0.13083374500274658
0.03508369252085686
0.1834101527929306
0.15640754997730255
0.14538651704788208
-0.01213323138654232
-0.030109673738479614
0.08020441234111786
0.06833640486001968
0.026813402771949768
0.155779629945755
0.05097825080156326
0.07606475800275803
-0.1275653839111328
0.10339608788490295
