-0.03123205155134201
-0.04430804401636124
-0.13989666104316711
0.091510109603405
0.10862312465906143
0.14009086787700653
0.05613403022289276
0.11417452991008759
0.12647724151611328
0.06501230597496033
-0.021233266219496727
-0.11959997564554214
0.1382560282945633
0.18655525147914886
-0.11127745360136032
-0.022214649245142937
0.19375130534172058
0.1572447568178177
0.147801473736763
-0.09492696076631546
-0.14472632110118866
0.0582425631582737
-0.13715296983718872
-0.13201260566711426
0.14307841658592224
-0.12502256035804749
0.1545412689447403
0.11763137578964233
0.0854451134800911
-0.09504225105047226
-0.13357937335968018
-0.05581102520227432
-0.03274458646774292
0.02510276809334755
0.11475538462400436
0.17850731313228607
-0.12493778765201569
-0.1396108865737915
0.07940910011529922
-0.18887461721897125
0.09633435308933258
0.09447462111711502
0.00983983464539051
-0.023362986743450165
0.016801152378320694
0.006554894149303436
0.026001201942563057
-0.09504280239343643
0.04902287572622299
0.048798974603414536
0.09828381985425949
-0.09925912320613861
0.10337895900011063
-0.010604009963572025
0.21127107739448547
0.05355598032474518
0.09075219929218292
-0.11323349177837372
-0.046724122017621994
0.10398316383361816
0.17618703842163086
0.0019520472269505262
-0.11515897512435913
-0.17535486817359924
0.08526924252510071
0.016979511827230453
0.1812758892774582
-0.05002829059958458
0.08966522663831711
0.1568487584590912
0.1060638278722763
0.07490179687738419
-0.0925988107919693
0.1791062355041504
0.01953204534947872
0.14278332889080048
-0.10265425592660904
-0.19015848636627197
0.07347556203603745
-0.10789872705936432
-0.04935889318585396
-0.15372124314308167
-0.044202934950590134
-0.12999989092350006
0.095319963991642
-0.18310511112213135
-0.11190764605998993
-0.028813907876610756
0.02098206989467144
0.073438361287117
-0.060973308980464935
-0.01709797978401184
0.15881489217281342
0.1827535182237625
-0.06271351128816605
-0.007597657386213541
-0.10210003703832626
0.04178435727953911
0.0478295162320137
-0.07993479073047638
0.04570285603404045
0.06385921686887741
0.04076781123876572
0.07275862246751785
0.19633826613426208
0.09821365773677826
0.1790710687637329
0.013851971365511417
0.049351103603839874
-0.011487603187561035
-0.04412202537059784
0.02327089197933674
-0.13003352284431458
-0.09673363715410233
0.07265564054250717
0.08426094800233841
0.008444486185908318
0.026965424418449402
-0.007574834860861301
0.013101072050631046
