-0.16554993391036987
0.0679725706577301
-0.028848910704255104
-0.02506590262055397
-0.004922737833112478
0.06388536095619202
-0.040379662066698074
-0.14585375785827637
0.05738310143351555
-0.14787450432777405
-0.1524786502122879
-0.13207149505615234
-0.1751483976840973
-0.09351752698421478
-0.05024273321032524
-0.0650014579296112
0.06479945778846741
-0.11514841765165329
0.13684356212615967
0.02301430143415928
-0.16154271364212036
0.017618194222450256
-0.06252611428499222
0.022715752944350243
0.07431630045175552
0.1126791462302208
-0.06021810322999954
-0.0849694088101387
0.035256315022706985
-0.1245291605591774
-0.11160915344953537
0.16756753623485565
-0.005249050445854664
-0.12834692001342773
-0.02124236337840557
-0.11088397353887558
0.01988651044666767
-0.08028343319892883
-0.16112186014652252
-0.14639991521835327
-0.13544043898582458
-0.11215580254793167
0.1617077738046646
-0.10167505592107773
-0.16047616302967072
-0.02817939594388008
0.11897233873605728
-0.055560365319252014
0.07065031677484512
-0.10751038789749146
-0.10393834859132767
0.1583145707845688
0.041651953011751175
0.007882395759224892
-0.08787333965301514
-0.13012757897377014
0.0612151212990284
-0.14973734319210052
0.027930723503232002
0.1449337750673294
0.13541454076766968
0.018388858065009117
0.01369892992079258
0.04675653949379921
0.08728808164596558
0.07197421789169312
0.11334788799285889
-0.036124467849731445
-0.108096644282341
-0.051383569836616516
0.019345324486494064
0.019340550526976585
-0.07867656648159027
-0.09576894342899323
0.16789251565933228
-0.1223401352763176
-0.008669276721775532
0.12927232682704926
-0.09101535379886627
-0.07393818348646164
0.1539313644170761
0.15369968116283417
0.11908820271492004
-0.10856306552886963
-0.060120221227407455
0.09151491522789001
-0.029647300019860268
-0.08389328420162201
-0.08020996302366257
-0.13799956440925598
-0.08741889148950577
-0.011443578638136387
-0.1694771647453308
0.14528313279151917
-0.10195698589086533
-0.10367829352617264
-0.09261538088321686
0.08888918161392212
-0.08168342709541321
0.005956585053354502
-0.11764698475599289
0.018646055832505226
0.02919725514948368
0.10775129497051239
-0.1322832852602005
0.04924511909484863
0.135035902261734
-0.0465581975877285
0.016665328294038773
0.142809197306633
0.044702690094709396
-0.09047453105449677
0.029519427567720413
0.03522473946213722
0.09572111070156097
0.0008891951874829829
-0.13981448113918304
-0.048347536474466324
0.10075262188911438
0.013803540728986263
