-0.021807383745908737
-0.02530132606625557
0.15701599419116974
0.04828368499875069
0.027644027024507523
0.07983693480491638
-0.028702065348625183
-0.14487461745738983
-0.1290062516927719
-0.08961927890777588
-0.05745288357138634
0.005535053089261055
0.038979265838861465
-0.15840646624565125
-0.142734557390213
-0.0725640282034874
-0.12903337180614471
-0.1453079730272293
-0.02369924634695053
-0.09462761878967285
0.016065284609794617
0.07544033974409103
-0.11694356054067612
-0.005394150037318468
0.14429330825805664
0.14087864756584167
-0.14372432231903076
-0.15916995704174042
0.018407117575407028
0.13729286193847656
0.17255082726478577
-0.1373230516910553
-0.002597626531496644
0.1910475343465805
0.1425081044435501
-0.012666580267250538
-0.06328519433736801
-0.04998569190502167
0.13043804466724396
0.14040887355804443
0.1893053501844406
0.17445966601371765
-0.08570442348718643
0.1302294284105301
0.12261330336332321
0.14371417462825775
0.11335089057683945
0.06961488723754883
-0.1045781672000885
-0.09058155864477158
0.16329459846019745
0.13734272122383118
-0.053879786282777786
-0.18403173983097076
-0.013195131905376911
-0.1139201670885086
-0.006925518624484539
0.09652712196111679
0.08166079223155975
-0.14512081444263458
0.01976345106959343
-0.024478791281580925
0.11030982434749603
-0.05226771533489227
-0.0597105547785759
0.16152609884738922
-0.037015341222286224
-0.00034751745988614857
-0.1484982669353485
-0.08084592968225479
-0.0902448445558548
0.04469609633088112
-0.1345653384923935
0.12112022191286087
0.15724825859069824
-0.015511736273765564
0.15254227817058563
0.038133032619953156
-0.007144246716052294
0.11174631118774414
0.16607128083705902
-0.10305796563625336
0.1320173293352127
-0.013862527906894684
0.025774313136935234
-0.048466138541698456
-0.16663460433483124
0.035248417407274246
0.01635463535785675
0.16511979699134827
0.07015977054834366
-0.033969804644584656
-0.02189936861395836
-0.059464145451784134
0.02179013006389141
0.07324860990047455
-0.05573485419154167
-0.16493625938892365
0.07186693698167801
0.03230259567499161
-0.008694776333868504
-0.04769634082913399
0.062773197889328
0.19039450585842133
-0.02782336063683033
-0.0016681777779012918
-0.19693830609321594
0.02486836351454258
-0.05715710297226906
-0.0897505134344101
-0.12398885935544968
0.11139414459466934
-0.04684848338365555
0.04074777290225029
0.1968570500612259
0.06329846382141113
0.11879690736532211
-0.055535826832056046
0.023113176226615906
0.15879717469215393
