0.20904314517974854
-0.015685981139540672
0.08621653914451599
-0.08838631212711334
0.13463209569454193
0.10437378287315369
0.04690912365913391
0.1454511433839798
-0.11471323668956757
-0.0504409559071064
-0.04919445142149925
-0.0934184119105339
0.14157956838607788
-0.043470632284879684
-0.09304871410131454
-0.04734645038843155
-0.15058600902557373
0.11800873279571533
-0.08070202171802521
-0.07815919071435928
0.11241157352924347
-0.03213157877326012
-0.1467222422361374
0.15568746626377106
-0.08223646879196167
0.11298476904630661
-0.0902964398264885
-0.03760869801044464
0.08433743566274643
-0.017323670908808708
0.11830540001392365
-0.06883835792541504
-0.13428959250450134
-0.0008074604556895792
-0.08259158581495285
-0.09583483636379242
0.04003515467047691
-0.018453536555171013
-0.030591484159231186
-0.08184408396482468
-0.10075483471155167
0.04764441400766373
0.1294032782316208
0.03430404141545296
0.02488287352025509
-0.109489805996418
-0.11541100591421127
-0.04129332676529884
-0.1329175978899002
0.14948640763759613
0.11287760734558105
0.1685589700937271
-0.007779676001518965
-0.08241742104291916
-0.1435290426015854
0.11873974651098251
0.18773335218429565
-0.034801654517650604
0.11314834654331207
-0.1062060296535492
0.0015811993507668376
-0.10872507840394974
0.08858516812324524
-0.05193224549293518
-0.1356627196073532
-0.005354063585400581
0.022964155301451683
-0.0929856151342392
-0.06650567054748535
-0.08350476622581482
-0.0321367122232914
0.11848422139883041
0.1737435907125473
-0.018349403515458107
0.13877005875110626
0.034571073949337006
-0.10574449598789215
0.05826688930392265
-0.1826193630695343
0.07165713608264923
-0.08617060631513596
-0.12224706262350082
-0.14187611639499664
-0.031232712790369987
-0.18333646655082703
-0.12587228417396545
0.0028987168334424496
-0.02638920769095421
-0.06024566665291786
0.05259355157613754
0.060236331075429916
-0.13140404224395752
0.01653958670794964
-0.12681475281715393
-0.1303090900182724
-0.05388858541846275
0.08259738981723785
-0.10624454915523529
0.05227605998516083
-0.16562969982624054
0.0640995129942894
-0.05320100858807564
0.13938570022583008
0.14585623145103455
0.1312231719493866
-0.06194839999079704
0.012563064694404602
0.025327110663056374
0.019776426255702972
-0.14938539266586304
-0.024087242782115936
0.03944884240627289
-0.041380371898412704
0.10221457481384277
-0.010495973750948906
0.13888175785541534
0.008311794139444828
-0.1680203527212143
-0.12524832785129547
-0.08271540701389313
