0.023729704320430756
-0.14363469183444977
0.03435693681240082
0.056364014744758606
0.06556704640388489
0.1231391578912735
0.12069886177778244
-0.0066303894855082035
-0.04648064449429512
0.12841923534870148
0.08624880015850067
0.1259627789258957
0.028024643659591675
-0.12006601691246033
-0.1821947544813156
0.057608988136053085
0.14048685133457184
0.15955615043640137
0.1939987689256668
-0.08897591382265091
0.09072364866733551
-0.08735932409763336
-0.08827312290668488
-0.05501488968729973
0.1502293199300766
0.11945588141679764
-0.027236616238951683
0.08142664283514023
0.023244019597768784
-0.06553720682859421
-0.11968740075826645
-0.129050612449646
-0.15789835155010223
0.1634606420993805
0.01718854531645775
0.01385211106389761
-0.15345989167690277
-0.1544637382030487
0.08484078198671341
0.0541987419128418
0.13042420148849487
0.019397573545575142
-0.026071490719914436
0.06371098756790161
0.15108846127986908
-0.0012709280708804727
0.1062028780579567
-0.15922316908836365
-0.07837329059839249
0.07771102339029312
-2.788096753647551e-05
-0.12360956519842148
-0.04466843232512474
0.09347449988126755
-0.1465121954679489
-0.032451268285512924
0.17970874905586243
-0.13192737102508545
-0.0010399597231298685
-0.03684813529253006
-0.1432349532842636
0.08700670301914215
-0.04667661339044571
-0.13405141234397888
-0.0721634104847908
0.170170396566391
0.04566304758191109
-0.1112867072224617
-0.03959411010146141
-0.11791881173849106
-0.01646305061876774
-0.04948154464364052
-0.014818980358541012
-0.10821529477834702
-0.06238652393221855
-0.036486852914094925
0.0498313345015049
0.0195927731692791
-0.0008301677880808711
0.1468702256679535
0.03129018843173981
0.1891862154006958
0.0481436662375927
0.13423877954483032
-0.11094463616609573
0.11251530051231384
0.13917557895183563
0.13059334456920624
-0.026829976588487625
0.10462994873523712
0.08477620780467987
-0.0009188557742163539
0.019939711317420006
-0.04477376118302345
0.1206861138343811
-0.13459359109401703
0.06658677011728287
-0.06941255182027817
-0.03724564611911774
0.06361415237188339
0.14170564711093903
0.11636269092559814
0.06550682336091995
0.035736557096242905
0.09420369565486908
0.06465085595846176
-0.18820823729038239
0.13823822140693665
0.12168671190738678
0.15221966803073883
-0.06453924626111984
-0.08800084888935089
-0.11374670267105103
-0.03573399409651756
0.12871570885181427
0.09206117689609528
0.09724635630846024
-0.10635129362344742
-0.06300316005945206
-0.07566751539707184
