-0.046515706926584244
0.1933911144733429
-0.0027273502200841904
-0.1421351432800293
-0.07732748985290527
-0.14878663420677185
0.09806027263402939
-0.15037325024604797
0.07517866790294647
0.11408036947250366
-0.0630698949098587
-0.06934783607721329
0.09597821533679962
0.12897302210330963
-0.01652892678976059
-0.1552009880542755
0.18297681212425232
-0.01498906034976244
0.09790714085102081
0.10257787257432938
-0.08186469972133636
-0.12922842800617218
-0.1508871465921402
-0.020614823326468468
0.04678243026137352
0.18127544224262238
-0.017191044986248016
-0.11495451629161835
0.11348812282085419
0.12205559760332108
0.12649399042129517
0.02415960095822811
0.05657218396663666
-0.04021112620830536
-0.10677848011255264
-0.035638827830553055
-0.1604296863079071
-0.03196607902646065
-0.03046002797782421
-0.10892970860004425
-0.0982954353094101
0.06290853768587112
-0.08824703097343445
-0.041369106620550156
0.04086873680353165
0.041766244918107986
-0.09359227865934372
0.1250791996717453
-0.06353887915611267
0.008366181515157223
-0.019018949940800667
-0.10252933949232101
0.19308441877365112
0.05040007084608078
0.10736434906721115
-0.04363982379436493
-0.08950845152139664
0.12925414741039276
-0.0856025367975235
-0.005995623767375946
0.07622919231653214
-0.09252163022756577
0.09029292315244675
-0.052578218281269073
-0.018165767192840576
-0.08801214396953583
0.12803424894809723
0.08172500878572464
0.038398515433073044
0.15166345238685608
-0.12692849338054657
0.018682846799492836
0.11965394765138626
0.025335049256682396
-0.144569531083107
-0.04163511469960213
0.07925370335578918
-0.1730373352766037
-0.15461775660514832
-0.1678103804588318
0.02709069475531578
0.006251041777431965
-0.04307990148663521
0.10133200138807297
0.0021708172280341387
0.1504562497138977
-0.028604116290807724
0.12093088030815125
0.02360844612121582
-0.03467078134417534
0.00808730348944664
0.11849747598171234
-0.03131760656833649
0.14456863701343536
0.05857912078499794
-0.050179049372673035
-0.1435205638408661
-0.004276391118764877
-0.138785719871521
0.0428554005920887
-0.08810865879058838
-0.03951520100235939
0.14310333132743835
0.12397653609514236
-0.06980741024017334
-0.12456561625003815
0.023055370897054672
-0.07192571461200714
0.16287852823734283
-0.16758671402931213
0.04910587519407272
0.14211231470108032
-0.04295208677649498
0.13051539659500122
-0.00934016052633524
-0.16441215574741364
0.0852096751332283
-0.10330856591463089
0.012326539494097233
0.17145928740501404
