-0.12002000212669373
-0.04363410547375679
-0.0820000171661377
0.04880699887871742
-0.053746871650218964
-0.13312727212905884
-0.13273607194423676
-0.0983353927731514
-0.09150482714176178
-0.08299735933542252
-0.03791521117091179
-0.1664324402809143
0.1448245346546173
0.13611507415771484
0.182268425822258
-0.10504932701587677
-0.13868018984794617
0.03313493728637695
-0.0690091997385025
-0.08605136722326279
-0.07461909204721451
0.02411501668393612
-0.131025031208992
-0.001405445858836174
0.007617862895131111
0.12205591797828674
0.14322565495967865
-0.1318916380405426
0.032196566462516785
0.17424017190933228
0.18217036128044128
-0.09328630566596985
0.1427408903837204
-0.04888851195573807
0.08188887685537338
0.015500891953706741
-0.026015449315309525
-0.1559225171804428
0.019384900107979774
0.052012789994478226
-0.16841286420822144
-0.1220056340098381
0.17498306930065155
-0.038352224975824356
0.15140576660633087
-0.15551449358463287
-0.16459070146083832
0.021860267966985703
0.14218397438526154
0.02408333122730255
0.033627692610025406
0.12033994495868683
0.16089656949043274
-0.09179498255252838
0.14645938575267792
0.015437445603311062
0.11318612843751907
0.05568140745162964
0.026235967874526978
-0.0877922773361206
-0.10980115085840225
0.09789427369832993
0.17951391637325287
-0.008899815380573273
-0.13423115015029907
0.003458618652075529
0.11604306846857071
-0.01089197676628828
0.15700580179691315
0.008069944567978382
0.09411413222551346
0.12243849039077759
0.11449345201253891
0.20872490108013153
0.15388531982898712
0.13045933842658997
0.14856888353824615
-0.15662790834903717
-0.01328751165419817
-0.00447457330301404
0.023327549919486046
-0.07363917678594589
0.010946539230644703
-0.10642495006322861
-0.04063953086733818
-0.14662833511829376
-0.00531103415414691
0.13041198253631592
-0.11632111668586731
-0.008332261815667152
0.12986315786838531
0.031155100092291832
-0.054313287138938904
-0.07095043361186981
-0.08019684255123138
0.1306021362543106
-0.08766776323318481
-0.041885990649461746
-0.1228797435760498
-0.16389167308807373
-0.15768620371818542
-0.10364678502082825
-0.1310378462076187
-0.06784143298864365
0.06912066042423248
0.04232082888484001
0.06587179750204086
-0.08234145492315292
-0.12604254484176636
0.05426898971199989
0.170740008354187
-0.13543665409088135
-0.10839912295341492
0.13832037150859833
-0.11220718920230865
-0.1757987141609192
-0.012026968412101269
0.17571933567523956
-0.05513279512524605
0.11071914434432983
