-0.12532389163970947
-0.10184330493211746
0.017133668065071106
0.15113894641399384
-0.09157894551753998
-0.13881705701351166
-0.008434348739683628
0.12119638174772263
0.14463382959365845
-0.06889115273952484
0.14130021631717682
-0.13246741890907288
-0.1129266694188118
-0.009754253551363945
-0.12448517978191376
0.11559398472309113
-0.05133971944451332
0.0770815759897232
-0.15513035655021667
0.04260306432843208
0.14882852137088776
0.16245412826538086
-0.06614530831575394
-0.1104055792093277
-0.07461163401603699
-0.04130818694829941
-0.06827748566865921
0.1180485188961029
-0.05043071508407593
-0.0271980632096529
0.008970417082309723
0.1417696624994278
0.1290469914674759
0.1630963832139969
0.0602102130651474
0.055680789053440094
-0.10203295946121216
0.16886365413665771
0.09889943152666092
-0.04398277774453163
-0.015082774683833122
0.16513365507125854
-0.13324657082557678
-0.11872710287570953
-0.04122107848525047
0.009247757494449615
0.07042398303747177
-0.11712968349456787
0.015128552913665771
-0.008414698764681816
-0.10992743819952011
0.1420268416404724
0.13851319253444672
0.09517230093479156
-0.051982197910547256
-0.024119611829519272
0.182221457362175
-0.027608981356024742
0.019148658961057663
-0.01781763695180416
0.11405982077121735
0.02916623279452324
0.08166971802711487
-0.02542025037109852
-0.13239458203315735
0.08537705987691879
0.07407574355602264
0.06737498939037323
0.1481267213821411
0.09422694891691208
0.13964277505874634
-0.009047779254615307
0.017872808501124382
-0.15687231719493866
0.13683295249938965
-0.14316387474536896
-0.07808022201061249
0.08777535706758499
-0.08368368446826935
-0.00269311317242682
0.17919938266277313
-0.06279383599758148
-0.15823228657245636
0.17121827602386475
-0.20941808819770813
0.11301673203706741
0.12377335131168365
-0.16336113214492798
-0.08782828599214554
0.14007750153541565
0.0871221274137497
0.07094834744930267
0.12414753437042236
-0.09019279479980469
0.06757736206054688
-0.09603850543498993
-0.1796107292175293
-0.1713746339082718
-0.13060157001018524
-0.16722509264945984
0.17860600352287292
0.05621212720870972
-0.06230498477816582
0.03167412057518959
-0.012191709131002426
0.14311645925045013
0.16424232721328735
-0.1213562861084938
0.03470039740204811
0.13543520867824554
-0.079137422144413
0.08199720829725266
-0.012557150796055794
0.022658320143818855
0.0778651311993599
0.11545383185148239
-0.15706217288970947
0.031679097563028336
-0.06636980175971985
-0.07240893691778183
