0.01613883674144745
0.055277545005083084
-0.08973684906959534
-0.10333491861820221
0.03992588818073273
0.0008683238411322236
0.0640285462141037
-0.16719824075698853
-0.02649308554828167
-0.05915739759802818
0.10280130058526993
0.05256730318069458
0.1947982758283615
0.17884786427021027
0.17641709744930267
-0.10070005059242249
0.107120580971241
-0.08220592886209488
0.1335299015045166
0.020115405321121216
-0.007209241855889559
-0.07740627974271774
0.13818928599357605
0.13625554740428925
0.1359790712594986
-0.12391306459903717
-0.03475109487771988
-0.05701533704996109
0.15962865948677063
-0.06267073005437851
0.12488772720098495
0.0368821956217289
-0.0025146170519292355
-0.08950129896402359
0.04790903255343437
0.08031720668077469
-0.10272971540689468
-0.15282393991947174
-0.09151023626327515
0.056374598294496536
-0.01014313381165266
-0.14545375108718872
-0.04917643591761589
0.04628739878535271
-0.11591947823762894
0.019826892763376236
0.041007641702890396
0.16894538700580597
-0.008494865149259567
-0.13092292845249176
0.12048247456550598
0.02130213752388954
0.13758507370948792
-0.05270663648843765
-0.10587058216333389
0.08718442171812057
-0.140993133187294
-0.09048278629779816
0.08265940845012665
-0.0846056193113327
-0.15284177660942078
0.09505443274974823
0.09780918806791306
0.020554639399051666
-0.0034109167754650116
0.17910002171993256
0.0883944034576416
0.17098236083984375
-0.114855095744133
0.1404554694890976
-0.005428771022707224
0.11151568591594696
0.13429513573646545
0.09413165599107742
-0.03590176999568939
-0.08896655589342117
0.0049623302184045315
-0.1241813600063324
0.10672611743211746
-0.028124697506427765
0.12355008721351624
0.05550568923354149
0.09952657669782639
0.15383514761924744
0.20490485429763794
-0.1667790412902832
0.16766314208507538
-0.0713891088962555
0.09917333722114563
0.11279822140932083
0.07693170011043549
0.16998140513896942
0.077874094247818
0.10401162505149841
-0.08840569108724594
-0.1609499156475067
-0.16743537783622742
-0.11237301677465439
-0.11086209863424301
0.13922381401062012
-0.07687100768089294
-0.1291929930448532
-0.1214202269911766
0.031477101147174835
-0.11295444518327713
0.1247938945889473
-0.09791280329227448
-0.0664464607834816
-0.06254119426012039
0.11382056772708893
-0.016096193343400955
-0.15609978139400482
-0.08196298778057098
0.15185600519180298
-0.13941292464733124
-0.030093926936388016
0.010318787768483162
0.08621541410684586
-0.013887540437281132
-0.14972762763500214
