-0.004265442490577698
0.1493598073720932
0.09280546754598618
-0.05311361700296402
0.1156950369477272
-0.061417173594236374
0.12189802527427673
0.19570223987102509
0.1376136839389801
-0.12714362144470215
-0.13847875595092773
0.09271197021007538
0.07584695518016815
-0.02931925840675831
-0.07244347780942917
0.20985756814479828
-0.11074045300483704
-0.06324673444032669
-0.00241005327552557
-0.020089972764253616
-0.145589217543602
-0.025397062301635742
-0.006181157194077969
-0.014370872639119625
0.10463529825210571
0.16345936059951782
-0.05798012763261795
0.17234604060649872
-0.06376498192548752
-0.1377565711736679
0.06332466751337051
0.09192774444818497
-0.18976089358329773
0.12479867041110992
0.08305565267801285
0.00661741616204381
-0.10996197909116745
-0.02028399519622326
-0.059310637414455414
0.007065954618155956
-0.0636005848646164
-0.03577796369791031
0.034976281225681305
0.08717820048332214
-0.1548452079296112
0.008294576779007912
-0.11409087479114532
0.018293987959623337
0.1380724161863327
-0.08038637042045593
-0.1331329643726349
-0.03201558440923691
0.06332239508628845
-0.1128900945186615
-0.18262676894664764
-0.04443356767296791
-0.004566427320241928
-0.031350016593933105
-0.025114934891462326
0.09718997776508331
0.054566603153944016
0.108319953083992
0.020433463156223297
0.010520395822823048
0.15772764384746552
-0.038350172340869904
0.04883010685443878
-0.1275828331708908
-0.14839033782482147
-0.12731195986270905
-0.02039940468966961
0.1712246537208557
-0.08065106719732285
-0.1201673373579979
-0.01264586765319109
-0.19503630697727203
-0.1664879024028778
0.11011664569377899
0.10379636287689209
0.07270738482475281
0.22447121143341064
-0.12009420990943909
0.1462724208831787
0.029444262385368347
0.16260673105716705
-0.02457379177212715
0.03633006662130356
-0.16352413594722748
-0.15620124340057373
0.1806013435125351
0.13798610866069794
-0.11618398129940033
-0.022601354867219925
-0.0669727474451065
0.1569969356060028
0.04429714009165764
-0.006641209125518799
-0.09225136041641235
0.1840595304965973
-0.10111109912395477
-0.05728485435247421
-0.009614598006010056
0.11320386081933975
0.08013420552015305
-0.16785095632076263
0.033309873193502426
-0.017421672120690346
0.042864397168159485
-0.015126212500035763
-0.17124997079372406
-0.08517175167798996
-0.06951376050710678
-0.004314210265874863
0.11796117573976517
-0.13279737532138824
0.11910457909107208
0.08699534833431244
-0.08678501844406128
0.08588363230228424
0.14557600021362305
