0.05325847491621971
0.13428764045238495
-0.056598126888275146
0.07661654055118561
0.1723622977733612
0.24616774916648865
-0.009953174740076065
0.0032115953508764505
-0.15116803348064423
0.20860043168067932
-0.1759546995162964
-0.2679722011089325
-0.130228653550148
0.09424102306365967
0.09014246612787247
-0.05186043307185173
0.07953055948019028
0.11171529442071915
-0.15483756363391876
-0.24344502389431
-0.0857202559709549
-0.16166888177394867
-0.22815372049808502
-0.3539603352546692
-0.27493831515312195
-0.06142260506749153
-0.15575695037841797
-0.2219724953174591
-0.2928970456123352
-0.09076765924692154
0.19643378257751465
-0.14212049543857574
0.1349979043006897
0.10041072219610214
0.06877093017101288
-0.2754795551300049
0.13716453313827515
-0.0757371261715889
-0.17435875535011292
0.0857323706150055
0.3195765018463135
0.130963996052742
-0.04390861093997955
0.12173453718423843
-0.18390044569969177
0.17159923911094666
0.1349911391735077
-0.2578797936439514
-0.11802982538938522
0.042344387620687485
-0.21789851784706116
-0.32009801268577576
-0.15007241070270538
-0.010850316844880581
-0.05301719903945923
0.25762468576431274
0.12092632055282593
0.3616485893726349
-0.20568206906318665
-0.2041148990392685
-0.2638225853443146
0.2704026401042938
0.1844155639410019
0.20534765720367432
-0.035385794937610626
0.15750367939472198
0.1500011831521988
0.14531727135181427
0.15964318811893463
0.16631107032299042
0.13851934671401978
0.15399879217147827
0.23529531061649323
0.2792128920555115
0.010034430772066116
-0.13629887998104095
0.2456880360841751
-0.0010153533658012748
0.1776486337184906
0.20597946643829346
-0.13573461771011353
0.2212124913930893
-0.0725296288728714
0.04003661870956421
