-0.1648251712322235
7.615101640112698e-05
-0.18589527904987335
0.3262503743171692
-0.2202685922384262
0.18182677030563354
-0.1606997847557068
-0.03914066404104233
0.1559687703847885
0.2035420835018158
-0.20848555862903595
-0.33099478483200073
-0.14745962619781494
0.019636929035186768
0.23516333103179932
0.2591700553894043
-0.3024039566516876
-0.22293592989444733
0.3434820771217346
0.008291317149996758
-0.2350560426712036
0.22785815596580505
-0.11733338981866837
-0.2508005201816559
0.21341121196746826
0.3083813488483429
-0.16278886795043945
-0.004970837850123644
-0.20247167348861694
-0.021845964714884758
0.3007849156856537
0.24007825553417206
-0.13805268704891205
0.07829399406909943
0.19894011318683624
-0.14634224772453308
0.10256349295377731
-0.016817087307572365
-0.11129814386367798
0.09180555492639542
-0.11920924484729767
0.10008400678634644
-0.2864556312561035
0.173043355345726
0.2030068337917328
0.1303076446056366
-0.23003144562244415
-0.10391726344823837
-0.2009052336215973
-0.013222702778875828
0.024274826049804688
0.1539733111858368
-0.24525387585163116
0.17745143175125122
-0.2344983071088791
0.14265701174736023
-0.082576684653759
0.028789475560188293
0.15451842546463013
0.12966151535511017
0.1449173092842102
-0.10099420696496964
0.16067947447299957
-0.2535604238510132
-0.2928788363933563
-0.10794685035943985
-0.1148478165268898
0.18496142327785492
-0.27346792817115784
0.1394558548927307
-0.16475503146648407
-0.11383209377527237
-0.1798950880765915
-0.18440599739551544
0.04973684623837471
0.13017970323562622
0.2971418499946594
-0.19520804286003113
-0.10165157169103622
-0.17379139363765717
0.23088619112968445
0.1386902779340744
-0.06934262812137604
0.12550626695156097
