0.09626564383506775
-0.08926863223314285
-0.1267373114824295
0.015495579689741135
0.15369625389575958
0.027279440313577652
-0.07056970149278641
0.07036440819501877
-0.11566280573606491
-0.07310567051172256
0.14271147549152374
-0.1383773386478424
-0.12721869349479675
-0.07625629752874374
-0.030626555904746056
-0.09780942648649216
0.1384487748146057
-0.14862434566020966
0.03967176377773285
0.1368151307106018
0.07173862308263779
-0.11904551088809967
-0.14421050250530243
0.13600477576255798
0.0915934219956398
0.15569742023944855
-0.011429627425968647
-0.04295622557401657
-0.1287485510110855
-0.1330144703388214
0.018333036452531815
-0.1365658938884735
-0.11880221962928772
-0.05850089341402054
0.12024873495101929
-0.024973826482892036
-0.0031259101815521717
0.01981363818049431
0.15752233564853668
-0.16254247725009918
-0.13304781913757324
-0.12532950937747955
-0.16677629947662354
0.052981480956077576
0.01914808340370655
-0.002258253749459982
-0.022197777405381203
-0.08532433211803436
-0.16407005488872528
-0.13157790899276733
0.12605534493923187
0.15790978074073792
-0.1644514501094818
0.09528350830078125
0.03572087362408638
0.10809732973575592
-0.015314016491174698
-0.14076803624629974
-0.012280727736651897
-0.028264284133911133
-0.1251739263534546
0.02736951783299446
-0.13225474953651428
0.05195547640323639
0.14672167599201202
-0.10915828496217728
-0.14009104669094086
-0.1552150994539261
-0.1472133994102478
0.1503254920244217
-0.06714444607496262
0.07363207638263702
0.14613227546215057
-0.032218415290117264
-0.1781827211380005
-0.04393269494175911
0.10348200798034668
-0.020185010507702827
0.047817084938287735
0.12280482798814774
-0.14861610531806946
0.11105144023895264
0.05641341209411621
-0.12735384702682495
-0.030980538576841354
0.08463367819786072
0.12355286628007889
-0.04457833245396614
-0.009075230918824673
-0.1706632524728775
0.051590435206890106
-0.048624735325574875
-0.12560468912124634
-0.00768218282610178
0.09229110181331635
0.09357935190200806
0.05998209863901138
-0.11159396916627884
-0.1344667375087738
-0.09975764155387878
0.08478947728872299
0.11963791400194168
-0.11311651021242142
0.052467867732048035
0.027612295001745224
-0.11716979742050171
0.10097254067659378
-0.1517418622970581
-0.10394160449504852
-0.1465156525373459
0.17028865218162537
-0.050062600523233414
-0.12600216269493103
0.08840340375900269
-0.10949292033910751
-0.10909201204776764
0.11958153545856476
0.05485238879919052
0.012748842127621174
0.010164282284677029
