-0.13941851258277893
-0.029239537194371223
-0.0711154118180275
-0.08689874410629272
-0.03430424630641937
-0.11079602688550949
-0.04851433262228966
-0.02352406084537506
-0.11125223338603973
0.14472202956676483
-0.014426212757825851
-0.17279808223247528
0.11416565626859665
0.010551907122135162
0.024707255885004997
-0.11530351638793945
0.11508621275424957
0.15181513130664825
-0.09905441850423813
-0.01078657153993845
-0.0051913075149059296
0.05306894704699516
0.007593508344143629
0.002206177683547139
-0.001964377472177148
0.1231251209974289
-0.0018101391615346074
-0.04282710701227188
-0.011501945555210114
-0.018672874197363853
-0.124972864985466
0.04175950959324837
-0.02030707336962223
-0.07224167138338089
-0.03602253645658493
-0.08937778323888779
0.16633303463459015
0.15936149656772614
-0.14574262499809265
0.16631372272968292
-0.004359082318842411
-0.06989825516939163
0.13794775307178497
-0.05474390834569931
-0.13797321915626526
0.12883366644382477
-0.06569218635559082
-0.09168531000614166
0.06501278281211853
0.054757725447416306
0.058098409324884415
0.055681709200143814
0.1026461198925972
-0.14962278306484222
-0.04781593382358551
0.11543788760900497
0.1479998528957367
0.09386934340000153
-0.14158587157726288
-0.027199693024158478
0.1361844390630722
-0.09885015338659286
0.11720901727676392
-0.04670578986406326
0.1760905236005783
0.1088324636220932
-0.015135955065488815
0.08915743976831436
-0.06043315678834915
-0.004590433090925217
-0.12762391567230225
0.1149623915553093
0.1459590494632721
0.0736064538359642
-0.039859481155872345
-0.14554636180400848
0.08478476107120514
-0.07834004610776901
0.000497475964948535
-0.02643202617764473
0.058842983096838
0.07464209944009781
0.03237204626202583
-0.08963967114686966
0.1456688642501831
0.11755899339914322
-0.05093807727098465
-0.10624625533819199
-0.1311980038881302
0.09629817306995392
0.15611569583415985
-0.10370928794145584
-0.14167770743370056
0.0552859790623188
-0.14884673058986664
0.17958176136016846
-0.04152364283800125
-0.09952062368392944
0.15693075954914093
-0.16058461368083954
0.16895267367362976
0.05383671447634697
-0.011189396493136883
-0.1300453394651413
-0.15429289638996124
-0.06786590069532394
-0.08906397968530655
-0.13011321425437927
0.07709886133670807
-0.06016070768237114
-0.046294763684272766
-0.09089048206806183
-0.008896424435079098
0.018611641600728035
-0.14836037158966064
0.17178694903850555
-0.08841202408075333
0.047424037009477615
0.16853679716587067
0.13912099599838257
