-0.00908298883587122
0.07214216887950897
-0.12065773457288742
-0.1616966426372528
0.12015681713819504
0.02655840292572975
-0.16664749383926392
0.15382879972457886
-0.10428230464458466
0.02520943433046341
0.072881780564785
0.03432891517877579
-0.009855005890130997
0.15673679113388062
0.009442238137125969
-0.07471913844347
0.0873333215713501
0.15754929184913635
-0.04340103268623352
0.00819714367389679
0.10124887526035309
-0.10383675992488861
-0.14063572883605957
0.07287344336509705
0.06378841400146484
0.07605588436126709
6.507289072033018e-05
0.015044663101434708
0.1029033362865448
-0.12675857543945312
0.10675803571939468
0.15633513033390045
-0.015506582334637642
-0.01911206543445587
0.005187525413930416
-0.04315299913287163
-0.0683978796005249
0.01959385722875595
0.08101798593997955
0.10367726534605026
-0.11612366884946823
-0.03401775658130646
-0.1366225630044937
0.05573692172765732
-0.08976004272699356
-0.03928084298968315
-0.1198623925447464
-0.04333930462598801
0.14585311710834503
-0.049668584018945694
-0.03120126947760582
-0.0569453127682209
0.1302717626094818
-0.022331226617097855
0.045174501836299896
0.06878433376550674
-0.017694300040602684
-0.019167892634868622
-0.1432383805513382
0.030904803425073624
-0.12205172330141068
0.08871112018823624
0.08333119750022888
-0.11260918527841568
0.1594008207321167
-0.1399858593940735
0.018725881353020668
0.13492101430892944
0.019974010065197945
0.020980123430490494
0.09440112859010696
0.1320856511592865
0.12886272370815277
-0.1336253583431244
-0.02383989281952381
-0.0670526772737503
0.09783115983009338
-0.08730080723762512
0.17255878448486328
0.1486772745847702
-0.157550647854805
0.1508224457502365
0.02046232298016548
0.11366526037454605
-0.08613799512386322
-0.03566071763634682
-0.15600286424160004
0.03893081843852997
-0.0013053987640887499
0.19286321103572845
-0.0018919016001746058
0.07762971520423889
0.05355767533183098
-0.12777680158615112
-0.05581499636173248
-0.08936958760023117
0.09350898861885071
-0.15389123558998108
-0.11532615125179291
-0.04246606305241585
-0.0028655959758907557
0.10563001036643982
0.13636986911296844
0.15986937284469604
-0.15544521808624268
-0.024349674582481384
0.08885776996612549
0.07473104447126389
0.012650941498577595
-0.062238406389951706
0.07304573804140091
0.09103184938430786
-0.08402515947818756
0.09666674584150314
0.09954049438238144
0.12166225165128708
-0.11883164197206497
-0.023342158645391464
0.08243871480226517
0.00878080539405346
