-0.15356115996837616
0.11324246227741241
-0.11380275338888168
-0.10709358751773834
0.08376923948526382
0.00313566904515028
-0.0475897453725338
-0.0630417913198471
-0.021830568090081215
-0.15093663334846497
-0.06524938344955444
-0.033378612250089645
0.014944490976631641
0.15391553938388824
0.09835430979728699
-0.043116044253110886
0.01081432681530714
0.04054015129804611
-0.09728316217660904
0.13964752852916718
0.16649536788463593
0.1702021211385727
-0.042626090347766876
-0.03310214728116989
0.019054539501667023
-0.020352479070425034
0.04113615304231644
0.036961641162633896
-0.02275969088077545
-0.13591335713863373
-0.16003742814064026
-0.15090201795101166
-0.05620544031262398
-0.1566983163356781
-0.16028693318367004
0.16197159886360168
0.07765509933233261
0.05838276818394661
0.12972763180732727
-0.03081635572016239
-0.16986314952373505
0.062204670161008835
0.15935780107975006
-0.1493740826845169
0.06511911749839783
-0.11487430334091187
-0.15332730114459991
0.034613944590091705
-0.0049762362614274025
-0.15128590166568756
-0.05440518632531166
-0.02697364240884781
-0.058196064084768295
-0.046938613057136536
0.17090262472629547
-0.05954606831073761
-0.1618451476097107
-0.04284314438700676
0.08603151142597198
-0.11971359699964523
0.06195874139666557
0.004228998441249132
0.1436641365289688
-0.16530846059322357
-0.03010350465774536
0.061045609414577484
-0.09870981425046921
0.09165824949741364
0.037815071642398834
0.11180378496646881
0.05178803950548172
-0.09981347620487213
-0.021430419757962227
-0.05679688602685928
-0.1435544639825821
-0.059847477823495865
-0.09630685299634933
-0.05567985028028488
-0.022735971957445145
-0.016922999173402786
-0.024808479472994804
0.00423954613506794
0.026323813945055008
-0.10837466269731522
-0.050707582384347916
-0.06593074649572372
0.012910380028188229
0.14093200862407684
-0.09263713657855988
-0.08730468153953552
-0.11899178475141525
-0.07256724685430527
-0.08593463897705078
0.02749996818602085
-0.06376989930868149
0.13985823094844818
0.05715668201446533
-0.10891178250312805
0.15894323587417603
0.04290991649031639
0.15766607224941254
0.15044087171554565
-0.12479875981807709
-0.09819290786981583
-0.09104497730731964
0.005865540821105242
-0.15550021827220917
-0.15629702806472778
-0.051317036151885986
-0.025634082034230232
-0.03767644241452217
-0.08745650947093964
0.04248718544840813
0.15833286941051483
-0.08285229653120041
-0.03858839347958565
0.13810910284519196
0.01251598633825779
-0.0255135390907526
-0.013960887677967548
