0.027293408289551735
-0.20097345113754272
0.07639246433973312
-0.023206600919365883
-0.08145605772733688
-0.08221422135829926
0.082496277987957
-0.16873200237751007
0.06197424232959747
0.043760526925325394
-0.03169409558176994
0.1183895543217659
-0.12253574281930923
-0.10639318078756332
-0.07324056327342987
-0.05836442485451698
0.054557666182518005
-0.1013544425368309
0.08418069779872894
0.06694415211677551
0.03547395393252373
-0.002908349270001054
-0.14109459519386292
-0.018837621435523033
0.08838095515966415
0.15104250609874725
0.05795060470700264
-0.06159735843539238
0.14055880904197693
0.1003246083855629
-0.07781916856765747
-0.12177342921495438
-0.10668829828500748
-0.13455578684806824
-0.12925532460212708
0.1118495911359787
0.12426268309354782
0.10498062521219254
0.1429782211780548
-0.0812128335237503
0.1412610411643982
0.07980425655841827
0.012081734836101532
0.04224713146686554
0.1947106570005417
-0.20679788291454315
-0.11101581156253815
-0.03492135554552078
0.04540283977985382
0.05310998857021332
0.17376992106437683
-0.03193461894989014
-0.06375949829816818
0.017586098983883858
0.0790402814745903
0.13098737597465515
-0.02424350008368492
0.0024175664875656366
-0.02915262244641781
-0.0806901827454567
-0.09884567558765411
-0.016909083351492882
-0.16339153051376343
-0.11239547282457352
0.15947513282299042
0.14106038212776184
-0.1203046664595604
-0.013476592488586903
0.18414610624313354
-0.11140011996030807
0.16923099756240845
-0.09372241050004959
0.10009400546550751
-0.12034569680690765
-0.10979678481817245
0.045375823974609375
-0.137511745095253
0.1602380871772766
0.040236636996269226
0.0873841792345047
0.04409760236740112
-0.07813898473978043
-0.09965608268976212
-0.0975450649857521
-0.12989594042301178
0.06341999024152756
0.014978086575865746
0.12362641841173172
0.11045873165130615
0.14701293408870697
0.06133601441979408
0.1084727942943573
0.10760597884654999
-0.09585875272750854
-0.025222670286893845
0.05383056402206421
0.17112840712070465
0.030314892530441284
0.11388494819402695
0.16232314705848694
0.02953408658504486
0.1591150313615799
-0.00799279473721981
0.025166168808937073
-0.07983573526144028
0.019193828105926514
-0.032647911459207535
-0.04089304804801941
0.05343217775225639
-0.16746942698955536
0.03815382719039917
-0.12964953482151031
0.1739424169063568
-0.10439226031303406
-0.03059631586074829
-0.009949645027518272
0.09561784565448761
-0.01617519184947014
-0.10458929091691971
0.17626270651817322
