-0.01089205127209425
-0.07778988033533096
-0.051930900663137436
-0.06478104740381241
0.08533718436956406
-0.04166698083281517
-0.01990317739546299
0.1648406833410263
-0.16509133577346802
-0.1480734944343567
0.014263220131397247
-0.058663662523031235
-0.17575237154960632
0.1723746955394745
-0.028511859476566315
-0.050876718014478683
-0.11958978325128555
-0.1112779825925827
-0.03374073654413223
0.12593963742256165
0.058630019426345825
-0.021382231265306473
0.13528239727020264
-0.04018997400999069
0.04653181508183479
-0.07068847864866257
-0.097477987408638
-0.02392232045531273
0.07377512007951736
-0.16003593802452087
-0.06258080899715424
0.04612720012664795
0.12238210439682007
-0.059204839169979095
-0.13531945645809174
-0.19090446829795837
0.08869961649179459
0.04667142033576965
0.15181736648082733
0.08295492827892303
-0.05051644146442413
-0.08239808678627014
0.037594761699438095
-0.07283063232898712
0.15655799210071564
0.0673026442527771
0.12033261358737946
-0.19840595126152039
0.1775583028793335
-0.10109955817461014
-0.11826087534427643
-0.026966890320181847
-0.14044228196144104
0.0007652323110960424
-0.1109154224395752
-0.11599183082580566
-0.08551251143217087
0.05978282541036606
-0.09961219131946564
0.13528567552566528
-0.0424090139567852
0.01902933046221733
-0.12534202635288239
-0.13624674081802368
0.13953356444835663
-0.15941861271858215
-0.030825303867459297
0.12149897962808609
0.07463625818490982
0.15975451469421387
-0.08659001439809799
-0.06868377327919006
-0.0751337930560112
-0.09096379578113556
0.17368420958518982
-0.020835818722844124
0.1125703975558281
-0.020624028518795967
0.09573688358068466
0.01560877449810505
-0.1378384381532669
-0.13427788019180298
-0.1250610053539276
0.027992546558380127
0.006620645988732576
0.11565210670232773
-0.08866701275110245
0.06537993252277374
0.07616238296031952
-0.1435115486383438
0.17498598992824554
0.15235713124275208
0.026094721630215645
-0.07648204267024994
0.06493715941905975
0.13405735790729523
0.10371730476617813
-0.03518011048436165
-0.05068373307585716
-0.014578152447938919
-0.06821036338806152
-0.039095643907785416
-0.08639571815729141
0.15581096708774567
-0.09929169714450836
-0.19200798869132996
-0.08788694441318512
0.03960715979337692
0.09569644182920456
-0.04945526272058487
0.1182224303483963
0.1366121917963028
0.17076273262500763
-0.04275918006896973
0.0679561123251915
0.03550683334469795
0.034031931310892105
0.04352816939353943
0.10632175952196121
-0.0815175399184227
