-0.16552281379699707
-0.16050904989242554
0.13827376067638397
-0.1568865180015564
-0.0420236811041832
0.1783672273159027
-0.08815531432628632
-0.05641943961381912
0.06423472613096237
-0.07210136950016022
-0.07757219672203064
0.10736888647079468
0.12922553718090057
0.14846567809581757
-0.08707771450281143
0.13492117822170258
-0.055185481905937195
0.00325886276550591
0.041372112929821014
-0.049904730170965195
0.03370935842394829
-0.13725203275680542
-0.09002295881509781
-0.11587370932102203
-0.10670774430036545
-0.058548495173454285
-0.12215721607208252
-0.07571747153997421
-0.008662061765789986
-0.025448571890592575
-0.16776451468467712
-0.08503136038780212
0.07662009447813034
0.027923820540308952
0.02811073139309883
0.057711124420166016
0.07770083844661713
0.05969538167119026
0.06957919150590897
-0.036017533391714096
0.09367956221103668
-0.01206937525421381
0.10080825537443161
0.1459273248910904
0.08042911440134048
0.10805847495794296
-0.17651423811912537
0.15952248871326447
-0.06598865240812302
-0.030339838936924934
0.07272009551525116
-0.11730456352233887
0.14979812502861023
0.1333644539117813
-0.08597593754529953
-0.09230751544237137
0.023015538230538368
0.13902787864208221
0.15708611905574799
0.03616974130272865
0.05828728899359703
-0.047048866748809814
0.06982182711362839
-0.08203871548175812
0.07435695827007294
-0.10114800184965134
0.09799778461456299
0.037860967218875885
0.08589429408311844
-0.10702022165060043
-0.09548558294773102
0.19852150976657867
-0.16074629127979279
0.1229081004858017
0.049902770668268204
-0.016713259741663933
0.18436603248119354
-0.008903264068067074
0.15669625997543335
-0.0014744993532076478
-0.09363139420747757
0.08834531903266907
0.0909779891371727
0.0315878763794899
-0.14707833528518677
0.1821586936712265
0.015322872437536716
-0.018974242731928825
0.010487529449164867
-0.07957855612039566
-0.003699671244248748
0.13113397359848022
0.10274668782949448
0.013598700053989887
-0.05212582275271416
0.07959539443254471
0.05085939168930054
-0.13292036950588226
0.12972807884216309
-0.137965589761734
-0.1486808806657791
-0.006780461873859167
0.046329010277986526
0.19416706264019012
0.1866728514432907
-0.14719592034816742
0.07693524658679962
0.006096172146499157
0.016931110993027687
0.1601213812828064
0.0013792410027235746
0.15032361447811127
0.04368092119693756
-0.16071344912052155
0.02559790574014187
0.09692205488681793
-0.06321316957473755
0.1882106512784958
-0.09913382679224014
0.08241762220859528
