0.0669989362359047
0.10375770181417465
-0.04661517217755318
-0.05375569686293602
-0.005603812634944916
0.1391242891550064
0.15006089210510254
-0.1412740796804428
0.15586212277412415
-0.035789843648672104
-0.04392112046480179
-0.1299227923154831
-0.037023648619651794
0.03632436692714691
0.1926325112581253
0.14069877564907074
-0.13581188023090363
0.15500351786613464
0.177599236369133
-0.10831685364246368
-0.0015027254121378064
0.05981551855802536
-0.040103938430547714
-0.009508823044598103
0.06857218593358994
-0.03403836488723755
0.07460787147283554
0.045794613659381866
-0.06334714591503143
-0.07447400689125061
0.15655770897865295
0.15961889922618866
-0.051175307482481
0.002649050671607256
-0.14590568840503693
-0.12620316445827484
0.05465048551559448
-0.037039317190647125
0.11030631512403488
0.10560837388038635
-0.0032345943618565798
0.055624447762966156
-0.06437662988901138
0.058336496353149414
-0.049878597259521484
0.16085630655288696
-0.027974408119916916
-0.13348031044006348
-0.08938649296760559
0.0627908706665039
0.1752723753452301
-0.05942418426275253
-0.15850873291492462
-0.08618611097335815
0.03593369573354721
-0.04083797335624695
0.028271352872252464
0.08606577664613724
0.13777735829353333
-0.056915104389190674
0.07885557413101196
0.022007718682289124
-0.14293915033340454
-0.1516260802745819
0.06482748687267303
-0.09347686171531677
0.02825694903731346
0.03259671479463577
-0.1123245432972908
0.09332840144634247
-0.0005412528989836574
-0.03580055758357048
0.12570033967494965
0.15989938378334045
0.08479712903499603
0.11017867922782898
0.04292203485965729
-0.20086418092250824
0.07528702169656754
-0.19475537538528442
-0.11179132759571075
-0.12469802796840668
-0.006036394741386175
-0.04349623620510101
0.13459965586662292
-0.12601695954799652
-0.10561756789684296
-0.07863572984933853
0.1573055237531662
-0.12261572480201721
0.08897320181131363
-0.1031859740614891
-0.10966088622808456
0.08381681889295578
0.15064944326877594
-0.09483111649751663
0.10147015005350113
-0.02866986021399498
-0.014551235362887383
-0.07289901375770569
-0.12380325794219971
0.04734107106924057
-0.16726931929588318
-0.01013079285621643
0.15682056546211243
-0.06574863940477371
0.12949182093143463
-0.11854778975248337
-0.11890888959169388
-0.013089682906866074
-0.01708926633000374
-0.08048411458730698
-0.0031555078458040953
-0.09354657679796219
-0.04340802878141403
0.013592366129159927
-0.021007809787988663
-0.09972318261861801
0.03073522262275219
0.15747489035129547
