0.126194030046463
0.05007239431142807
-0.029706424102187157
0.05494878441095352
0.060174982994794846
-0.1661694198846817
-0.07664762437343597
-0.1484595239162445
-0.08557800203561783
0.036641862243413925
0.01283189095556736
-0.11856258660554886
-0.16051696240901947
0.11371688544750214
-0.14528286457061768
0.05116010457277298
0.01149336900562048
0.007162855006754398
-0.04607575759291649
-0.03579617291688919
-0.021855629980564117
0.0727042704820633
-0.1333821415901184
-0.0585646890103817
-0.05436423048377037
-0.02843138389289379
-0.1535421460866928
-0.08542273938655853
-0.018947934731841087
0.1599106341600418
0.04414832219481468
-0.13011625409126282
-0.03537018969655037
0.0673835352063179
-0.044744525104761124
0.09235940873622894
-0.10123759508132935
-0.09365604817867279
0.12286271899938583
0.12480877339839935
-0.024151047691702843
-0.09480534493923187
0.0484384223818779
0.07572286576032639
0.006365234963595867
-0.007504133973270655
-0.00088884198339656
-0.09653259813785553
0.13963435590267181
0.10178116708993912
-0.0737701952457428
0.005418945569545031
-0.13930751383304596
-0.019049176946282387
0.006340510211884975
-0.008947491645812988
-0.13046209514141083
-0.08315004408359528
-0.08960774540901184
-0.1694544404745102
-0.09863635897636414
0.10840816050767899
0.005112054757773876
0.02965374104678631
-0.009700089693069458
0.1106337383389473
0.08564282208681107
0.03506525978446007
-0.07321122288703918
0.17147694528102875
-0.10000577569007874
0.1666550487279892
0.06659618765115738
0.04550456255674362
0.14276832342147827
-0.010318518616259098
-0.16469340026378632
-0.15327374637126923
-0.030454134568572044
-0.0032647319603711367
-0.13702453672885895
-0.05038737505674362
0.019389495253562927
0.11503397673368454
0.014784486964344978
-0.0022149605210870504
0.1148466169834137
-0.03055979125201702
0.0615105926990509
0.005537636112421751
0.11503080278635025
-0.11692426353693008
-0.02039521560072899
0.16635717451572418
-0.10785837471485138
0.008474785834550858
-0.1437852680683136
-0.08485814183950424
-0.12032924592494965
0.005822513252496719
-0.12406273186206818
-0.1407400518655777
-0.07125850766897202
0.11034422367811203
0.07632642239332199
0.009913843125104904
-0.13104087114334106
0.021281449124217033
-0.1673705279827118
0.08992039412260056
-0.033594343811273575
0.10271533578634262
-0.007432952988892794
-0.04543906822800636
-0.10345898568630219
-0.06770872324705124
-0.03498618304729462
-0.10919973254203796
-0.14483435451984406
0.16077980399131775
