0.0963703989982605
-0.10364753007888794
-0.025061193853616714
-0.16164694726467133
0.16261287033557892
-0.19787827134132385
-0.16323307156562805
0.05084211751818657
-0.17596833407878876
-0.07680828869342804
0.01500210352241993
0.016726665198802948
0.14492852985858917
-0.2023034691810608
0.2100350260734558
-0.149272158741951
-0.01679290644824505
0.031098201870918274
-0.013805501163005829
-0.1326344907283783
-0.054777245968580246
0.14681246876716614
0.1638360172510147
0.09712843596935272
0.07890984416007996
-0.0015027772169560194
-0.12149571627378464
-0.07014234364032745
0.10665914416313171
-0.09305976331233978
-0.14352770149707794
0.07820519059896469
0.008333103731274605
-0.13598774373531342
-0.1263836920261383
-0.08737200498580933
0.16165658831596375
-0.17534731328487396
-0.15757609903812408
0.06575427949428558
-0.09213323891162872
0.05894046649336815
0.10227510333061218
-0.10223846137523651
-0.009751339443027973
-0.010937059298157692
-0.07366902381181717
0.04147074744105339
0.11245112121105194
0.21805667877197266
0.12581594288349152
0.10927444696426392
0.15949492156505585
-0.15389958024024963
0.042190685868263245
-0.08648160099983215
0.0370623953640461
0.015127047896385193
0.08047474920749664
-0.038201410323381424
0.11342070996761322
0.1960735321044922
-0.0705450251698494
-0.1614275574684143
-0.008432785980403423
-0.03626450523734093
0.041661426424980164
0.12129280716180801
0.17313173413276672
0.17039969563484192
-0.02463233284652233
-0.10204309970140457
-0.09165763854980469
0.05966592952609062
0.1252197027206421
0.08259972184896469
-0.15421263873577118
0.11367585510015488
0.15313929319381714
-0.16380366683006287
-0.1789475530385971
0.1350192278623581
0.1722811758518219
-0.05675759166479111
0.11965744197368622
-0.06567748636007309
0.09049042314291
-0.06009352579712868
0.03952719643712044
-0.12584532797336578
0.12765823304653168
-0.1270187646150589
-0.10714871436357498
-0.06486112624406815
0.010411230847239494
-0.11785853654146194
-0.07942398637533188
0.05323099344968796
-0.052280545234680176
0.0838177278637886
-0.12580417096614838
0.0960143655538559
0.08597704768180847
-0.06851452589035034
0.10173992812633514
-0.06709490716457367
0.12416435778141022
0.15040354430675507
-0.1329934298992157
0.0848751813173294
-0.08124151080846786
0.16735804080963135
0.09620373696088791
0.11450152844190598
-0.09339401870965958
-0.1583234816789627
-0.11684390157461166
-0.021300917491316795
-0.11437851935625076
0.14716754853725433
