0.1280008852481842
-0.03801874816417694
0.13547170162200928
0.07880492508411407
0.04143253341317177
-0.15077947080135345
-0.0562601238489151
-0.11923199146986008
-0.09726396203041077
-0.15249179303646088
-0.07382989674806595
-0.11493159830570221
-0.045431025326251984
-0.13756009936332703
-0.024583473801612854
-0.030788425356149673
0.08732012659311295
-0.0840546190738678
0.12812192738056183
0.11545329540967941
-0.09691821783781052
0.0723053514957428
0.16076283156871796
0.11708973348140717
0.08470135182142258
-0.09349369257688522
-0.021352509036660194
0.05099550262093544
0.08886993676424026
-0.12057424336671829
0.020192936062812805
0.16059502959251404
0.07938753813505173
-0.125994473695755
0.1610986739397049
-0.15822134912014008
0.03975578397512436
-0.1739276945590973
0.12377411127090454
0.09694438427686691
-0.14934054017066956
-0.16660210490226746
0.11540886014699936
0.12221775949001312
0.0003910045779775828
-0.014869172126054764
0.20193815231323242
-0.05220320448279381
-0.05319788679480553
-0.0613805428147316
-0.13222071528434753
0.07819858938455582
0.09594090282917023
0.09841713309288025
-0.021085022017359734
0.19092947244644165
-0.10988466441631317
-0.1348481923341751
0.02052905783057213
0.07671216130256653
-0.08110424876213074
0.11074638366699219
0.13167084753513336
-0.15025755763053894
0.1864032745361328
0.08063117414712906
0.1506408303976059
0.0016075230669230223
0.15600846707820892
-0.13671500980854034
-0.09522497653961182
-0.14554157853126526
0.15047991275787354
0.1251688301563263
-0.1179128959774971
0.1308351308107376
-0.11918392777442932
0.15477630496025085
-0.13231295347213745
-0.01349986158311367
0.056227073073387146
-0.02843352220952511
-0.027961496263742447
0.0520627424120903
0.12673000991344452
-0.07237861305475235
-0.15206463634967804
-0.12907981872558594
-0.03311314061284065
-0.08256574720144272
-0.13997632265090942
0.13466764986515045
0.13058577477931976
0.09660409390926361
0.07341156154870987
-0.108660988509655
0.023075854405760765
0.16947661340236664
0.038427628576755524
-0.04636244475841522
0.048630569130182266
0.022094331681728363
-0.11159635335206985
-0.06646372377872467
-0.04844600707292557
0.15433694422245026
-0.07761475443840027
-0.007652956992387772
0.1148785874247551
0.17384079098701477
-0.1699257791042328
-0.04688110947608948
-0.002102329395711422
-0.03485272824764252
-0.004026566166430712
0.15438704192638397
0.04777234047651291
0.05486701428890228
-0.011204686015844345
0.011145028285682201
