-0.15107153356075287
0.10268433392047882
0.06852731108665466
0.11564261466264725
-0.009545497596263885
0.0851881131529808
-0.17849096655845642
-0.13416114449501038
-0.011979912407696247
-0.05766536667943001
-0.031637582927942276
0.11131294816732407
-0.00189672049600631
0.08675353974103928
-0.048315584659576416
-0.055213216692209244
0.1336475908756256
-0.043447427451610565
0.08194313198328018
0.14880970120429993
-0.0583823025226593
-0.061400122940540314
0.12237750738859177
-0.07391870021820068
-0.007766459137201309
-0.14740806818008423
0.06760858744382858
-0.04218721389770508
-0.13862429559230804
0.07418804615736008
-0.07240336388349533
0.16889256238937378
0.08673384040594101
0.07728845626115799
0.0545680858194828
-0.06467422097921371
0.09106634557247162
-0.1237996369600296
0.009257996454834938
0.09553219377994537
0.12600091099739075
-0.05860435217618942
-0.07253319770097733
-0.09762956947088242
-0.06672769039869308
-0.028009971603751183
-0.0983019769191742
0.131347194314003
0.09448913484811783
-0.08054789155721664
0.15141375362873077
0.11532634496688843
0.006647050380706787
0.07211785018444061
0.12418429553508759
-0.1526036411523819
0.06169584020972252
0.006565613206475973
-0.14701800048351288
0.06378553062677383
-0.08103960752487183
0.07357557117938995
-0.14064180850982666
0.037533339112997055
-0.15597030520439148
0.08241885900497437
-0.16911762952804565
0.14763131737709045
-0.11096823215484619
0.1515578180551529
-0.0791192576289177
0.05911131948232651
-0.03145225718617439
-0.11551321297883987
0.09991299360990524
0.10755182802677155
0.1316070705652237
-0.08326981216669083
0.062069956213235855
0.16868482530117035
-0.05996056646108627
0.10184163600206375
-0.0238625630736351
0.12794601917266846
-0.1293337643146515
-0.039479754865169525
-0.05775979161262512
-0.05717119574546814
-0.07621229439973831
-0.06547828763723373
0.016463130712509155
-0.023476775735616684
-0.11104658991098404
0.034373387694358826
0.07735045254230499
0.004308462142944336
-0.0863676592707634
0.011080349795520306
-0.17081265151500702
-0.15118107199668884
0.10870984941720963
-0.03305722773075104
0.04389731213450432
0.0836811289191246
0.09153924137353897
-0.04057612642645836
0.10375965386629105
-0.06237936019897461
0.08903459459543228
-0.16559945046901703
-0.1074264720082283
0.0021731313318014145
-0.07379309087991714
0.12637726962566376
0.14448487758636475
-0.16032837331295013
0.14982812106609344
0.02931179106235504
0.08650133013725281
0.08192074298858643
