0.09821140021085739
-0.03805609047412872
0.02953570894896984
-0.1597537100315094
-0.08628978580236435
-0.010134573094546795
0.07447499781847
0.07537434250116348
0.1678309589624405
0.003071234095841646
-0.0008241810137405992
-0.17699569463729858
0.0475592166185379
-0.03631576895713806
0.0058382488787174225
0.06052278354763985
-0.029501689597964287
-0.04742036014795303
-0.18236908316612244
-0.15719978511333466
-0.16767005622386932
-0.05840517580509186
0.015703821554780006
0.17964516580104828
0.09161737561225891
0.001095340121537447
0.0085294209420681
-0.1279614418745041
-0.07021790742874146
-0.1448889970779419
-0.11747708171606064
0.02505424991250038
-0.15665242075920105
-0.19972491264343262
-0.07571236789226532
-0.10047473758459091
0.14214789867401123
-0.0007220325642265379
0.10790000855922699
-0.018699606880545616
-0.08941710740327835
-0.003884686389937997
0.10020489245653152
0.08141496032476425
0.11016766726970673
0.10644438117742538
0.04536060988903046
-0.06657131016254425
0.1346023827791214
0.06530798226594925
-0.08940008282661438
0.05421093478798866
0.056367360055446625
-0.0702865943312645
0.000482396426377818
-0.14863532781600952
-0.1112372875213623
0.12478560209274292
-0.13750945031642914
-0.1608583778142929
0.1797976791858673
0.1328245997428894
-0.09978819638490677
0.004716524854302406
-0.04524293541908264
0.1201220154762268
0.11137660592794418
-0.14163130521774292
-0.06725043058395386
0.005551835056394339
-0.13900664448738098
0.046147242188453674
0.04450823739171028
0.12761980295181274
0.08357246220111847
-0.18280133605003357
-0.13983257114887238
0.0830596536397934
-0.1731593906879425
-0.07464250177145004
0.09724625200033188
-0.009955753572285175
0.12053924053907394
-0.02093573845922947
0.12373896688222885
-0.13644172251224518
-0.14182499051094055
-0.10052704811096191
0.11610645055770874
0.05488460883498192
0.22883883118629456
0.11847727745771408
-0.035597871989011765
0.13226009905338287
0.09076704829931259
0.07302134484052658
0.08775540441274643
0.08137853443622589
-0.0642000287771225
0.14091135561466217
-0.0869445875287056
0.005653264466673136
-0.1680539846420288
-0.1492641717195511
-0.15375745296478271
-0.02956836298108101
-0.09624027460813522
0.07786190509796143
0.00994068942964077
-0.04657858610153198
-0.023220805451273918
0.10848499089479446
0.07134915888309479
-0.16082029044628143
-0.1456868201494217
-0.0766662061214447
-0.03708385303616524
0.09758684039115906
-0.06642160564661026
-0.15979430079460144
