0.03306321054697037
0.0831785798072815
0.10592389106750488
-0.034208815544843674
0.023141371086239815
0.023556819185614586
-0.030375568196177483
0.08512389659881592
0.019645320251584053
-0.07819542288780212
0.038352299481630325
0.02415132336318493
0.05377524718642235
0.03666379302740097
-0.03372490406036377
-0.02439533919095993
0.007403088733553886
0.046171341091394424
0.07622372359037399
0.022297022864222527
0.024628814309835434
-0.04900936782360077
-0.03504186496138573
-0.016987761482596397
-0.023905126377940178
0.009616866707801819
0.02685970440506935
0.04437584429979324
0.12725959718227386
0.1374274641275406
-0.0761633813381195
0.07523149996995926
-0.03892334923148155
0.03884472697973251
-0.013069896958768368
-0.038936059921979904
-0.07299315929412842
-0.1202511265873909
-0.052096448838710785
-0.06790898740291595
-0.09108512848615646
-0.1203421801328659
0.04583892598748207
-0.08157775551080704
0.0033721267245709896
-0.006967413239181042
0.017793552950024605
0.019109733402729034
0.05387532711029053
-0.013384135439991951
-0.026901455596089363
0.031014058738946915
-0.06634239852428436
-0.12186210602521896
0.03201859071850777
0.07697043567895889
-0.06514795869588852
-0.03984120115637779
-0.031660839915275574
-0.05357930809259415
0.0736577957868576
-0.053453586995601654
-0.04182598367333412
0.06120998412370682
0.041557472199201584
0.09147727489471436
0.10678655654191971
-0.024310968816280365
-0.04726249352097511
-0.0924910232424736
0.1097709983587265
0.02719130367040634
-0.08752774447202682
0.06668834388256073
-0.07997112721204758
-0.06104295328259468
0.06551092118024826
0.016951868310570717
0.06860413402318954
-0.06988018751144409
0.037883419543504715
-0.01666184701025486
-0.11216505616903305
-0.07976559549570084
-0.08482060581445694
0.011646097525954247
0.08691228926181793
0.0771651417016983
0.10041774064302444
0.059872329235076904
-0.07704433053731918
0.06797134131193161
0.08495566248893738
0.05163373798131943
-0.04891350120306015
-0.05100682005286217
-0.05697503685951233
-0.005925801582634449
-0.05172416567802429
0.009030894376337528
-0.08879542350769043
0.08090119808912277
0.05270340293645859
-0.014513534493744373
0.036994799971580505
-0.031511224806308746
0.005823532585054636
-0.05608858913183212
0.051569994539022446
-0.042130324989557266
0.070374995470047
0.05141771212220192
0.14473716914653778
0.12667813897132874
0.016292797401547432
-0.003870077198371291
0.011169147677719593
-0.08456848561763763
0.11343012750148773
-0.06888256967067719
-0.009294618852436543
-0.0024638473987579346
-0.052736517041921616
-0.04105396196246147
-0.09752114117145538
-0.10546975582838058
-0.062099527567625046
-0.04413696378469467
0.02219526842236519
-0.11124380677938461
-0.07461663335561752
0.050745151937007904
-0.030827393755316734
-0.010199538432061672
-0.041633397340774536
-0.022110646590590477
0.003921701107174158
-0.031594932079315186
-0.027055641636252403
-0.02441353350877762
0.07457911968231201
0.05971064791083336
0.14008858799934387
-0.030850635841488838
0.05487370118498802
-0.05329756438732147
-0.08137954026460648
-0.05255467817187309
0.10897204279899597
0.12708044052124023
0.02300182357430458
-0.003159373765811324
0.20977561175823212
0.01786641590297222
-0.09729533642530441
0.06102556735277176
0.09324712306261063
0.08612922579050064
0.1697927862405777
0.0744929388165474
-0.03554302081465721
-0.0709148421883583
-0.11975345760583878
0.0015496308915317059
0.10181394964456558
-0.1081613227725029
-0.06578218191862106
-0.07353929430246353
0.013575203716754913
-0.04794270172715187
0.07212010025978088
0.08905607461929321
0.026591001078486443
-0.01717301271855831
-0.0928686335682869
0.0768648311495781
-0.01942204125225544
-0.11275023221969604
-0.016224974766373634
-0.01518707163631916
-0.17820946872234344
-0.15466055274009705
-0.26720696687698364
-0.18601644039154053
-0.10432779043912888
-0.2074449360370636
-0.0442274771630764
-0.051865335553884506
0.10725823044776917
0.07843711227178574
-0.026960277929902077
0.22289729118347168
0.1868363618850708
0.186912402510643
-0.015501732937991619
0.1596141755580902
0.040993865579366684
0.019138740375638008
-0.11230628192424774
0.029840979725122452
-0.11251989752054214
-0.17552869021892548
-0.03203359618782997
0.09149286150932312
0.008244464173913002
-0.1326935738325119
0.05570019409060478
0.19480277597904205
0.1785617619752884
-0.025366472080349922
0.045347925275564194
0.1250695288181305
0.03449302166700363
-0.034434497356414795
-0.05113242566585541
-0.08329775184392929
0.07446843385696411
0.10417391359806061
0.10515853762626648
-0.06400984525680542
-0.14081580936908722
-0.04841605946421623
-0.015526874922215939
-0.0711398720741272
0.08520659059286118
-0.0019939453341066837
-0.040985479950904846
-0.004531882703304291
0.07868022471666336
0.1284300535917282
-0.06497199088335037
-0.10781790316104889
0.044785309582948685
0.1240360215306282
0.09925150126218796
0.02894311212003231
-0.021259669214487076
-0.011054983362555504
0.050972435623407364
0.047455646097660065
0.13104605674743652
0.12965306639671326
0.017677919939160347
-0.007495871279388666
-0.013434563763439655
0.05284788832068443
-0.023700514808297157
-0.05982477590441704
0.11870195716619492
-0.01047586277127266
0.021217862144112587
0.028142979368567467
0.1468614786863327
0.02139357663691044
0.07532502710819244
-0.02022465132176876
0.13457880914211273
0.06324590742588043
0.18559220433235168
0.11141445487737656
0.10309992730617523
-0.04202546179294586
-0.09413876384496689
-0.023000646382570267
0.18347549438476562
-0.021448681131005287
-0.16804084181785583
-0.21125805377960205
-0.12619924545288086
-0.08293473720550537
-0.038468632847070694
-0.05630058795213699
-0.09389019012451172
-0.028364909812808037
0.05576577037572861
0.0761888176202774
-0.05540715530514717
-0.04500437155365944
-0.19704119861125946
-0.11432294547557831
0.07393064349889755
0.06673464179039001
0.1019425094127655
0.16836220026016235
0.05711496248841286
0.02366086095571518
0.03584221377968788
0.20709648728370667
0.18283654749393463
0.17894048988819122
0.031329359859228134
-0.137810617685318
0.017695657908916473
0.13755537569522858
-0.019039146602153778
-0.04507158324122429
0.023653242737054825
-0.10344097018241882
-0.0977877676486969
0.001756970421411097
-0.06303080171346664
-0.09174072742462158
0.03491565212607384
0.2270173579454422
0.006490801926702261
-0.11553283035755157
-0.021979860961437225
0.09195650368928909
0.16610786318778992
0.030322449281811714
-0.09901490807533264
-0.11068200320005417
-0.12501710653305054
-0.052491482347249985
0.09256666153669357
-0.009030179120600224
-0.20054690539836884
-0.1156146377325058
-0.007892370223999023
0.129046231508255
-0.09253054112195969
0.0013010638067498803
0.12894779443740845
0.09298036247491837
0.023843666538596153
0.13814526796340942
-0.0014584407908841968
-0.03925999626517296
-0.09898199886083603
-0.080774687230587
-0.076178178191185
-0.22743229568004608
-0.26082441210746765
-0.14899641275405884
-0.1417008489370346
-0.12095136940479279
-0.24026675522327423
-0.14494948089122772
0.006838720291852951
0.1979168802499771
0.10718768835067749
0.1283503621816635
0.28707537055015564
0.25118201971054077
0.05219058692455292
0.16397061944007874
0.23417973518371582
0.13932284712791443
0.13709019124507904
-0.04671384021639824
0.04344610869884491
-0.19292733073234558
-0.2135084718465805
0.02474805898964405
0.13928385078907013
-0.03222760185599327
-0.05700380355119705
-0.09467298537492752
0.2050829529762268
0.155480295419693
0.020805438980460167
0.1054103821516037
0.053165972232818604
0.20412714779376984
-0.06157022714614868
0.020669646561145782
0.06219760701060295
0.05897447466850281
0.02831602841615677
0.02853173203766346
-0.030063919723033905
-0.06809627264738083
-0.012972519733011723
-0.04968322068452835
0.07937724888324738
0.12796266376972198
0.0937013253569603
-0.143991619348526
-0.16271653771400452
0.017851248383522034
0.03250526264309883
0.06299271434545517
0.026504989713430405
-0.09088406711816788
-0.013729547150433064
-0.06494918465614319
0.050562500953674316
0.06499378383159637
0.024899886921048164
0.045170336961746216
0.0656767189502716
0.14609484374523163
0.058185875415802
-0.017955966293811798
0.1250874102115631
-0.012849929742515087
0.060163915157318115
0.12249979376792908
0.009633204899728298
0.04594637081027031
-0.11233694851398468
-0.09675159305334091
-0.007640327326953411
-0.03476329147815704
0.13061068952083588
0.12001746892929077
0.054327841848134995
0.16935908794403076
0.24004016816616058
0.2127590924501419
0.031294018030166626
0.06756021827459335
0.07651077210903168
-0.10760452598333359
-0.03795678913593292
0.051385119557380676
-0.15009348094463348
-0.2281455397605896
-0.22690077126026154
-0.004135228227823973
0.05737227946519852
-0.11311694979667664
-0.07538244128227234
-0.025630982592701912
-0.08053980022668839
-0.024968832731246948
0.01904459483921528
-0.0631609857082367
-0.1864655613899231
-0.11200415343046188
0.12024012953042984
0.07045567035675049
0.07460153102874756
0.04890938103199005
0.06802482903003693
0.0360897034406662
0.09834989905357361
0.19522683322429657
0.30413421988487244
0.25663119554519653
-0.03156035393476486
-0.018928134813904762
-0.09609483927488327
0.1302337497472763
0.013445059768855572
-0.08890826255083084
-0.03699145093560219
-0.01895974762737751
-0.17382994294166565
-0.10560709983110428
-0.08670902252197266
0.05899141728878021
0.020204419270157814
-0.050111159682273865
-0.01495541725307703
-0.1077520102262497
0.04810159653425217
-0.09979739785194397
0.0041990624740719795
0.037106677889823914
-0.11139122396707535
-0.02094137854874134
0.025613835081458092
-0.08132839947938919
0.01482574362307787
0.06741852313280106
-0.020694389939308167
0.0642244890332222
0.03837063908576965
-0.042974330484867096
0.0677180290222168
0.024382799863815308
0.06690295785665512
-0.08600503206253052
0.039512619376182556
0.023034684360027313
-0.05767466872930527
-0.07626177370548248
-0.05265730991959572
0.056482404470443726
-0.023435162380337715
0.04741267114877701
0.032365307211875916
-0.04515599459409714
-0.07298871874809265
0.03544892743229866
-0.02189742773771286
0.11682061851024628
-0.06395848095417023
0.059402160346508026
-0.031053798273205757
0.1104707196354866
0.08983559161424637
-0.033451590687036514
0.0521179735660553
0.08067484200000763
-0.04766528308391571
0.030822793021798134
0.06941244006156921
-0.02080770954489708
-0.021589558571577072
-0.036214813590049744
0.007483037654310465
-0.0054892548359930515
-0.08209820836782455
0.005073198117315769
0.0658625140786171
0.09904934465885162
-0.100580133497715
0.034817274659872055
-0.084184929728508
-0.04735929146409035
0.042283546179533005
0.05293821915984154
-0.0004469936538953334
0.04655957967042923
0.08976347744464874
0.0526781901717186
0.0781056210398674
0.0632033571600914
0.04920469596982002
-0.041572652757167816
-0.08103430271148682
0.06917979568243027
-0.017440225929021835
0.020022323355078697
-0.029617788270115852
0.006245472002774477
0.08530659973621368
-0.10005287826061249
-0.059932440519332886
-0.07325617969036102
-0.0647747740149498
-0.00019040114420931786
0.05770955979824066
0.004870548844337463
0.08079635351896286
0.07398810982704163
0.06872885674238205
-0.0374353788793087
-0.07629809528589249
-0.07287327200174332
-0.04043549671769142
0.016557209193706512
-0.024683307856321335
-0.06603892892599106
-0.010608995333313942
-0.030978282913565636
-0.027152836322784424
0.05503169074654579
-0.08087734133005142
0.08872953802347183
0.07964442670345306
0.004219632130116224
-0.05389245226979256
0.015301304869353771
-0.017903640866279602
-0.05467166006565094
0.08306363970041275
0.010646035894751549
0.057271238416433334
0.07833176851272583
0.05029183626174927
0.02551884762942791
0.014184902422130108
0.0809752568602562
0.04674258455634117
0.07729025930166245
-0.0773564800620079
-0.039608728140592575
-0.057040125131607056
-0.0035746421199291945
-0.027238233014941216
-0.047089993953704834
-0.09806869179010391
-0.023948103189468384
-0.013349317945539951
-0.004578007850795984
0.05844710394740105
-0.0002580725122243166
-0.0031556684989482164
0.00224119471386075
0.08768497407436371
-0.020284850150346756
-0.08392501622438431
-0.08748538792133331
-0.0770789310336113
-0.029437020421028137
-0.09787864983081818
0.013464992865920067
0.01152242161333561
-0.10641072690486908
-0.09433440119028091
0.013223293237388134
0.016634086146950722
-0.026925668120384216
-0.023599328473210335
-0.038248609751462936
0.018460392951965332
0.08357474207878113
0.07486427575349808
0.10180017352104187
0.1455332636833191
0.09531558305025101
-0.11596591025590897
0.08722731471061707
0.03654506430029869
0.08862200379371643
0.1727108210325241
-0.09022806584835052
0.05310479924082756
-0.1243654191493988
-0.06012633442878723
0.14558595418930054
0.09678339958190918
-0.09889949858188629
0.014511782675981522
-0.040553707629442215
0.07885304093360901
0.0026163167785853148
-0.03215700760483742
0.06210925057530403
-0.014701580628752708
-0.053718920797109604
0.04274579882621765
0.03212829679250717
0.1381497085094452
0.14925940334796906
0.14300799369812012
0.00035188632318750024
-0.11966292560100555
-0.09115240722894669
-0.022994309663772583
-0.1411372274160385
0.014819476753473282
-0.06805633753538132
-0.1541643738746643
-0.14543385803699493
0.05759764090180397
-0.032109491527080536
-0.008091405965387821
0.10991769284009933
0.07976165413856506
0.08627286553382874
0.16186951100826263
0.18861442804336548
0.04286741092801094
0.06319234520196915
0.1056944876909256
-0.10420775413513184
-0.12573209404945374
-0.19077074527740479
0.009724377654492855
0.12100816518068314
0.010816851630806923
-0.087840735912323
-0.043609172105789185
0.13858230412006378
0.14650005102157593
-0.0017165002645924687
-0.08012329041957855
0.0018970363307744265
0.20741383731365204
0.008167466148734093
-0.06587255746126175
0.06765510886907578
-0.016408586874604225
0.1586826890707016
0.030778950080275536
-0.10653887689113617
-0.035962656140327454
-0.10573338717222214
0.040172409266233444
0.06543256342411041
0.01678692176938057
0.11824142187833786
-0.0558614656329155
-0.12042584270238876
0.06685806810855865
0.0009627061663195491
0.017008338123559952
-0.11579816043376923
-0.06867802888154984
0.12165049463510513
0.06364218890666962
0.020369019359350204
-0.03466103971004486
-0.10007285326719284
0.04767240211367607
0.10171356797218323
0.03530896082520485
-0.037107016891241074
0.03561229631304741
0.05093075707554817
-0.058327674865722656
0.010760189965367317
-0.05696005001664162
0.07368294894695282
-0.07565685361623764
0.060366708785295486
-0.025824302807450294
0.04538240656256676
0.051187664270401
-0.11421529948711395
0.012620357796549797
0.10327655076980591
0.11505711078643799
0.14366845786571503
0.056267064064741135
0.17756491899490356
0.030304497107863426
0.10977891087532043
0.012567948549985886
0.012996203266084194
0.2087153047323227
-0.04365702345967293
-0.024140631780028343
-0.13193082809448242
0.022864049300551414
0.14780515432357788
0.039646171033382416
0.006224063690751791
-0.11171846836805344
-0.12783722579479218
0.05651863291859627
-0.11960761994123459
-0.14066755771636963
-0.048904143273830414
-0.19308458268642426
-0.11698517203330994
0.017603853717446327
-0.09448686987161636
-0.014226224273443222
0.03521852195262909
-0.12307749688625336
-0.010655833408236504
-0.0031677610240876675
0.017166467383503914
0.18444038927555084
0.1951364427804947
-0.09928867965936661
0.09369965642690659
0.1927662044763565
0.13020075857639313
0.18273133039474487
-0.08357781916856766
-0.14208702743053436
-0.10362285375595093
0.0032316504511982203
-0.04456891864538193
0.06103510409593582
-0.04683772474527359
-0.03164513781666756
0.017170963808894157
-0.012432071380317211
0.042176503688097
0.018457403406500816
0.09153279662132263
-0.006550383288413286
0.008184167556464672
0.07537417113780975
-0.09207972884178162
-0.05545759201049805
-0.08893348276615143
0.042214568704366684
-0.001012391527183354
-0.027664145454764366
0.0737389549612999
0.00168626441154629
-0.08844844251871109
-0.034718144685029984
0.04166268929839134
-0.03377589210867882
0.009535041637718678
0.05723576992750168
-0.039951007813215256
0.031072527170181274
-0.06347507238388062
-0.09776376187801361
-0.09538258612155914
0.0002887998416554183
-0.022015761584043503
0.10092943161725998
-0.0011993844527751207
-0.07076660543680191
-0.0008480570977553725
-0.10083536058664322
0.009865876287221909
0.0763062834739685
0.050906840711832047
-0.07417117059230804
0.01153227873146534
-0.08980896323919296
0.005275676026940346
0.06682971119880676
0.09206968545913696
-0.03116372786462307
-0.0703069418668747
0.025250552222132683
-0.0633171796798706
0.05072721093893051
0.0015029468340799212
-0.07127365469932556
-0.08769184350967407
-0.1049371212720871
-0.03649631515145302
0.09053628891706467
-0.0961044654250145
-0.009566360153257847
-0.013034106232225895
-0.052843127399683
-0.041443612426519394
0.017525702714920044
0.025011366233229637
-0.019716328009963036
0.09399090707302094
-0.023630917072296143
-0.013041436672210693
-0.05679288133978844
0.0685136467218399
-0.05166250094771385
0.03968166559934616
-0.005200574640184641
-0.03475222736597061
0.0017062410479411483
0.01120797824114561
-0.05292082205414772
-0.027005737647414207
0.07428215444087982
0.0342247411608696
0.067581906914711
-0.04649036005139351
-0.09657346457242966
0.0712628960609436
-0.05742264911532402
0.081305131316185
-0.03974701836705208
0.025815119966864586
0.05012761056423187
-0.022793788462877274
0.012029670178890228
-0.08838029950857162
-0.018509037792682648
-0.10155485570430756
0.013288978487253189
-0.08353020995855331
-0.024921640753746033
0.03608941286802292
-0.003415692364796996
-0.018599320203065872
-0.011106553487479687
0.061471447348594666
0.05472469702363014
-0.028319140896201134
0.0486130490899086
-0.02111040987074375
0.00857698917388916
0.08787284046411514
0.059766821563243866
-0.008990530855953693
-0.07089893519878387
0.09610024839639664
0.001431481447070837
-0.09383552521467209
-0.017007974907755852
0.030613334849476814
0.08948162943124771
0.0711892768740654
0.0333334356546402
0.0677509754896164
-0.015265296213328838
0.054779116064310074
-0.07513206452131271
0.06413234770298004
0.0012065984774380922
-0.08896758407354355
-0.01443622075021267
-0.06482955813407898
0.036566175520420074
0.022046422585844994
-0.04277489706873894
0.08389263600111008
-0.04567832872271538
0.019355420023202896
-0.04105885326862335
-0.011223845183849335
-0.07336071878671646
-0.07270242273807526
0.07609999924898148
-0.08001012355089188
0.07812974601984024
0.07949978858232498
-0.003889269893988967
-0.026204001158475876
0.010761830024421215
0.08780153840780258
-0.02215423248708248
-0.08266516774892807
0.08851946145296097
-0.055192604660987854
