-0.004695167765021324
-0.05180322006344795
0.05542726814746857
-0.02750048227608204
0.08463048934936523
-0.11210918426513672
0.0025705439038574696
0.015288755297660828
0.04168282821774483
0.02314167097210884
-0.06248869746923447
-0.03435869514942169
0.06660331785678864
-0.025362305343151093
0.0008760788477957249
-0.0451224111020565
0.07316037267446518
-0.043325334787368774
-0.1120297983288765
0.06637147814035416
0.09348800033330917
0.09885823726654053
0.08828142285346985
-0.08779925107955933
0.06349322199821472
-0.07950127124786377
-0.053125690668821335
-0.09563273191452026
-0.06634536385536194
-0.010982973501086235
0.03466199338436127
-0.10153895616531372
0.02380925975739956
-0.10001767426729202
-0.09097576886415482
-0.08653424680233002
0.008814888074994087
-0.044212888926267624
0.1000853106379509
0.09383627027273178
0.003769279457628727
0.04641180485486984
0.010669292882084846
0.13762226700782776
0.11609017848968506
-0.06607634574174881
-0.11508230865001678
-0.14068973064422607
-0.01540137454867363
0.07308248430490494
0.07168453186750412
-0.08930297940969467
0.05967557057738304
-0.034990597516298294
0.08469311147928238
0.08876238018274307
0.06093147024512291
0.026691343635320663
-0.09384538978338242
0.06000842526555061
-0.047558143734931946
0.042619772255420685
0.023653635755181313
0.0953725203871727
-0.0899517610669136
-0.059725914150476456
-0.0787082388997078
0.06622707843780518
-0.060576505959033966
0.09417564421892166
-0.07276947796344757
-0.04166930168867111
-0.034803565591573715
-0.08798626065254211
0.09852184355258942
0.09738006442785263
0.06472346186637878
-0.07700732350349426
-0.04905882105231285
-0.011288566514849663
-0.004439131356775761
-0.09095464646816254
0.057185228914022446
0.09162550419569016
-0.023258300498127937
0.07924052327871323
-0.044052571058273315
-0.0035601945128291845
0.023647289723157883
-0.006306118331849575
0.07560575753450394
-0.005801972933113575
0.027348468080163002
-0.02325812168419361
0.047165412455797195
0.06037374213337898
0.04979941248893738
0.04381243512034416
0.06107185781002045
0.0034937006421387196
-0.037752751260995865
-0.08576329052448273
-0.10041102021932602
-0.03533335030078888
0.03564625605940819
0.10202597826719284
0.033607129007577896
0.09271273016929626
0.09719260782003403
0.1068272665143013
0.07512573897838593
-0.08320526033639908
-0.017544066533446312
0.10027299076318741
0.05156228691339493
0.07997768372297287
0.08402968943119049
0.008042155764997005
-0.006756562273949385
-0.05484965071082115
-0.018889427185058594
0.03926800191402435
-0.05863829702138901
0.10163479298353195
-0.022519195452332497
0
0
0
0
0
0
0
0
0
0
0
0
0
0
0
0
0
0
0
0
0
0
0
0
0
0.06032034009695053
0.18634162843227386
0.12192630022764206
-0.03576608747243881
-0.0532454252243042
0.14221298694610596
0.1779024600982666
-0.12613482773303986
-0.23855744302272797
0.041736479848623276
0.23866006731987
0.13155438005924225
-0.16931577026844025
-0.13625280559062958
-0.008379865437746048
0.1646353006362915
0.02643086016178131
-0.08270372450351715
-0.1842881739139557
-0.07762038707733154
0.0753912478685379
0.05078711733222008
-0.10945415496826172
0.020045407116413116
0.020353209227323532
0.11337224394083023
-0.04365105554461479
0.07888302206993103
0.06780507415533066
-0.053951699286699295
0.17722570896148682
0.11352087557315826
0.14748042821884155
0.19835549592971802
0.15575560927391052
0.11494885385036469
0.1700904816389084
0.07772556692361832
0.11536471545696259
0.1403769999742508
-0.08275482803583145
-0.20773354172706604
-0.2586749494075775
-0.051376134157180786
0.04176601022481918
-0.1596721112728119
-0.04935366287827492
-0.2324286848306656
-0.06525959819555283
-0.08987236022949219
-0.06552349030971527
0.08473769575357437
-0.0987611785531044
0.004759845323860645
-0.02809644304215908
-0.050235092639923096
0.055110663175582886
0.022013947367668152
-0.09167598932981491
-0.027030402794480324
0.06590060889720917
0.077182337641716
-0.014788899570703506
-0.01049117837101221
0.08969198912382126
-0.07490576058626175
-0.0325075127184391
0.025198526680469513
0.000988659798167646
-0.08754029870033264
-0.0058068763464689255
0.0049684070982038975
-0.012598171830177307
-0.0843847319483757
-0.02485298179090023
0.016023004427552223
0.1026667058467865
0.057145293802022934
-0.07975837588310242
-0.0116726104170084
0.051805585622787476
0.07195794582366943
0.06873531639575958
-0.10005126148462296
-0.14774848520755768
0.22276011109352112
0.10879866778850555
0.05149880424141884
-0.04080003499984741
-0.050638988614082336
0.13951550424098969
0.0533304400742054
0.12261992692947388
-0.08692891895771027
-0.10475151240825653
-0.09239035099744797
-0.12942801415920258
-0.07126496732234955
0.0023917194921523333
-0.0077792564406991005
0.03733948618173599
-0.039771415293216705
0.1234733909368515
0.12503279745578766
-0.08771199733018875
0.06327223777770996
0.13370752334594727
0.15951073169708252
0.14071892201900482
-0.048930831253528595
-0.038637347519397736
-0.035241324454545975
-0.01324557512998581
0.10163482278585434
-0.06975430250167847
-0.03603280708193779
-0.05226046219468117
-0.12126009166240692
0.0498868003487587
-0.06674797832965851
-0.00629837391898036
0.062056660652160645
-0.06841542571783066
-0.09320231527090073
0.029855981469154358
0
0
0
0
0
0
0
0
0
0
0
0
0
0
0
0
0
0
0
0
0
0
0
0
0
-0.1634208709001541
0.08947304636240005
0.2187211960554123
0.03460424393415451
-0.1606840193271637
0.06019040197134018
0.28755491971969604
0.22293835878372192
-0.16609248518943787
-0.15373797714710236
-0.04100532829761505
0.283833384513855
0.024053214117884636
-0.14525069296360016
-0.10898131877183914
0.09182873368263245
0.1280936896800995
-0.07051458209753036
-0.2663106918334961
-0.10906495153903961
0.10012828558683395
0.015266742557287216
0.033673908561468124
-0.021155420690774918
-0.08111509680747986
-0.0023155955132097006
0.12411192804574966
0.1260012537240982
0.039632152765989304
-0.10330014675855637
0.04725728556513786
0.13611258566379547
0.2555682063102722
0.25776076316833496
0.1630672961473465
0.06397199630737305
0.20537948608398438
0.19603264331817627
0.18103376030921936
0.1226898580789566
0.06311828643083572
-0.17275545001029968
-0.25231215357780457
-0.11505886912345886
-0.1593833565711975
-0.1175336167216301
-0.13252536952495575
-0.15245315432548523
-0.26049578189849854
-0.009667357429862022
-0.05183335393667221
-0.0624767504632473
-0.09084995836019516
0.08021064847707748
-0.0944867804646492
-0.01941530592739582
0.007774676661938429
-0.0840720683336258
0.0068065691739320755
-0.013809699565172195
-0.06481459736824036
-0.07571146637201309
0.057802364230155945
-0.07780610769987106
-0.031046465039253235
0.09480848163366318
-0.0454745776951313
0.10098680853843689
-0.08620063215494156
-0.04554760456085205
-0.08196718990802765
0.0670662373304367
-0.07816774398088455
-0.0831228494644165
-0.06508120149374008
-0.13681088387966156
-0.08961856365203857
0.15258216857910156
0.0750107690691948
-0.16389374434947968
0.10312420129776001
0.20180346071720123
0.04067330062389374
-0.1304532289505005
-0.08050023764371872
0.02071661688387394
0.24654901027679443
-0.009412990882992744
0.02273610047996044
-0.13529306650161743
0.10297692567110062
0.09617585688829422
0.1429757922887802
0.020219750702381134
0.030668335035443306
-0.023914001882076263
0.0932045504450798
0.047072820365428925
0.1181369423866272
-0.019105542451143265
-0.00564425066113472
0.02242947742342949
0.19840629398822784
0.1169879361987114
-0.024610597640275955
-0.11274729669094086
-0.014171050861477852
0.04327302426099777
0.2164173573255539
0.09626416862010956
-0.14874601364135742
-0.03561092168092728
0.1020248755812645
0.15210068225860596
-0.04913441091775894
0.10890743881464005
0.03764650598168373
-0.056357622146606445
-0.06469421088695526
0.02792278304696083
0.1388862133026123
0.029296811670064926
0.017665773630142212
-0.05778999626636505
0.0530250258743763
0
0
0
0
0
0
0
0
0
0
0
0
0
0
0
0
0
0
0
0
0
0
0
0
0
0.01927310600876808
0.12271533906459808
0.08176922798156738
0.09536989778280258
0.06253205984830856
0.0013456996530294418
0.10349621623754501
0.06948976218700409
-0.08164361864328384
-0.0008239230373874307
-0.01750488206744194
-0.06708405911922455
-0.07289407402276993
-0.09582703560590744
0.05678461119532585
0.03834793344140053
-0.059045348316431046
-0.058892957866191864
0.011149199679493904
-0.02786834165453911
0.03471348434686661
0.026626646518707275
0.026194322854280472
-0.045723143965005875
0.03281375393271446
0.08181658387184143
-0.07319530844688416
-0.050757601857185364
-0.10661432147026062
-0.10104049742221832
-0.07813909649848938
0.0347474031150341
-0.03565426915884018
0.07561251521110535
0.050963886082172394
-0.10785874724388123
0.033763494342565536
0.0849224179983139
-0.030713167041540146
-0.07501629739999771
-0.04881943762302399
-0.09749900549650192
-0.08708854019641876
-0.09846280515193939
0.06623798608779907
-0.09894482046365738
-0.04190019890666008
-0.016148950904607773
0.03652399033308029
-0.007619923911988735
0.01115194521844387
-0.06572430580854416
-0.07692545652389526
-0.00035290647065266967
0.07745759934186935
-0.025780795142054558
0.04841628298163414
-0.09749840199947357
-0.09644077718257904
-0.016420751810073853
0.10122232884168625
0.054374437779188156
0.07667393982410431
0.08122745901346207
0.019411733373999596
-0.08030814677476883
-0.042464952915906906
0.02594524808228016
-0.02175056003034115
-0.06653743982315063
0.04946538060903549
0.07374948263168335
0.004365598317235708
0.07588690519332886
-0.0004840645706281066
0.031880710273981094
0.035992491990327835
-0.10322065651416779
-0.09076765924692154
-0.006757528055459261
0.006294935941696167
0.058009546250104904
-0.06642059236764908
-0.06561984866857529
-0.07251317799091339
-0.01849047839641571
0.07088669389486313
-0.06357797235250473
0.014972860924899578
0.010338893160223961
-0.051946356892585754
-0.07430435717105865
0.016530301421880722
-0.09508415311574936
0.04920302331447601
-0.04258039966225624
0.08635684847831726
-0.06766483187675476
-0.09933247417211533
0.06840739399194717
0.06641480326652527
0.1053120568394661
-0.04980224370956421
-0.10272467136383057
0.002111455425620079
-0.009979062713682652
-0.05895482376217842
-0.024834532290697098
0.05526002496480942
-0.05076487362384796
0.07782607525587082
-0.1083211824297905
0.009052246809005737
-0.1049029752612114
0.009247038513422012
-0.09368835389614105
-0.03198733553290367
-0.10591232031583786
-0.019241441041231155
-0.005366783123463392
0.07954669743776321
0.014619535766541958
-0.08096745610237122
0.057427167892456055
0.06907249987125397
0
0
0
0
0
0
0
0
0
0
0
0
0
0
0
0
0
0
0
0
0
0
0
0
0
0.016935672610998154
0.14743569493293762
0.1293342113494873
0.008946917951107025
-0.04100326821208
-0.04978436976671219
0.14304612576961517
-0.06006261333823204
0.0011255511781200767
-0.016748689115047455
0.19121584296226501
0.2239600419998169
-0.12418078631162643
-0.20233847200870514
0.10843449085950851
0.07308010756969452
0.09956476837396622
-0.1405820995569229
-0.184221550822258
-0.04863850027322769
0.07615569233894348
0.0633617490530014
0.002641612896695733
-0.01790257729589939
0.04498748481273651
-0.0643388107419014
0.030060606077313423
0.09015762805938721
-0.10888494551181793
-0.13422004878520966
0.13230565190315247
0.07372025400400162
0.1838083416223526
-0.02922940067946911
-0.014079183340072632
0.1612674444913864
0.2033083587884903
0.14095565676689148
0.14403848350048065
0.17427439987659454
0.02675657719373703
-0.05210797116160393
0.00414468115195632
-0.08445718139410019
-0.04335355758666992
-0.1765652596950531
-0.2165505588054657
-0.2148209512233734
-0.01378736924380064
0.018811220303177834
0.09832258522510529
0.09453067928552628
-0.049048084765672684
-0.08925602585077286
0.0628354623913765
-0.060267020016908646
0.07602929323911667
-0.05653192102909088
-0.002162415534257889
-0.07131875306367874
-0.10407377034425735
-0.03752972185611725
-0.0821264460682869
0.05352700501680374
0.09599976241588593
0.023945167660713196
-0.06447476148605347
-0.036586351692676544
0.06077203527092934
-0.10011313110589981
-0.004290834069252014
0.039051249623298645
0.029380589723587036
-0.07878469675779343
0.08279940485954285
0.018419163301587105
0.08168157935142517
0.03561645746231079
0.06380441039800644
0.057631418108940125
0.03720128536224365
-0.023286068812012672
-0.0376058965921402
-0.061902280896902084
-0.09239540994167328
0.12303102016448975
0.13095036149024963
0.022120129317045212
-0.03282328322529793
-0.02447453886270523
0.1437089443206787
-0.027694107964634895
0.031849995255470276
-0.07023968547582626
-0.003255855990573764
0.1382594257593155
-0.025399846956133842
-0.05098472535610199
-0.05399976670742035
0.06328155845403671
0.054958827793598175
0.058220576494932175
0.14705713093280792
0.04228661581873894
0.048689428716897964
0.02267553098499775
0.1479550153017044
0.0057983859442174435
0.003577311523258686
-0.08025257289409637
-0.07465958595275879
0.13996563851833344
-0.004502598196268082
0.0023382510989904404
0.11422823369503021
-0.1201191395521164
-0.04843168705701828
-0.10005218535661697
0.10158111155033112
0.007044193334877491
-0.0128330672159791
0.051680050790309906
-0.1353357583284378
-0.12181209027767181
0.06424158811569214
0
0
0
0
0
0
0
0
0
0
0
0
0
0
0
0
0
0
0
0
0
0
0
0
0
0.004721502773463726
0.08086013048887253
0.07658667117357254
0.09149676561355591
-0.05353965610265732
0.08357071876525879
0.026318015530705452
-0.015348687767982483
0.020393013954162598
0.0496072992682457
0.06016154587268829
-0.07725034654140472
-0.048504117876291275
0.06109015643596649
-0.07771462947130203
0.04543116316199303
-0.09237951040267944
-0.05326468497514725
-0.06531243026256561
-0.09992200881242752
0.08538004755973816
0.06670337915420532
0.005177600774914026
-0.0248529352247715
-0.05962409824132919
-0.08683016151189804
-0.013767004013061523
0.09233962744474411
0.03905081748962402
0.07046099752187729
0.08535180985927582
0.047292258590459824
-0.029255343601107597
0.014492660760879517
0.09258495271205902
0.009420512244105339
0.06711180508136749
-0.0550922155380249
0.061701178550720215
-0.0816892609000206
0.045386750251054764
0.08890672028064728
0.09691520780324936
0.011240717023611069
-0.04421732574701309
0.0450490266084671
-0.015581483021378517
-0.08377502858638763
0.09607115387916565
-0.09392408281564713
0.008486283011734486
-0.031840406358242035
0.10097693651914597
-0.012057129293680191
0.05134444683790207
0.07260996103286743
0.01153385266661644
-0.07054248452186584
0.05912087485194206
-0.06914036720991135
0.05768154188990593
0.007406486198306084
0.033755719661712646
0.07617194950580597
-0.03650227189064026
-0.054207973182201385
0.022571399807929993
0.050272759050130844
-0.08112447708845139
0.09808464348316193
-0.04817876219749451
0.009221560321748257
0.09038587659597397
0.0515899732708931
-0.06596548855304718
-0.028243109583854675
0.020909851416945457
-0.019122503697872162
-0.0010472715366631746
-0.0626559779047966
0.05623171105980873
0.06540538370609283
0.09441263973712921
-0.0760614275932312
-0.0711776614189148
0.04530327394604683
-0.03392379730939865
-0.09554679691791534
-0.044577959924936295
0.08398140966892242
-0.000978719675913453
-0.08996305614709854
0.025878218933939934
0.006682229228317738
0.05716807767748833
0.022650057449936867
0.02096734382212162
-0.07747210562229156
-0.08638617396354675
-0.004008161369711161
-0.08407433331012726
-0.03937482088804245
-0.010553945787250996
-0.035966791212558746
0.06915295124053955
0.005089412909001112
0.042368944734334946
-0.09574244916439056
0.06869395077228546
0.0434541180729866
-0.08671747893095016
0.0321616530418396
-0.02268345281481743
0.030792417004704475
-0.09701696038246155
0.024403471499681473
0.047473590821027756
0.045961569994688034
-0.06963945180177689
0.05280110985040665
-0.026820505037903786
0.08712073415517807
-0.0999719649553299
0.057448484003543854
0.016004428267478943
0
0
0
0
0
0
0
0
0
0
0
0
0
0
0
0
0
0
0
0
0
0
0
0
0
