00000010010011011011101110000100
00000001010010011011011111000000
00000001010000110011101100111100
00000000000100111100000101111101
00000001010011111111101101101100
00000000010110000010101011010111
00000010100001010101100011111000
00000001011101101101010111100110
00000010101010100011100010001100
00000000000110000101111111010101
00000010010110111110101011100000
00000001011101010110000000010010
00000001101001000101000001010010
00000001010111010100000000100000
00000010110111111010010011111100
00000000111001010010100100101100
00000011010111100110011011111100
00000000000101011101000110001001
00000001111111101110110011011100
00000001110111010010000111001110
00000010011110011001000010101000
00000001011100000111011100011010
00000100001101100101010101010000
00000000000111101000001100010100
00000001000111001111001011000010
00000001001100100011110000011010
00000000011111010000010000011000
00000000000110000010110111110000
00000011101011011011100001111100
00000001011111111000110010010000
00000000000111100001001001011011
00000000000111001110111010010001
00000010110100101000001010111000
00000001001100010011100111001010
00000000010001101011001111000010
00000000010011101010001011010101
00000000000011011101001100011100
00000000001100101010010100110000
00000011010110100010011011100100
00000001010000110010111001010110
00000001001111111001110110101010
00000000111010111010001011100111
00000000110011011111100111010011
00000011011110010011010101010000
00000100000100000111000100110000
00000000110000111100100100101111
00000001100000011101100100110110
00000001010111111111000110000000
00000000110111110011001110110010
00000010011110110111110010110000
00000010110010011010111111010100
00000000111001110011001011110100
00000100011010000000000110111000
00000000000100001110111001011010
00000000000011001011010011111110
00000011100111101100111011111000
00000010111000011001110110011000
00000000010000101111100101010010
00000011010110101101011111111000
00000000100001001101101000011101
00000000010110010011111000110001
00000000100001010001001111001011
00000100111011111111011110101000
00000000010110000101111100100110
00000000000000010000110100110100
00000000111010010011010111001110
00000000011000100101110101100000
00000011001001100110100100000100
00000011100011100101100101110000
00000000100000001110100011100010
00000011010111000110001110100000
00000000111100010100111100001100
00000000001111100101001111011101
00000100000110110001001000000000
00000100111000110111010001011000
00000000101100111111001110001101
00000001110000111101100010001110
00000000111001101110101110001110
00000000101100101011011101101011
00000100110111001100001110011000
00000010010011100101000000001000
00000001001111000010101011111010
00000010101001111111000011000100
00000000000011110100111101101000
00000000100101001000010111001001
00000100001101111110000110111000
00000011000100010111001111000100
00000001110011011010010100100110
00000011110011110100011010010100
00000001000101000110000111001100
00000001010101011011011100001000
00000001011111001001000011110110
00000011010111000010110101010000
00000000100110001000111001101010
00000000100111010101100101101110
00000001000001111010001010011100
00000000100101111100101010010001
00000010010010110010101001001100
00000100111010100110111010010000
00000000011000010010110010101110
00000010000110100001001001100100
00000001000001011010100110000110
00000000111000010110000000011011
00000100000000001010000101111000
00000100101110110110010000110000
00000001100001001000101111011110
00000001111010101001101100010010
00000001011101011100100011000100
00000000010001010000010110111010
00000011000111110001001011000000
00000010110011001001110001111100
00000000101100110110110000001101
00000000101010110111100100111010
00000001011001101101110101100100
00000000101101100110110100001011
00000010110011111001001100110100
00000000001100001100101010000100
00000000111111101000000111011110
00000000000100101011101110110110
00000001000011100001100010011100
00000000110001111010111010111111
00000000011101101001100110010111
00000011001011101100111010101100
00000000100101110010011010110100
00000001011110010001000100000010
00000000111011100010110110001111
00000000011000101110010000111000
00000001001001100100101110001110
00000010101111010101101010001100
00000001100100101000010000101100
00000000000000000100110111010101
00000000101001010000111101011000
00000000101001010011100001101000
00000001010110110010001011011100
00000000101101100110110100111011
00000001010000101001111010000000
00000000100100100010110000111001
00000000011000111011010100010110
00000000000010011000110111000110
00000001100001111110111101001000
00000000011111000011110101111001
00000000001101011011011101111001
00000001100001111001010001110110
00000000011000100000011101001011
00000000100000011100110100010001
00000001101110100000101011011110
00000000100110111100000110011011
00000001010111110100111000000110
00000000110000111001110001010010
00000000101000100011101010100001
