00111101101111101111010111001010
00111111101010000101000010101110
00111111001110100111011000100100
00000000000000000000000000000000
00000000000000000000000000000000
00111111100100101011001001010010
01000000001110100110100111101000
00111111010101001000001011100100
00111111110110001111010011101110
00111111111011000111001010110110
00111111111111011000000111001000
01000000100110110110100010000110
01000000000110010100011110101100
00111110001100001001001011100101
00111111100110001011100000110111
00111110010110111010000100011000
01000000001100011001001111001100
01000000100001110110010110011101
00000000000000000000000000000000
00000000000000000000000000000000
01000000100101000010100110010010
00111111011011101000011101111101
00111111100011010101100010110010
00111110100101010110100011100101
00000000000000000000000000000000
00111100101110000000001011110000
00000000000000000000000000000000
00000000000000000000000000000000
00111101110111000111101101011100
00111111100001100110101011100010
00000000000000000000000000000000
00000000000000000000000000000000
01000000010010000000110011000110
01000000101101101000111010001000
01000000100100010110111110011101
00000000000000000000000000000000
00111101000100101101100110111110
01000000100100111011011110011111
01000000111011101001101000001001
01000000100000101111001010010010
00000000000000000000000000000000
00111111111111010010101000110000
00111110100111000001010011111001
01000001000011110101101010011010
01000000000101000100011011000100
00000000000000000000000000000000
00111110010100001010001011100010
01000000100010110010011111001110
01000001000000001111011101011010
00111111000001000100100001010110
00111100001000111100000110011010
00111111010011110100010110010010
01000000100000101010110110101101
01000000100100001011110101100110
01000000100010100111110001110000
00111110001100100000010000000100
01000000010000101011101100011110
01000000101001000000110110010001
01000000001001100010001010111000
00111110111111110101010110100010
00111111110110010001101010000001
00111111100100010010101111000100
00111111100101011101011010010101
01000000001110110000100000111010
00111110111100101011011110111010
00111111111011110100111101110100
01000000001000100010100111000110
01000000010100110001011110111101
01000000001010100010110110101000
00111110111010010100111011010000
00111101111111111110111011011011
01000000000100101010100010000010
00111111101100011110111110101100
00111110000000010001011001000000
00111110000001000011010001010101
00111110100011010001110111000111
01000000011100001000011000010101
01000001000101010110101001001100
01000001000010101011101010011000
01000000101111110000101011001100
00111111101101101101011101010110
01000000100110001100001100110000
00111111110010110010000000110000
00000000000000000000000000000000
00000000000000000000000000000000
01000000000100000011000110000000
00111110110010110110100000101001
00000000000000000000000000000000
00111111110001110100000101000010
00111111100011001110010011010000
01000000001110010101100010011011
01000000010111101011111010101100
01000000100100111000010101111010
00111110101110100110111000111110
00000000000000000000000000000000
00000000000000000000000000000000
00111110111010111101100100101000
00000000000000000000000000000000
00000000000000000000000000000000
00111110000110111001110111011001
00000000000000000000000000000000
00000000000000000000000000000000
00000000000000000000000000000000
00111101111111101100010100101110
00111110101001011110100101100000
00111110010001100100011101101010
00111110111010100011111010101000
01000000001001001100001011100101
01000001000011001100110011010101
01000001000110111001100011011010
00111110110000110010100100001101
01000000101110100000000110110010
01000000110011111111110011100010
00111110100010001000010110100111
00111111100101100100100011111000
00111101111100000010010010101001
00111101111110001011110011100010
00111111110111111101000000101001
01000000011100000010110000111100
00111111110011000110011101000101
01000001000000011110111000101001
01000001000011011110011110011010
01000001000001110110010111101110
01000000110100000011111101011100
00111111100000011000110111011101
00111111011100100100000010100001
00111111101001100000001100000110
00000000000000000000000000000000
00000000000000000000000000000000
00000000000000000000000000000000
01000000000101010101111100101100
01000000000010011101110101110100
00000000000000000000000000000000
00111111001100100011001010011001
00111111101101001001010001001010
01000000000000110100111111011110
01000000100000101011100010011101
00111111011010011010111100111100
00000000000000000000000000000000
00111111001111001111111011100111
00111111010100001101110111001100
00111111010010010101100101100101
00111111010001101001111111101111
00000000000000000000000000000000
00111110001000001101000101101100
01000000010101000100100001111010
00111111110110101001111011101110
00111110111110010101000000000000
00111111000011101100011011000100
00111111011110111001011100001000
00111110110111100011000001100010
00111111011011010010011011111001
00111111101100100011001100010010
00111111111100011000101001101100
01000000001010010000111111101100
00111110101011110011010110011100
01000000101000010001001000100100
01000000101011111111111010110010
01000000000001011010101100000101
00111111111110101110010110111111
00111111101011001011110010100100
01000000110001010000100110101100
00111111111011010100000110111100
00000000000000000000000000000000
00000000000000000000000000000000
01000000100100111000111100001110
01000000000010001011101101100010
00111111101010100100101001011001
00000000000000000000000000000000
00111101001011111100010111000100
01000000010011001111011100110000
01000000010100011101000001110101
01000000101001001101101100000101
00000000000000000000000000000000
00111100101101000100110001000110
00000000000000000000000000000000
00000000000000000000000000000000
00000000000000000000000000000000
00000000000000000000000000000000
00000000000000000000000000000000
00000000000000000000000000000000
00000000000000000000000000000000
00000000000000000000000000000000
00000000000000000000000000000000
00000000000000000000000000000000
00000000000000000000000000000000
00000000000000000000000000000000
00000000000000000000000000000000
00000000000000000000000000000000
00000000000000000000000000000000
00000000000000000000000000000000
00000000000000000000000000000000
00000000000000000000000000000000
00000000000000000000000000000000
00000000000000000000000000000000
00000000000000000000000000000000
00000000000000000000000000000000
00000000000000000000000000000000
00000000000000000000000000000000
00000000000000000000000000000000
00111110100110011011100000011011
00111111100000100010101011111110
01000000010111000000100010110110
01000000101000001111010100000100
01000000101011000000000100000000
00111101010001001101100001011000
00111111101100100100110101101010
01000000110101100010110110011100
01000000001000001111010111010101
01000000000011110110101001110010
00000000000000000000000000000000
00111111011111010000001111111110
01000000011000101011010011100110
01000000001111011101000111110110
00111110011010010011011000111100
01000000010001000111011001011111
01000000000101001110011001100000
00111111100011110111001010001001
01000000100101001001001000010010
00111111001011011010000000111011
00111111001010100110101011111110
01000000001100010000110011111011
01000000100010101001010100101010
00111111010011010001101010000000
00111101010010000110100001000001
00111110101110011001110101111011
00111111111001000000001001010111
01000000010111001001110000100010
01000000100001011111010111101110
01000000010010001111101100111011
00111111101100001100111001001110
01000000100001010100011111100100
01000000100101110001101010011100
01000000010110111010010010001000
00111111001111100100001000000000
01000000001010010111011101001010
01000000010010101001110000001000
00111111111010010011011110101000
01000000010010010001010110100010
00111111000011111111001111010100
01000000001100100011111010101001
01000000011100100001010010101010
01000000010011111101000111100010
01000000001001000000000111101111
00111111010001001101110010011100
00111111100100001001000010010101
01000000011000101001101111101111
00111111111100010010010101111100
00111110110000101011110101001110
00111111001100111000001100101110
00111101000001111101000111000110
00000000000000000000000000000000
00111111101100110110011101110000
01000000011001100110111111100100
01000000100100010001100011110100
00000000000000000000000000000000
00000000000000000000000000000000
01000000100110011101000100011000
01000000100100101000011111011100
01000000011110001100101011110001
00000000000000000000000000000000
00111110011110011101111000001000
01000000110100101100010100101010
01000000110001010110011101101110
01000000000101101011010110001100
00111111010000000001011010101101
01000000010001010100101010000111
01000000000101100000011000110001
01000000110101110101100110011010
01000000000001101000001000010001
00111110111001100011000011011101
01000000001011111100111000101011
01000000101010100010100111101111
01000000101010010100101101110010
00111110111001111110001111011100
00111110101110110011100100110000
00111111010010110010001111011010
00111111101111111100101110011000
01000000010001010010111001010100
01000000000000101111000110110011
01000000000001010001100100111011
01000000100110010010110010001110
01000000001110100001001001110000
01000000011100111010010000101001
00111111110110000101011100000010
01000000000101000001101001000100
01000000100001101101011001101101
00111111100011110101111010010001
00111110100001110100001111011011
00111110110010000110010001000110
00111111101111100010110000000101
00111111100111011100000001101100
00111111111110100001011100011110
00111111100000010001111100000001
00111111100111101010110111011010
01000000011111000001111100011101
01000000101010001111001010011000
01000000001001110100010001011100
00111110110110100011111100010001
00111111001000101010100001001101
00111101111110000001110111001000
00000000000000000000000000000000
00000000000000000000000000000000
00000000000000000000000000000000
00000000000000000000000000000000
00111111010101001011101010100110
00111110001010101010100001011001
00111111110111001000111010101010
01000000110100100010011011000111
01000000101000111110110101011101
00111111110011101100111111000010
01000000101001110111110111101001
00111111110110100100100011010100
00111110100001110001011010101110
00111111100011100100011000111101
00000000000000000000000000000000
00111111110010011111001110011110
00111111001000001001111000100001
00111111011110110101011001011010
00111111011001011100100010010010
01000000100100101111011110111000
01000000010101110110011101000110
01000000100010001100100110100010
01000000001110000100110001111010
00111110011100111100011010110100
00111110000110110000111100011010
00000000000000000000000000000000
00111110010101101101011101011111
00111110110101110110100011110011
00111100110110011011000010110100
00111101100001100001000011110101
00111111100111101101110011000001
01000000011100101011011000000110
01000000100110111010011001000111
01000000100100101100010000011001
00111110111001110101011001111110
01000000110010101011110110101101
01000000100111010010100100100100
00111111111010001111000110001100
01000000000111101000001100010100
00111111000110001111110011111100
01000000000111100110010011000011
01000000101101100001110100111111
01000000001100001001000001111100
00000000000000000000000000000000
01000000100110011110100001011001
01000000001101010011011100010010
01000000100010011001100110000011
00111111111100111011101101011110
00111100110111101000111110111110
00111111011101101011110010110000
01000000000001011010111011011111
01000000100001011111101101000101
01000000100011000101100101111100
01000000000100111011101010000111
00111111100111010001111011011001
00111111000000101000110101010111
00111101110011101001110110111000
00111110110101100001100001011100
00111101101001110101011000010101
00111110010000000110110100001011
00111011100011011110111101010110
00111111001011100000010011111111
01000000100101110101111010010100
01000000001110100111111110110111
00111111100101010010110110100001
01000000010101001101111110010001
01000000010111100101010110111000
01000000000100100110110100100110
00111111010010100000001100010001
00000000000000000000000000000000
00111101101110100101110001111010
00000000000000000000000000000000
00111111011000101111100101010100
00111111100010001111110110000000
00111101000000101111001110111010
00111111100011110000110000101101
01000000001001001100001110011110
01000000011000101111110100101110
01000000001010001111000111001001
00111111111001010010011010001110
01000000110010101101100101101001
01000000011101101010011011111011
01000000100010011110100111011000
01000000011010000011110110010110
00111111110010011010110101101101
01000000100001101010010110100110
01000000001110011101000110001010
00111110011101100100011010001001
00000000000000000000000000000000
00111111111000101001011110101010
00000000000000000000000000000000
01000000000011011100100111011100
00111111011111101000000011110000
00111111000001001111110000000001
01000000110011100010101000110000
01000001000000001000101110101111
01000000001010001011001101101000
00111111001100110110010011011100
00111110100100111101110110101111
