00000000000011010111010111000010
00000000000100101011110000110010
11111111111111100001111011111001
00000000001001010101100011110010
00000000001001011011000111000110
00000000001011000100011000011011
00000000011010001100011111101000
11111111111011111100001001000101
00000000101101110000111001011000
00000000000000000001000001010000
00000000000011100111011100110000
11111111111111111000111010101001
00000000000011011111111001011110
00000000100101000001001001110000
00000000001000101111001001010111
00000000000101100000010100110010
00000000010011101111100101010101
00000000001110101010011100100101
00000000010100011111001101010000
00000000000000010001111100011100
11111111111110011111000110110010
11111111111101101110010000101011
00000000000000101101000110000011
11111111111010101001001000110110
11111111110011110100111111000000
11111111110010100100101111011111
11111111111111101111011111110000
00000000001011111001101111001111
11111111111001001011001010110010
00000000000000100000111110001100
11111111111100011111100010001100
00000000000001000000111100010010
00000000000111100010011001011110
00000000000100010000000010001100
11111111111101000110101111100101
11111111111100010011101100000000
11111111111010111001111101101111
00000000001011001011111100100110
00000000000001110010010101000001
00000000001111101101000101100101
00000000001111010001110011010110
11111111111111000001011100110111
11111111111101010011001100011100
00000000000000000010001010011000
00000000000100101111110111011000
00000000001000000000111001011000
00000000100010010111101101001111
00000000001101011010011011001111
11111111110111100110011111010001
00000000001100110011011111011001
11111111111111011100111110011001
11111111111010100100001111100100
11111111111110111011000001001101
00000000000101010010001111110011
11111111111110101011011011111000
00000000000100001100010000111011
11111111111011111010011111110010
00000000001110111110000111000111
00000000000000110110000000100111
00000000010001000001101110111111
00000000011000010001010001111110
00000000000111101001101101101000
00000000010001000011010110111111
00000000000000111110101011101111
00000000001000101000110110001011
00000000000000100101001111001110
00000000000010000111101011001111
11111111111111100011100111101110
00000000010000010110110100110000
11111111111111110111111000000010
00000000000001000100100101111100
11111111110111110001111000011001
00000000000011101111101001011011
00000000010010100001100011011100
00000000000100111100001110010110
11111111111011001010100001000011
11111111111110101101001101100000
00000000000101101100000100010001
00000000001001100111000110100110
11111111110111110111111010101011
11111111111110011010011100000010
11111111111010011101101110010111
11111111111100110101000011010010
11111111111010010001101010000000
11111111111011101100001001011101
00000000000100001011010000000100
00000000000000100000010110000100
00000000001111101000011101011000
00000000010110111011100110010111
00000000000101111000110001100011
00000000001000010010011110101100
00000000001001011100100111111011
00000000000000010111101010000110
00000000001001111111111011110011
00000000001010011001010110111011
11111111110111100001101000110110
11111111111111100000010001111110
00000000000000110111000011101100
11111111111001110001111000011000
00000000001110010100001011101001
11111111111101111101100001001101
11111111111101001010110111001011
11111111111101010011011011100100
11111111111000010011011101000011
00000000000111001011000010100001
00000000000000101100011011101001
00000000001010010001101100010110
00000000000101110000001110111001
11111111111000001110101001011110
11111111110101101010110001100101
11111111111110111111110011010010
11111111111010010101110011101011
11111111111100011010010000011101
11111111110100010101110011010110
00000000000100010110101100110101
11111111111001110101010111100010
00000000000110110101101111101010
00000000000000100011001011010010
11111111111001100011111111111011
11111111111111100110001010110101
