00000000000000000000000000000000
00000000000000000000000000000000
00000000000000000000000000000000
00000000000000000000000000000000
00000000000000000000000000000000
00000000000000000000000000000000
00000000000000000000000000000000
00000000000000000000000000000000
00000000000000000000000000000000
00000000000000000000000000000000
00000000000000000000000000000000
00000000000000000000000000000000
00000000000000000000000000000000
00000000000000000000000000000000
00000000000000000000000000000000
00000000000000000000000000000000
00000000000000000000000000000000
00000000000000000000000000000000
00000000000000000000000000000000
00000000000000000000000000000000
00000000000000000000000000000000
00000000000000000000000000000000
00000000000000000000000000000000
00000000000000000000000000000000
00000000000000000000000000000000
00000000000000000000000000000000
00000000000000000000000000000000
00000000000000000000000000000000
00000000000000000000000000000000
00000000000000000000000000000000
00000000000000000000000000000000
00000000000000000000000000000000
00000000000000000000000000000000
00000000000000000000000000000000
00000000000000000000000000000000
00000000000000000000000000000000
00000000000000000000000000000000
00000000000000000000000000000000
00000000000000000000000000000000
00000000000000000000000000000000
00000000000000000000000000000000
00000000000000000000000000000000
00000000000000000000000000000000
00000000000000000000000000000000
00000000000000000000000000000000
00000000000000000000000000000000
00000000000000000000000000000000
00000000000000000000000000000000
00000000000000000000000000000000
00000000000000000000000000000000
00000000000000000000000000000000
00000000000000000000000000000000
00000000000000000000000000000000
00000000000000000000000000000000
00000000000000000000000000000000
00000000000000000000000000000000
00000000000000000000000000000000
00000000000000000000000000000000
00000000000000000000000000000000
00000000000000000000000000000000
00000000000000000000000000000000
00000000000000000000000000000000
00000000000000000000000000000000
00000000000000000000000000000000
00000000000000000000000000000000
00000000000000000000000000000000
00000000000000000000000000000000
00000000000000000000000000000000
00000000000000000000000000000000
00000000000000000000000000000000
00000000000000000000000000000000
00000000000000000000000000000000
00000000000000000000000000000000
00000000000000000000000000000000
00000000000000000000000000000000
00111100010000001100000011000001
00111100010000001100000011000001
00111011100000001000000010000001
00000000000000000000000000000000
00000000000000000000000000000000
00000000000000000000000000000000
00000000000000000000000000000000
00111011100000001000000010000001
00111011100000001000000010000001
00111100000000001000000010000001
00111011100000001000000010000001
00000000000000000000000000000000
00000000000000000000000000000000
00111011100000001000000010000001
00111100100000001000000010000001
00111100000000001000000010000001
00111100000000001000000010000001
00111011100000001000000010000001
00000000000000000000000000000000
00000000000000000000000000000000
00000000000000000000000000000000
00000000000000000000000000000000
00000000000000000000000000000000
00000000000000000000000000000000
00000000000000000000000000000000
00000000000000000000000000000000
00000000000000000000000000000000
00000000000000000000000000000000
00000000000000000000000000000000
00000000000000000000000000000000
00000000000000000000000000000000
00111011100000001000000010000001
00000000000000000000000000000000
00000000000000000000000000000000
00111100000000001000000010000001
00111100000000001000000010000001
00000000000000000000000000000000
00000000000000000000000000000000
00111100000000001000000010000001
00111100111000001110000011100001
00111100100000001000000010000001
00000000000000000000000000000000
00000000000000000000000000000000
00000000000000000000000000000000
00000000000000000000000000000000
00000000000000000000000000000000
00000000000000000000000000000000
00000000000000000000000000000000
00111011100000001000000010000001
00000000000000000000000000000000
00111100111000001110000011100001
00000000000000000000000000000000
00000000000000000000000000000000
00000000000000000000000000000000
00000000000000000000000000000000
00000000000000000000000000000000
00000000000000000000000000000000
00000000000000000000000000000000
00000000000000000000000000000000
00000000000000000000000000000000
00000000000000000000000000000000
00000000000000000000000000000000
00000000000000000000000000000000
00000000000000000000000000000000
00111011100000001000000010000001
00111100000000001000000010000001
00111100010000001100000011000001
00111100000000001000000010000001
00000000000000000000000000000000
00000000000000000000000000000000
00111100000000001000000010000001
00111100000000001000000010000001
00111100000000001000000010000001
00111011100000001000000010000001
00111011100000001000000010000001
00000000000000000000000000000000
00000000000000000000000000000000
00000000000000000000000000000000
00000000000000000000000000000000
00000000000000000000000000000000
00000000000000000000000000000000
00111011100000001000000010000001
00111101001000001010000010100001
00000000000000000000000000000000
00000000000000000000000000000000
00000000000000000000000000000000
00000000000000000000000000000000
00000000000000000000000000000000
00000000000000000000000000000000
00000000000000000000000000000000
00000000000000000000000000000000
00000000000000000000000000000000
00000000000000000000000000000000
00000000000000000000000000000000
00000000000000000000000000000000
00111011100000001000000010000001
00111100010000001100000011000001
00111100010000001100000011000001
00111011100000001000000010000001
00111100000000001000000010000001
00111011100000001000000010000001
00111011100000001000000010000001
00111011100000001000000010000001
00111100000000001000000010000001
00111100010000001100000011000001
00111100010000001100000011000001
00111011100000001000000010000001
00000000000000000000000000000000
00000000000000000000000000000000
00000000000000000000000000000000
00111100000000001000000010000001
00111100000000001000000010000001
00111011100000001000000010000001
00000000000000000000000000000000
00111100101000001010000010100001
00000000000000000000000000000000
00000000000000000000000000000000
00000000000000000000000000000000
00000000000000000000000000000000
00000000000000000000000000000000
00000000000000000000000000000000
00000000000000000000000000000000
00000000000000000000000000000000
00000000000000000000000000000000
00000000000000000000000000000000
00000000000000000000000000000000
00000000000000000000000000000000
00111011100000001000000010000001
00111011100000001000000010000001
00000000000000000000000000000000
00000000000000000000000000000000
00111100010000001100000011000001
00111100101000001010000010100001
00111100000000001000000010000001
00111011100000001000000010000001
00111100000000001000000010000001
00111011100000001000000010000001
00111011100000001000000010000001
00000000000000000000000000000000
00111100000000001000000010000001
00111100000000001000000010000001
00000000000000000000000000000000
00111100000000001000000010000001
00111011100000001000000010000001
00000000000000000000000000000000
00000000000000000000000000000000
00000000000000000000000000000000
00000000000000000000000000000000
00000000000000000000000000000000
00000000000000000000000000000000
00000000000000000000000000000000
00000000000000000000000000000000
00000000000000000000000000000000
00000000000000000000000000000000
00000000000000000000000000000000
00000000000000000000000000000000
00000000000000000000000000000000
00000000000000000000000000000000
00000000000000000000000000000000
00000000000000000000000000000000
00000000000000000000000000000000
00000000000000000000000000000000
00111011100000001000000010000001
00111011100000001000000010000001
00111100010000001100000011000001
00111100111000001110000011100001
00111101010100001101000011010001
00111101010000001100000011000001
00111101010000001100000011000001
00111101001100001011000010110001
00111101001000001010000010100001
00111101001000001010000010100001
00111101011100001111000011110001
00111101101010001010100010101001
00111101110010001100100011001001
00111101100010001000100010001001
00111100100000001000000010000001
00111011100000001000000010000001
00000000000000000000000000000000
00000000000000000000000000000000
00000000000000000000000000000000
00000000000000000000000000000000
00000000000000000000000000000000
00000000000000000000000000000000
00000000000000000000000000000000
00000000000000000000000000000000
00000000000000000000000000000000
00000000000000000000000000000000
00000000000000000000000000000000
00000000000000000000000000000000
00000000000000000000000000000000
00000000000000000000000000000000
00111100000000001000000010000001
00111100000000001000000010000001
00111011100000001000000010000001
00111100101000001010000010100001
00111101110000001100000011000001
00111110011001001110010011100101
00111110100101001001010010010101
00111110100100101001001010010011
00111110100101101001011010010111
00111110100110001001100010011001
00111110100100101001001010010011
00111110100110001001100010011001
00111110110011001100110011001101
00111111000011101000111010001111
00111111000110101001101010011011
00111110110010001100100011001001
00111101101110001011100010111001
00111011100000001000000010000001
00111100000000001000000010000001
00000000000000000000000000000000
00000000000000000000000000000000
00000000000000000000000000000000
00000000000000000000000000000000
00000000000000000000000000000000
00000000000000000000000000000000
00000000000000000000000000000000
00000000000000000000000000000000
00000000000000000000000000000000
00000000000000000000000000000000
00000000000000000000000000000000
00000000000000000000000000000000
00000000000000000000000000000000
00111100100000001000000010000001
00111100110000001100000011000001
00111101110100001101000011010001
00111110101011001010110010101101
00111111001100111011001110110100
00111111011011101110111011101111
00111111011011101110111011101111
00111111011011101110111011101111
00111111011100001111000011110001
00111111011100101111001011110011
00111111011100001111000011110001
00111111011100001111000011110001
00111111011100001111000011110001
00111111011101101111011011110111
00111111011100111111001111110100
00111111001101001011010010110101
00111110010010001100100011001001
00111011100000001000000010000001
00111100000000001000000010000001
00000000000000000000000000000000
00000000000000000000000000000000
00000000000000000000000000000000
00000000000000000000000000000000
00000000000000000000000000000000
00000000000000000000000000000000
00000000000000000000000000000000
00000000000000000000000000000000
00000000000000000000000000000000
00000000000000000000000000000000
00000000000000000000000000000000
00000000000000000000000000000000
00000000000000000000000000000000
00111100110000001100000011000001
00111110010001001100010011000101
00111111000010011000100110001010
00111111010101111101011111011000
00111111011011111110111111110000
00111111011101011111010111110110
00111111011000011110000111100010
00111111010100101101001011010011
00111111010011001100110011001101
00111111010100101101001011010011
00111111010010111100101111001100
00111111010110011101100111011010
00111111011000001110000011100001
00111111011001111110011111101000
00111111010100111101001111010100
00111111000001101000011010000111
00111110000111001001110010011101
00111100010000001100000011000001
00111100010000001100000011000001
00000000000000000000000000000000
00000000000000000000000000000000
00000000000000000000000000000000
00000000000000000000000000000000
00000000000000000000000000000000
00000000000000000000000000000000
00000000000000000000000000000000
00000000000000000000000000000000
00000000000000000000000000000000
00000000000000000000000000000000
00000000000000000000000000000000
00000000000000000000000000000000
00111100010000001100000011000001
00111101100000001000000010000001
00111110100110001001100010011001
00111111001010101010101010101011
00111111011011111110111111110000
00111111011011001110110011101101
00111111001110011011100110111010
00111111000000101000001010000011
00111110101011101010111010101111
00111110100000101000001010000011
00111110100011001000110010001101
00111110100011001000110010001101
00111110101010101010101010101011
00111110111001001110010011100101
00111111000011101000111010001111
00111110110100001101000011010001
00111110010010001100100011001001
00111101010000001100000011000001
00111100110000001100000011000001
00111100101000001010000010100001
00000000000000000000000000000000
00000000000000000000000000000000
00000000000000000000000000000000
00000000000000000000000000000000
00000000000000000000000000000000
00000000000000000000000000000000
00000000000000000000000000000000
00000000000000000000000000000000
00000000000000000000000000000000
00000000000000000000000000000000
00000000000000000000000000000000
00000000000000000000000000000000
00111100000000001000000010000001
00111101110000001100000011000001
00111110101110101011101010111011
00111111001110111011101110111100
00111111011010011110100111101010
00111111001101111011011110111000
00111110100010001000100010001001
00111110000010001000100010001001
00111101011100001111000011110001
00111100111000001110000011100001
00111101000100001001000010010001
00111101001100001011000010110001
00111101011100001111000011110001
00111101110010001100100011001001
00111110000111001001110010011101
00111101110000001100000011000001
00111101001000001010000010100001
00111100000000001000000010000001
00111100100000001000000010000001
00111100000000001000000010000001
00000000000000000000000000000000
00000000000000000000000000000000
00000000000000000000000000000000
00000000000000000000000000000000
00000000000000000000000000000000
00000000000000000000000000000000
00000000000000000000000000000000
00000000000000000000000000000000
00000000000000000000000000000000
00000000000000000000000000000000
00000000000000000000000000000000
00000000000000000000000000000000
00111100100000001000000010000001
00111110010010001100100011001001
00111111000100101001001010010011
00111111010111111101111111100000
00111111011010011110100111101010
00111111000010111000101110001100
00111110001101001011010010110101
00111101011000001110000011100001
00111100000000001000000010000001
00000000000000000000000000000000
00111100000000001000000010000001
00111100111000001110000011100001
00111100010000001100000011000001
00111011100000001000000010000001
00111100100000001000000010000001
00111100101000001010000010100001
00111100100000001000000010000001
00111011100000001000000010000001
00000000000000000000000000000000
00111011100000001000000010000001
00000000000000000000000000000000
00000000000000000000000000000000
00000000000000000000000000000000
00000000000000000000000000000000
00000000000000000000000000000000
00000000000000000000000000000000
00000000000000000000000000000000
00000000000000000000000000000000
00000000000000000000000000000000
00000000000000000000000000000000
00000000000000000000000000000000
00000000000000000000000000000000
00111101101000001010000010100001
00111110111000101110001011100011
00111111010100111101001111010100
00111111011110001111100011111001
00111111011100001111000011110001
00111111001111001011110010111101
00111111000011111000111110010000
00111110100011101000111010001111
00111101101010001010100010101001
00111100010000001100000011000001
00111100010000001100000011000001
00111100010000001100000011000001
00111100000000001000000010000001
00111100000000001000000010000001
00000000000000000000000000000000
00111011100000001000000010000001
00111011100000001000000010000001
00000000000000000000000000000000
00000000000000000000000000000000
00111100101000001010000010100001
00000000000000000000000000000000
00000000000000000000000000000000
00000000000000000000000000000000
00000000000000000000000000000000
00000000000000000000000000000000
00000000000000000000000000000000
00000000000000000000000000000000
00000000000000000000000000000000
00000000000000000000000000000000
00000000000000000000000000000000
00000000000000000000000000000000
00111011100000001000000010000001
00111110001110001011100010111001
00111111001010101010101010101011
00111111011001111110011111101000
00111111011011111110111111110000
00111111011001001110010011100101
00111111011011111110111111110000
00111111011000011110000111100010
00111111001100101011001010110011
00111110100111101001111010011111
00111101100100001001000010010001
00111101000000001000000010000001
00111100010000001100000011000001
00111101010000001100000011000001
00000000000000000000000000000000
00000000000000000000000000000000
00111100000000001000000010000001
00111011100000001000000010000001
00111100000000001000000010000001
00000000000000000000000000000000
00000000000000000000000000000000
00000000000000000000000000000000
00000000000000000000000000000000
00000000000000000000000000000000
00000000000000000000000000000000
00000000000000000000000000000000
00000000000000000000000000000000
00000000000000000000000000000000
00000000000000000000000000000000
00000000000000000000000000000000
00000000000000000000000000000000
00000000000000000000000000000000
00000000000000000000000000000000
00111110000000001000000010000001
00111111000101001001010010010101
00111111001111101011111010111111
00111111000011011000110110001110
00111110110100101101001011010011
00111111001000011010000110100010
00111111010100111101001111010100
00111111011010111110101111101100
00111111010010111100101111001100
00111110101011101010111010101111
00111101010000001100000011000001
00000000000000000000000000000000
00000000000000000000000000000000
00111100000000001000000010000001
00111101001100001011000010110001
00111100000000001000000010000001
00111100101000001010000010100001
00111100110000001100000011000001
00111011100000001000000010000001
00000000000000000000000000000000
00000000000000000000000000000000
00000000000000000000000000000000
00000000000000000000000000000000
00000000000000000000000000000000
00000000000000000000000000000000
00000000000000000000000000000000
00000000000000000000000000000000
00000000000000000000000000000000
00000000000000000000000000000000
00111011100000001000000010000001
00111011100000001000000010000001
00000000000000000000000000000000
00111101000100001001000010010001
00111110001010001010100010101001
00111110001100001011000010110001
00111101110110001101100011011001
00111101100110001001100010011001
00111101101110001011100010111001
00111110010011001100110011001101
00111111010010001100100011001001
00111111011000011110000111100010
00111111000011001000110010001101
00111110000000001000000010000001
00111100100000001000000010000001
00111011100000001000000010000001
00111100010000001100000011000001
00111100010000001100000011000001
00111100010000001100000011000001
00111011100000001000000010000001
00111011100000001000000010000001
00000000000000000000000000000000
00111100110000001100000011000001
00000000000000000000000000000000
00000000000000000000000000000000
00000000000000000000000000000000
00000000000000000000000000000000
00111100010000001100000011000001
00000000000000000000000000000000
00111100000000001000000010000001
00000000000000000000000000000000
00111101001000001010000010100001
00111110001011001010110010101101
00111110001100001011000010110001
00111100010000001100000011000001
00111100010000001100000011000001
00111100111000001110000011100001
00111100111000001110000011100001
00111100110000001100000011000001
00111100000000001000000010000001
00000000000000000000000000000000
00111101110000001100000011000001
00111111001110011011100110111010
00111111011001101110011011100111
00111111001000011010000110100010
00111110001000001010000010100001
00111100010000001100000011000001
00111011100000001000000010000001
00111100010000001100000011000001
00111011100000001000000010000001
00000000000000000000000000000000
00000000000000000000000000000000
00000000000000000000000000000000
00000000000000000000000000000000
00111011100000001000000010000001
00000000000000000000000000000000
00000000000000000000000000000000
00000000000000000000000000000000
00000000000000000000000000000000
00111100100000001000000010000001
00111011100000001000000010000001
00111100110000001100000011000001
00111100000000001000000010000001
00111110000010001000100010001001
00111111000100011001000110010010
00111111000111111001111110100000
00111110000111001001110010011101
00111101000100001001000010010001
00111100101000001010000010100001
00111100010000001100000011000001
00111100000000001000000010000001
00000000000000000000000000000000
00111100010000001100000011000001
00111110000110001001100010011001
00111111001110001011100010111001
00111111011001111110011111101000
00111111001010011010100110101010
00111110001010001010100010101001
00111011100000001000000010000001
00111100000000001000000010000001
00111011100000001000000010000001
00111100000000001000000010000001
00000000000000000000000000000000
00000000000000000000000000000000
00000000000000000000000000000000
00000000000000000000000000000000
00000000000000000000000000000000
00000000000000000000000000000000
00000000000000000000000000000000
00000000000000000000000000000000
00000000000000000000000000000000
00111100000000001000000010000001
00111011100000001000000010000001
00111100010000001100000011000001
00111011100000001000000010000001
00111110001101001011010010110101
00111111010000001100000011000001
00111111011010011110100111101010
00111111000001111000011110001000
00111101110010001100100011001001
00111100101000001010000010100001
00111100110000001100000011000001
00111011100000001000000010000001
00000000000000000000000000000000
00111100111000001110000011100001
00111110101001001010010010100101
00111111010100001101000011010001
00111111011000101110001011100011
00111111000100101001001010010011
00111110000010001000100010001001
00000000000000000000000000000000
00111011100000001000000010000001
00111011100000001000000010000001
00111100010000001100000011000001
00000000000000000000000000000000
00000000000000000000000000000000
00000000000000000000000000000000
00000000000000000000000000000000
00000000000000000000000000000000
00000000000000000000000000000000
00000000000000000000000000000000
00000000000000000000000000000000
00000000000000000000000000000000
00000000000000000000000000000000
00000000000000000000000000000000
00111011100000001000000010000001
00000000000000000000000000000000
00111110000111001001110010011101
00111111001011001010110010101101
00111111011101011111010111110110
00111111010100001101000011010001
00111110100010101000101010001011
00111101101010001010100010101001
00111100110000001100000011000001
00111100010000001100000011000001
00111101001000001010000010100001
00111101111110001111100011111001
00111111000111101001111010011111
00111111011001001110010011100101
00111111010000111100001111000100
00111110101101001011010010110101
00111101100000001000000010000001
00111100000000001000000010000001
00000000000000000000000000000000
00111100010000001100000011000001
00111011100000001000000010000001
00000000000000000000000000000000
00000000000000000000000000000000
00000000000000000000000000000000
00000000000000000000000000000000
00000000000000000000000000000000
00000000000000000000000000000000
00000000000000000000000000000000
00000000000000000000000000000000
00000000000000000000000000000000
00000000000000000000000000000000
00000000000000000000000000000000
00111011100000001000000010000001
00111100000000001000000010000001
00111101110000001100000011000001
00111110111011001110110011101101
00111111011001101110011011100111
00111111011101101111011011110111
00111111010000101100001011000011
00111110101110001011100010111001
00111101111110001111100011111001
00111101110100001101000011010001
00111110100101001001010010010101
00111111000101111001011110011000
00111111011011111110111111110000
00111111010111011101110111011110
00111111000000001000000010000001
00111110000001001000010010000101
00111100000000001000000010000001
00111100101000001010000010100001
00000000000000000000000000000000
00111011100000001000000010000001
00000000000000000000000000000000
00000000000000000000000000000000
00000000000000000000000000000000
00000000000000000000000000000000
00000000000000000000000000000000
00000000000000000000000000000000
00000000000000000000000000000000
00000000000000000000000000000000
00000000000000000000000000000000
00000000000000000000000000000000
00000000000000000000000000000000
00111011100000001000000010000001
00000000000000000000000000000000
00111011100000001000000010000001
00111100000000001000000010000001
00111101110010001100100011001001
00111110111110101111101011111011
00111111011001001110010011100101
00111111011100011111000111110010
00111111011001001110010011100101
00111111010100111101001111010100
00111111010111011101110111011110
00111111011011111110111111110000
00111111011011011110110111101110
00111111011000111110001111100100
00111110111011001110110011101101
00111110000001001000010010000101
00111100101000001010000010100001
00000000000000000000000000000000
00000000000000000000000000000000
00000000000000000000000000000000
00000000000000000000000000000000
00000000000000000000000000000000
00111100000000001000000010000001
00000000000000000000000000000000
00000000000000000000000000000000
00000000000000000000000000000000
00000000000000000000000000000000
00000000000000000000000000000000
00000000000000000000000000000000
00000000000000000000000000000000
00000000000000000000000000000000
00111011100000001000000010000001
00111101001000001010000010100001
00111100101000001010000010100001
00111100000000001000000010000001
00111100000000001000000010000001
00111100101000001010000010100001
00111101110110001101100011011001
00111110101011101010111010101111
00111111010000011100000111000010
00111111011001011110010111100110
00111111011010001110100011101001
00111111011010001110100011101001
00111111011001111110011111101000
00111111001111011011110110111110
00111110110011001100110011001101
00111101111010001110100011101001
00111100111000001110000011100001
00111100101000001010000010100001
00111100000000001000000010000001
00000000000000000000000000000000
00000000000000000000000000000000
00111100000000001000000010000001
00111011100000001000000010000001
00111100000000001000000010000001
00000000000000000000000000000000
00000000000000000000000000000000
00000000000000000000000000000000
00000000000000000000000000000000
00000000000000000000000000000000
00000000000000000000000000000000
00000000000000000000000000000000
00000000000000000000000000000000
00000000000000000000000000000000
00111100010000001100000011000001
00111100100000001000000010000001
00111100010000001100000011000001
00111011100000001000000010000001
00000000000000000000000000000000
00111100010000001100000011000001
00111101100010001000100010001001
00111110100110001001100010011001
00111111000001001000010010000101
00111111000110001001100010011001
00111111000110111001101110011100
00111111000100001001000010010001
00111110101001001010010010100101
00111101101000001010000010100001
00111100010000001100000011000001
00111100100000001000000010000001
00111100000000001000000010000001
00111011100000001000000010000001
00000000000000000000000000000000
00000000000000000000000000000000
00111101000100001001000010010001
00111011100000001000000010000001
00111011100000001000000010000001
00000000000000000000000000000000
00000000000000000000000000000000
00000000000000000000000000000000
00000000000000000000000000000000
00000000000000000000000000000000
00000000000000000000000000000000
00000000000000000000000000000000
00000000000000000000000000000000
00000000000000000000000000000000
00000000000000000000000000000000
00000000000000000000000000000000
00000000000000000000000000000000
00000000000000000000000000000000
00000000000000000000000000000000
00000000000000000000000000000000
00000000000000000000000000000000
00111101010000001100000011000001
00111101111100001111000011110001
00111110000110001001100010011001
00111110000111001001110010011101
00111110000011001000110010001101
00111101011100001111000011110001
00000000000000000000000000000000
00000000000000000000000000000000
00111100000000001000000010000001
00000000000000000000000000000000
00000000000000000000000000000000
00000000000000000000000000000000
00000000000000000000000000000000
00111100010000001100000011000001
00000000000000000000000000000000
00000000000000000000000000000000
00000000000000000000000000000000
00000000000000000000000000000000
00000000000000000000000000000000
00000000000000000000000000000000
00000000000000000000000000000000
00000000000000000000000000000000
00000000000000000000000000000000
00000000000000000000000000000000
00000000000000000000000000000000
00000000000000000000000000000000
00000000000000000000000000000000
00000000000000000000000000000000
00000000000000000000000000000000
00000000000000000000000000000000
00000000000000000000000000000000
00000000000000000000000000000000
00000000000000000000000000000000
00000000000000000000000000000000
00000000000000000000000000000000
00000000000000000000000000000000
00111011100000001000000010000001
00000000000000000000000000000000
00000000000000000000000000000000
00000000000000000000000000000000
00000000000000000000000000000000
00000000000000000000000000000000
00000000000000000000000000000000
00000000000000000000000000000000
00000000000000000000000000000000
00000000000000000000000000000000
00000000000000000000000000000000
00000000000000000000000000000000
00000000000000000000000000000000
00000000000000000000000000000000
00000000000000000000000000000000
00000000000000000000000000000000
00000000000000000000000000000000
00000000000000000000000000000000
00000000000000000000000000000000
00000000000000000000000000000000
00000000000000000000000000000000
00000000000000000000000000000000
00000000000000000000000000000000
00000000000000000000000000000000
00000000000000000000000000000000
00000000000000000000000000000000
00000000000000000000000000000000
00000000000000000000000000000000
00000000000000000000000000000000
00000000000000000000000000000000
00000000000000000000000000000000
00000000000000000000000000000000
00000000000000000000000000000000
00000000000000000000000000000000
00000000000000000000000000000000
00000000000000000000000000000000
00000000000000000000000000000000
00000000000000000000000000000000
00000000000000000000000000000000
00000000000000000000000000000000
00000000000000000000000000000000
00000000000000000000000000000000
00000000000000000000000000000000
00000000000000000000000000000000
00000000000000000000000000000000
00000000000000000000000000000000
00000000000000000000000000000000
00000000000000000000000000000000
00000000000000000000000000000000
00000000000000000000000000000000
00000000000000000000000000000000
00000000000000000000000000000000
00000000000000000000000000000000
00000000000000000000000000000000
00000000000000000000000000000000
00000000000000000000000000000000
00000000000000000000000000000000
00000000000000000000000000000000
00000000000000000000000000000000
00000000000000000000000000000000
00000000000000000000000000000000
00000000000000000000000000000000
00111011100000001000000010000001
00000000000000000000000000000000
00000000000000000000000000000000
00000000000000000000000000000000
00000000000000000000000000000000
00000000000000000000000000000000
00000000000000000000000000000000
00000000000000000000000000000000
00000000000000000000000000000000
00000000000000000000000000000000
00000000000000000000000000000000
00000000000000000000000000000000
00000000000000000000000000000000
00000000000000000000000000000000
00000000000000000000000000000000
00000000000000000000000000000000
00000000000000000000000000000000
00000000000000000000000000000000
00000000000000000000000000000000
00000000000000000000000000000000
00000000000000000000000000000000
00000000000000000000000000000000
00000000000000000000000000000000
00000000000000000000000000000000
00000000000000000000000000000000
00000000000000000000000000000000
00000000000000000000000000000000
00000000000000000000000000000000
00000000000000000000000000000000
00000000000000000000000000000000
00000000000000000000000000000000
00000000000000000000000000000000
00000000000000000000000000000000
00000000000000000000000000000000
00000000000000000000000000000000
00000000000000000000000000000000
00000000000000000000000000000000
00000000000000000000000000000000
00000000000000000000000000000000
00000000000000000000000000000000
00000000000000000000000000000000
00000000000000000000000000000000
00000000000000000000000000000000
00000000000000000000000000000000
00000000000000000000000000000000
00000000000000000000000000000000
00000000000000000000000000000000
00000000000000000000000000000000
00000000000000000000000000000000
00000000000000000000000000000000
00000000000000000000000000000000
00000000000000000000000000000000
00000000000000000000000000000000
00000000000000000000000000000000
00000000000000000000000000000000
00000000000000000000000000000000
00000000000000000000000000000000
00000000000000000000000000000000
00000000000000000000000000000000
00000000000000000000000000000000
00000000000000000000000000000000
00000000000000000000000000000000
00000000000000000000000000000000
00000000000000000000000000000000
00000000000000000000000000000000
00000000000000000000000000000000
00000000000000000000000000000000
00000000000000000000000000000000
00000000000000000000000000000000
00000000000000000000000000000000
00000000000000000000000000000000
00000000000000000000000000000000
00000000000000000000000000000000
00000000000000000000000000000000
00000000000000000000000000000000
00000000000000000000000000000000
00000000000000000000000000000000
00000000000000000000000000000000
00000000000000000000000000000000
00000000000000000000000000000000
00000000000000000000000000000000
00000000000000000000000000000000
00000000000000000000000000000000
00000000000000000000000000000000
