00000000000000000000000000000000
00000000000000000000000000000000
00000000000000000000000000000000
00000000000000000000000000000000
00000000000000000000000000000000
00000000000000000000000000000000
00000000000000000000000000000000
00000000000000000000000000000000
00000000000000000000000000000000
00000000000000000000000000000000
00000000000000000000000000000000
00000000000000000000000000000000
00000000000000000000000000000000
00000000000000000000000000000000
00000000000000000000000000000000
00000000000000000000000000000000
00000000000000000000000000000000
00000000000000000000000000000000
00000000000000000000000000000000
00000000000000000000000000000000
00000000000000000000000000000000
00000000000000000000000000000000
00000000000000000000000000000000
00000000000000000000000000000000
00000000000000000000000000000000
00000000000000000000000000000000
00000000000000000000000000000000
00000000000000000000000000000000
00000000000000000000000000000000
00000000000000000000000000000000
00000000000000000000000000000000
00000000000000000000000000000000
00000000000000000000000000000000
00000000000000000000000000000000
00000000000000000000000000000000
00000000000000000000000000000000
00000000000000000000000000000000
00000000000000000000000000000000
00000000000000000000000000000000
00000000000000000000000000000000
00000000000000000000000000000000
00000000000000000000000000000000
00000000000000000000000000000000
00000000000000000000000000000000
00000000000000000000000000000000
00000000000000000000000000000000
00000000000000000000000000000000
00000000000000000000000000000000
00000000000000000000000000000000
00000000000000000000000000000000
00000000000000000000000000000000
00000000000000000000000000000000
00000000000000000000000000000000
00000000000000000000000000000000
00000000000000000000000000000000
00000000000000000000000000000000
00000000000000000000000000000000
00000000000000000000000000000000
00000000000000000000000000000000
00000000000000000000000000000000
00000000000000000000000000000000
00000000000000000000000000000000
00000000000000000000000000000000
00000000000000000000000000000000
00000000000000000000000000000000
00000000000000000000000000000000
00000000000000000000000000000000
00000000000000000000000000000000
00000000000000000000000000000000
00000000000000000000000000000000
00000000000000000000000000000000
00000000000000000000000000000000
00000000000000000000000000000000
00000000000000000000000000000000
00000000000000000000000000000000
00111100110000001100000011000001
00000000000000000000000000000000
00000000000000000000000000000000
00111100010000001100000011000001
00111101001100001011000010110001
00000000000000000000000000000000
00000000000000000000000000000000
00000000000000000000000000000000
00111100110000001100000011000001
00111011100000001000000010000001
00111101000100001001000010010001
00111100000000001000000010000001
00000000000000000000000000000000
00111101001100001011000010110001
00000000000000000000000000000000
00000000000000000000000000000000
00000000000000000000000000000000
00000000000000000000000000000000
00000000000000000000000000000000
00000000000000000000000000000000
00000000000000000000000000000000
00000000000000000000000000000000
00000000000000000000000000000000
00000000000000000000000000000000
00000000000000000000000000000000
00000000000000000000000000000000
00000000000000000000000000000000
00000000000000000000000000000000
00000000000000000000000000000000
00000000000000000000000000000000
00000000000000000000000000000000
00111100101000001010000010100001
00000000000000000000000000000000
00111101011100001111000011110001
00000000000000000000000000000000
00000000000000000000000000000000
00111100111000001110000011100001
00111101100010001000100010001001
00111100101000001010000010100001
00111101010100001101000011010001
00000000000000000000000000000000
00000000000000000000000000000000
00111100000000001000000010000001
00000000000000000000000000000000
00111100100000001000000010000001
00000000000000000000000000000000
00111101001100001011000010110001
00000000000000000000000000000000
00000000000000000000000000000000
00000000000000000000000000000000
00000000000000000000000000000000
00000000000000000000000000000000
00000000000000000000000000000000
00000000000000000000000000000000
00000000000000000000000000000000
00000000000000000000000000000000
00000000000000000000000000000000
00000000000000000000000000000000
00000000000000000000000000000000
00000000000000000000000000000000
00000000000000000000000000000000
00000000000000000000000000000000
00000000000000000000000000000000
00000000000000000000000000000000
00111101100110001001100010011001
00000000000000000000000000000000
00111101000000001000000010000001
00111101100000001000000010000001
00000000000000000000000000000000
00000000000000000000000000000000
00000000000000000000000000000000
00000000000000000000000000000000
00111101000100001001000010010001
00111101000000001000000010000001
00111100101000001010000010100001
00111101000100001001000010010001
00000000000000000000000000000000
00111100110000001100000011000001
00000000000000000000000000000000
00000000000000000000000000000000
00000000000000000000000000000000
00000000000000000000000000000000
00000000000000000000000000000000
00000000000000000000000000000000
00000000000000000000000000000000
00000000000000000000000000000000
00000000000000000000000000000000
00000000000000000000000000000000
00000000000000000000000000000000
00000000000000000000000000000000
00000000000000000000000000000000
00000000000000000000000000000000
00000000000000000000000000000000
00000000000000000000000000000000
00000000000000000000000000000000
00111101100010001000100010001001
00000000000000000000000000000000
00111100110000001100000011000001
00000000000000000000000000000000
00111100100000001000000010000001
00000000000000000000000000000000
00111101010000001100000011000001
00111100100000001000000010000001
00111101100010001000100010001001
00000000000000000000000000000000
00000000000000000000000000000000
00000000000000000000000000000000
00111101100110001001100010011001
00111101010000001100000011000001
00000000000000000000000000000000
00111101010100001101000011010001
00000000000000000000000000000000
00000000000000000000000000000000
00000000000000000000000000000000
00000000000000000000000000000000
00000000000000000000000000000000
00000000000000000000000000000000
00000000000000000000000000000000
00000000000000000000000000000000
00000000000000000000000000000000
00000000000000000000000000000000
00000000000000000000000000000000
00000000000000000000000000000000
00000000000000000000000000000000
00000000000000000000000000000000
00000000000000000000000000000000
00000000000000000000000000000000
00000000000000000000000000000000
00111101101100001011000010110001
00000000000000000000000000000000
00111100010000001100000011000001
00000000000000000000000000000000
00111101001000001010000010100001
00111101000100001001000010010001
00000000000000000000000000000000
00000000000000000000000000000000
00111011100000001000000010000001
00000000000000000000000000000000
00111100100000001000000010000001
00000000000000000000000000000000
00111100010000001100000011000001
00111101000100001001000010010001
00111100100000001000000010000001
00000000000000000000000000000000
00000000000000000000000000000000
00000000000000000000000000000000
00000000000000000000000000000000
00000000000000000000000000000000
00000000000000000000000000000000
00000000000000000000000000000000
00000000000000000000000000000000
00000000000000000000000000000000
00000000000000000000000000000000
00000000000000000000000000000000
00000000000000000000000000000000
00000000000000000000000000000000
00000000000000000000000000000000
00000000000000000000000000000000
00000000000000000000000000000000
00111011100000001000000010000001
00000000000000000000000000000000
00111101001100001011000010110001
00111101101110001011100010111001
00000000000000000000000000000000
00000000000000000000000000000000
00000000000000000000000000000000
00111101001000001010000010100001
00111101001100001011000010110001
00111011100000001000000010000001
00111101101110001011100010111001
00000000000000000000000000000000
00111101100100001001000010010001
00000000000000000000000000000000
00000000000000000000000000000000
00111100000000001000000010000001
00000000000000000000000000000000
00000000000000000000000000000000
00000000000000000000000000000000
00000000000000000000000000000000
00000000000000000000000000000000
00000000000000000000000000000000
00000000000000000000000000000000
00000000000000000000000000000000
00000000000000000000000000000000
00000000000000000000000000000000
00000000000000000000000000000000
00000000000000000000000000000000
00000000000000000000000000000000
00000000000000000000000000000000
00000000000000000000000000000000
00000000000000000000000000000000
00111101000000001000000010000001
00000000000000000000000000000000
00111111100000000000000000000000
00111111011101101111011011110111
00111111011111001111110011111101
00111111100000000000000000000000
00111111100000000000000000000000
00111111011100001111000011110001
00111111100000000000000000000000
00000000000000000000000000000000
00111101100010001000100010001001
00000000000000000000000000000000
00000000000000000000000000000000
00111100010000001100000011000001
00111100000000001000000010000001
00000000000000000000000000000000
00000000000000000000000000000000
00000000000000000000000000000000
00000000000000000000000000000000
00000000000000000000000000000000
00000000000000000000000000000000
00000000000000000000000000000000
00000000000000000000000000000000
00000000000000000000000000000000
00000000000000000000000000000000
00000000000000000000000000000000
00000000000000000000000000000000
00000000000000000000000000000000
00000000000000000000000000000000
00000000000000000000000000000000
00000000000000000000000000000000
00000000000000000000000000000000
00000000000000000000000000000000
00111111100000000000000000000000
00111111011100111111001111110100
00111111100000000000000000000000
00111111100000000000000000000000
00111111011111101111111011111111
00111111100000000000000000000000
00111111100000000000000000000000
00111111011111101111111011111111
00111111100000000000000000000000
00000000000000000000000000000000
00111011100000001000000010000001
00111101000000001000000010000001
00000000000000000000000000000000
00000000000000000000000000000000
00111100010000001100000011000001
00000000000000000000000000000000
00000000000000000000000000000000
00000000000000000000000000000000
00000000000000000000000000000000
00000000000000000000000000000000
00000000000000000000000000000000
00000000000000000000000000000000
00000000000000000000000000000000
00000000000000000000000000000000
00000000000000000000000000000000
00000000000000000000000000000000
00000000000000000000000000000000
00000000000000000000000000000000
00000000000000000000000000000000
00000000000000000000000000000000
00000000000000000000000000000000
00000000000000000000000000000000
00111111011101101111011011110111
00111111011111011111110111111110
00111111100000000000000000000000
00111111011110001111100011111001
00111111100000000000000000000000
00111111100000000000000000000000
00111111100000000000000000000000
00111111100000000000000000000000
00111111011111001111110011111101
00111111011111101111111011111111
00000000000000000000000000000000
00000000000000000000000000000000
00111100110000001100000011000001
00000000000000000000000000000000
00111100100000001000000010000001
00000000000000000000000000000000
00000000000000000000000000000000
00000000000000000000000000000000
00000000000000000000000000000000
00000000000000000000000000000000
00000000000000000000000000000000
00000000000000000000000000000000
00000000000000000000000000000000
00000000000000000000000000000000
00000000000000000000000000000000
00000000000000000000000000000000
00000000000000000000000000000000
00000000000000000000000000000000
00000000000000000000000000000000
00000000000000000000000000000000
00000000000000000000000000000000
00111111100000000000000000000000
00111111011110101111101011111011
00111111011110111111101111111100
00000000000000000000000000000000
00000000000000000000000000000000
00111100000000001000000010000001
00000000000000000000000000000000
00111111100000000000000000000000
00111111011110001111100011111001
00111111011111011111110111111110
00111111100000000000000000000000
00000000000000000000000000000000
00111101000100001001000010010001
00111101001100001011000010110001
00111101000000001000000010000001
00000000000000000000000000000000
00000000000000000000000000000000
00000000000000000000000000000000
00000000000000000000000000000000
00000000000000000000000000000000
00000000000000000000000000000000
00000000000000000000000000000000
00000000000000000000000000000000
00000000000000000000000000000000
00000000000000000000000000000000
00000000000000000000000000000000
00000000000000000000000000000000
00000000000000000000000000000000
00000000000000000000000000000000
00000000000000000000000000000000
00000000000000000000000000000000
00000000000000000000000000000000
00111111100000000000000000000000
00111111011101011111010111110110
00111111100000000000000000000000
00111100101000001010000010100001
00000000000000000000000000000000
00000000000000000000000000000000
00111101100010001000100010001001
00000000000000000000000000000000
00111111100000000000000000000000
00111111100000000000000000000000
00111111011111011111110111111110
00111100000000001000000010000001
00000000000000000000000000000000
00000000000000000000000000000000
00000000000000000000000000000000
00111100101000001010000010100001
00000000000000000000000000000000
00000000000000000000000000000000
00000000000000000000000000000000
00000000000000000000000000000000
00000000000000000000000000000000
00000000000000000000000000000000
00000000000000000000000000000000
00000000000000000000000000000000
00000000000000000000000000000000
00000000000000000000000000000000
00000000000000000000000000000000
00000000000000000000000000000000
00000000000000000000000000000000
00000000000000000000000000000000
00000000000000000000000000000000
00000000000000000000000000000000
00111111011111101111111011111111
00111111011110101111101011111011
00111111011011001110110011101101
00111100111000001110000011100001
00111101100000001000000010000001
00111100101000001010000010100001
00111100000000001000000010000001
00000000000000000000000000000000
00111111011110001111100011111001
00111111100000000000000000000000
00111111100000000000000000000000
00000000000000000000000000000000
00111101011100001111000011110001
00000000000000000000000000000000
00111101110000001100000011000001
00000000000000000000000000000000
00000000000000000000000000000000
00000000000000000000000000000000
00000000000000000000000000000000
00000000000000000000000000000000
00000000000000000000000000000000
00000000000000000000000000000000
00000000000000000000000000000000
00000000000000000000000000000000
00000000000000000000000000000000
00000000000000000000000000000000
00000000000000000000000000000000
00000000000000000000000000000000
00000000000000000000000000000000
00000000000000000000000000000000
00000000000000000000000000000000
00000000000000000000000000000000
00111111011111101111111011111111
00111111100000000000000000000000
00111111100000000000000000000000
00000000000000000000000000000000
00000000000000000000000000000000
00000000000000000000000000000000
00000000000000000000000000000000
00111100110000001100000011000001
00000000000000000000000000000000
00111100110000001100000011000001
00000000000000000000000000000000
00000000000000000000000000000000
00000000000000000000000000000000
00111101101110001011100010111001
00000000000000000000000000000000
00111101010100001101000011010001
00000000000000000000000000000000
00000000000000000000000000000000
00000000000000000000000000000000
00000000000000000000000000000000
00000000000000000000000000000000
00000000000000000000000000000000
00000000000000000000000000000000
00000000000000000000000000000000
00000000000000000000000000000000
00000000000000000000000000000000
00000000000000000000000000000000
00000000000000000000000000000000
00000000000000000000000000000000
00000000000000000000000000000000
00000000000000000000000000000000
00000000000000000000000000000000
00111111011100011111000111110010
00111111011110111111101111111100
00111111011100001111000011110001
00111111011110111111101111111100
00111101011000001110000011100001
00000000000000000000000000000000
00000000000000000000000000000000
00111100000000001000000010000001
00111111100000000000000000000000
00111111100000000000000000000000
00111111011110101111101011111011
00111011100000001000000010000001
00111101000100001001000010010001
00000000000000000000000000000000
00111100111000001110000011100001
00000000000000000000000000000000
00000000000000000000000000000000
00000000000000000000000000000000
00000000000000000000000000000000
00000000000000000000000000000000
00000000000000000000000000000000
00000000000000000000000000000000
00000000000000000000000000000000
00000000000000000000000000000000
00000000000000000000000000000000
00000000000000000000000000000000
00000000000000000000000000000000
00000000000000000000000000000000
00000000000000000000000000000000
00000000000000000000000000000000
00000000000000000000000000000000
00000000000000000000000000000000
00111111100000000000000000000000
00111111100000000000000000000000
00111111011110011111100111111010
00111111100000000000000000000000
00111111100000000000000000000000
00111111011110001111100011111001
00111111100000000000000000000000
00111111011110111111101111111100
00111111011101001111010011110101
00111111011111001111110011111101
00111111100000000000000000000000
00000000000000000000000000000000
00000000000000000000000000000000
00000000000000000000000000000000
00111100000000001000000010000001
00111100010000001100000011000001
00000000000000000000000000000000
00000000000000000000000000000000
00000000000000000000000000000000
00000000000000000000000000000000
00000000000000000000000000000000
00000000000000000000000000000000
00000000000000000000000000000000
00000000000000000000000000000000
00000000000000000000000000000000
00000000000000000000000000000000
00000000000000000000000000000000
00000000000000000000000000000000
00000000000000000000000000000000
00000000000000000000000000000000
00000000000000000000000000000000
00000000000000000000000000000000
00000000000000000000000000000000
00111111011111101111111011111111
00111111100000000000000000000000
00111111100000000000000000000000
00111111011100001111000011110001
00111111100000000000000000000000
00111111011110011111100111111010
00111111100000000000000000000000
00111111100000000000000000000000
00111111011101111111011111111000
00111111100000000000000000000000
00000000000000000000000000000000
00111011100000001000000010000001
00111101000100001001000010010001
00000000000000000000000000000000
00111100100000001000000010000001
00000000000000000000000000000000
00000000000000000000000000000000
00000000000000000000000000000000
00000000000000000000000000000000
00000000000000000000000000000000
00000000000000000000000000000000
00000000000000000000000000000000
00000000000000000000000000000000
00000000000000000000000000000000
00000000000000000000000000000000
00000000000000000000000000000000
00000000000000000000000000000000
00000000000000000000000000000000
00000000000000000000000000000000
00000000000000000000000000000000
00000000000000000000000000000000
00000000000000000000000000000000
00111100101000001010000010100001
00111111011110111111101111111100
00111111100000000000000000000000
00111111100000000000000000000000
00111111011110001111100011111001
00111111100000000000000000000000
00111111011110001111100011111001
00111111011110011111100111111010
00111111100000000000000000000000
00111111011101101111011011110111
00111011100000001000000010000001
00111100101000001010000010100001
00000000000000000000000000000000
00111100100000001000000010000001
00000000000000000000000000000000
00000000000000000000000000000000
00000000000000000000000000000000
00000000000000000000000000000000
00000000000000000000000000000000
00000000000000000000000000000000
00000000000000000000000000000000
00000000000000000000000000000000
00000000000000000000000000000000
00000000000000000000000000000000
00000000000000000000000000000000
00000000000000000000000000000000
00000000000000000000000000000000
00000000000000000000000000000000
00000000000000000000000000000000
00000000000000000000000000000000
00000000000000000000000000000000
00111100111000001110000011100001
00000000000000000000000000000000
00111101110010001100100011001001
00000000000000000000000000000000
00000000000000000000000000000000
00000000000000000000000000000000
00111101001100001011000010110001
00111100110000001100000011000001
00111111011111001111110011111101
00111111011111001111110011111101
00111111100000000000000000000000
00111101010100001101000011010001
00111100000000001000000010000001
00000000000000000000000000000000
00111100100000001000000010000001
00000000000000000000000000000000
00000000000000000000000000000000
00000000000000000000000000000000
00000000000000000000000000000000
00000000000000000000000000000000
00000000000000000000000000000000
00000000000000000000000000000000
00000000000000000000000000000000
00000000000000000000000000000000
00000000000000000000000000000000
00000000000000000000000000000000
00000000000000000000000000000000
00000000000000000000000000000000
00000000000000000000000000000000
00000000000000000000000000000000
00000000000000000000000000000000
00000000000000000000000000000000
00111011100000001000000010000001
00111101010100001101000011010001
00000000000000000000000000000000
00000000000000000000000000000000
00111100100000001000000010000001
00000000000000000000000000000000
00000000000000000000000000000000
00000000000000000000000000000000
00111111100000000000000000000000
00111111011100001111000011110001
00111111100000000000000000000000
00000000000000000000000000000000
00000000000000000000000000000000
00000000000000000000000000000000
00111101010000001100000011000001
00111100000000001000000010000001
00000000000000000000000000000000
00000000000000000000000000000000
00000000000000000000000000000000
00000000000000000000000000000000
00000000000000000000000000000000
00000000000000000000000000000000
00000000000000000000000000000000
00000000000000000000000000000000
00000000000000000000000000000000
00000000000000000000000000000000
00000000000000000000000000000000
00000000000000000000000000000000
00000000000000000000000000000000
00000000000000000000000000000000
00000000000000000000000000000000
00000000000000000000000000000000
00000000000000000000000000000000
00111101010100001101000011010001
00000000000000000000000000000000
00111101001100001011000010110001
00111101010000001100000011000001
00111011100000001000000010000001
00111100100000001000000010000001
00111101011000001110000011100001
00111111011111101111111011111111
00111111100000000000000000000000
00111111100000000000000000000000
00111101011100001111000011110001
00000000000000000000000000000000
00111101100100001001000010010001
00000000000000000000000000000000
00000000000000000000000000000000
00000000000000000000000000000000
00000000000000000000000000000000
00000000000000000000000000000000
00000000000000000000000000000000
00000000000000000000000000000000
00000000000000000000000000000000
00000000000000000000000000000000
00000000000000000000000000000000
00000000000000000000000000000000
00000000000000000000000000000000
00000000000000000000000000000000
00000000000000000000000000000000
00000000000000000000000000000000
00000000000000000000000000000000
00000000000000000000000000000000
00000000000000000000000000000000
00111101010000001100000011000001
00000000000000000000000000000000
00000000000000000000000000000000
00000000000000000000000000000000
00000000000000000000000000000000
00000000000000000000000000000000
00000000000000000000000000000000
00000000000000000000000000000000
00111111100000000000000000000000
00111111011110101111101011111011
00111111100000000000000000000000
00000000000000000000000000000000
00111100000000001000000010000001
00000000000000000000000000000000
00111100110000001100000011000001
00000000000000000000000000000000
00000000000000000000000000000000
00000000000000000000000000000000
00000000000000000000000000000000
00000000000000000000000000000000
00000000000000000000000000000000
00000000000000000000000000000000
00000000000000000000000000000000
00000000000000000000000000000000
00000000000000000000000000000000
00000000000000000000000000000000
00000000000000000000000000000000
00000000000000000000000000000000
00000000000000000000000000000000
00000000000000000000000000000000
00000000000000000000000000000000
00000000000000000000000000000000
00111100101000001010000010100001
00000000000000000000000000000000
00111101010000001100000011000001
00000000000000000000000000000000
00111100101000001010000010100001
00111100111000001110000011100001
00111101000100001001000010010001
00000000000000000000000000000000
00111111100000000000000000000000
00111111011110011111100111111010
00111111100000000000000000000000
00111101110110001101100011011001
00111100100000001000000010000001
00000000000000000000000000000000
00111101000000001000000010000001
00111011100000001000000010000001
00000000000000000000000000000000
00000000000000000000000000000000
00000000000000000000000000000000
00000000000000000000000000000000
00000000000000000000000000000000
00000000000000000000000000000000
00000000000000000000000000000000
00000000000000000000000000000000
00000000000000000000000000000000
00000000000000000000000000000000
00000000000000000000000000000000
00000000000000000000000000000000
00000000000000000000000000000000
00000000000000000000000000000000
00000000000000000000000000000000
00000000000000000000000000000000
00000000000000000000000000000000
00000000000000000000000000000000
00111101001100001011000010110001
00000000000000000000000000000000
00000000000000000000000000000000
00000000000000000000000000000000
00111100010000001100000011000001
00111101000000001000000010000001
00111111011101001111010011110101
00111111100000000000000000000000
00111111011111011111110111111110
00111111011000011110000111100010
00111100100000001000000010000001
00111110000100001001000010010001
00000000000000000000000000000000
00000000000000000000000000000000
00000000000000000000000000000000
00000000000000000000000000000000
00000000000000000000000000000000
00000000000000000000000000000000
00000000000000000000000000000000
00000000000000000000000000000000
00000000000000000000000000000000
00000000000000000000000000000000
00000000000000000000000000000000
00000000000000000000000000000000
00000000000000000000000000000000
00000000000000000000000000000000
00000000000000000000000000000000
00000000000000000000000000000000
00000000000000000000000000000000
00000000000000000000000000000000
00000000000000000000000000000000
00111101001100001011000010110001
00000000000000000000000000000000
00000000000000000000000000000000
00111100110000001100000011000001
00000000000000000000000000000000
00000000000000000000000000000000
00000000000000000000000000000000
00111111100000000000000000000000
00111111011100111111001111110100
00111111100000000000000000000000
00111111100000000000000000000000
00000000000000000000000000000000
00000000000000000000000000000000
00111100000000001000000010000001
00111100100000001000000010000001
00000000000000000000000000000000
00000000000000000000000000000000
00000000000000000000000000000000
00000000000000000000000000000000
00000000000000000000000000000000
00000000000000000000000000000000
00000000000000000000000000000000
00000000000000000000000000000000
00000000000000000000000000000000
00000000000000000000000000000000
00000000000000000000000000000000
00000000000000000000000000000000
00000000000000000000000000000000
00000000000000000000000000000000
00000000000000000000000000000000
00000000000000000000000000000000
00000000000000000000000000000000
00000000000000000000000000000000
00000000000000000000000000000000
00000000000000000000000000000000
00000000000000000000000000000000
00000000000000000000000000000000
00000000000000000000000000000000
00000000000000000000000000000000
00111111011011011110110111101110
00111111100000000000000000000000
00111111011110101111101011111011
00111111011111001111110011111101
00111101001100001011000010110001
00000000000000000000000000000000
00111011100000001000000010000001
00111100000000001000000010000001
00000000000000000000000000000000
00000000000000000000000000000000
00000000000000000000000000000000
00000000000000000000000000000000
00000000000000000000000000000000
00000000000000000000000000000000
00000000000000000000000000000000
00000000000000000000000000000000
00000000000000000000000000000000
00000000000000000000000000000000
00000000000000000000000000000000
00000000000000000000000000000000
00000000000000000000000000000000
00000000000000000000000000000000
00000000000000000000000000000000
00000000000000000000000000000000
00000000000000000000000000000000
00000000000000000000000000000000
00000000000000000000000000000000
00000000000000000000000000000000
00000000000000000000000000000000
00000000000000000000000000000000
00000000000000000000000000000000
00000000000000000000000000000000
00111101010100001101000011010001
00111111011011101110111011101111
00111111100000000000000000000000
00111111100000000000000000000000
00000000000000000000000000000000
00111101011000001110000011100001
00000000000000000000000000000000
00000000000000000000000000000000
00000000000000000000000000000000
00000000000000000000000000000000
00000000000000000000000000000000
00000000000000000000000000000000
00000000000000000000000000000000
00000000000000000000000000000000
00000000000000000000000000000000
00000000000000000000000000000000
00000000000000000000000000000000
00000000000000000000000000000000
00000000000000000000000000000000
00000000000000000000000000000000
00000000000000000000000000000000
00000000000000000000000000000000
00000000000000000000000000000000
00000000000000000000000000000000
00000000000000000000000000000000
00000000000000000000000000000000
00000000000000000000000000000000
00000000000000000000000000000000
00000000000000000000000000000000
00000000000000000000000000000000
00000000000000000000000000000000
00000000000000000000000000000000
00000000000000000000000000000000
00111100111000001110000011100001
00000000000000000000000000000000
00000000000000000000000000000000
00111101100100001001000010010001
00000000000000000000000000000000
00111101010100001101000011010001
00000000000000000000000000000000
00000000000000000000000000000000
00000000000000000000000000000000
00000000000000000000000000000000
00000000000000000000000000000000
00000000000000000000000000000000
00000000000000000000000000000000
00000000000000000000000000000000
00000000000000000000000000000000
00000000000000000000000000000000
00000000000000000000000000000000
00000000000000000000000000000000
00000000000000000000000000000000
00000000000000000000000000000000
00000000000000000000000000000000
00000000000000000000000000000000
00000000000000000000000000000000
00000000000000000000000000000000
00000000000000000000000000000000
00000000000000000000000000000000
00000000000000000000000000000000
00000000000000000000000000000000
00000000000000000000000000000000
00000000000000000000000000000000
00000000000000000000000000000000
00000000000000000000000000000000
00111101000100001001000010010001
00111100100000001000000010000001
00000000000000000000000000000000
00111101100110001001100010011001
00000000000000000000000000000000
00000000000000000000000000000000
00000000000000000000000000000000
00000000000000000000000000000000
00000000000000000000000000000000
00000000000000000000000000000000
00000000000000000000000000000000
00000000000000000000000000000000
00000000000000000000000000000000
00000000000000000000000000000000
00000000000000000000000000000000
00000000000000000000000000000000
00000000000000000000000000000000
00000000000000000000000000000000
00000000000000000000000000000000
00000000000000000000000000000000
00000000000000000000000000000000
00000000000000000000000000000000
00000000000000000000000000000000
00000000000000000000000000000000
00000000000000000000000000000000
00000000000000000000000000000000
00000000000000000000000000000000
00000000000000000000000000000000
00000000000000000000000000000000
00000000000000000000000000000000
00000000000000000000000000000000
00000000000000000000000000000000
00000000000000000000000000000000
00000000000000000000000000000000
00000000000000000000000000000000
00000000000000000000000000000000
00000000000000000000000000000000
00000000000000000000000000000000
00000000000000000000000000000000
00000000000000000000000000000000
00000000000000000000000000000000
00000000000000000000000000000000
00000000000000000000000000000000
00000000000000000000000000000000
00000000000000000000000000000000
00000000000000000000000000000000
00000000000000000000000000000000
00000000000000000000000000000000
00000000000000000000000000000000
00000000000000000000000000000000
00000000000000000000000000000000
00000000000000000000000000000000
00000000000000000000000000000000
00000000000000000000000000000000
00000000000000000000000000000000
00000000000000000000000000000000
00000000000000000000000000000000
00000000000000000000000000000000
00000000000000000000000000000000
00000000000000000000000000000000
00000000000000000000000000000000
00000000000000000000000000000000
00000000000000000000000000000000
00000000000000000000000000000000
00000000000000000000000000000000
00000000000000000000000000000000
00000000000000000000000000000000
00000000000000000000000000000000
00000000000000000000000000000000
00000000000000000000000000000000
00000000000000000000000000000000
00000000000000000000000000000000
00000000000000000000000000000000
00000000000000000000000000000000
00000000000000000000000000000000
00000000000000000000000000000000
00000000000000000000000000000000
