00111100110010110101011010100110
00111101010101110001010100010000
00111101110001110011110111110011
00111100101100000111110001110000
10111100100101101110100110001110
10111101010100001110111111101100
00111101101101010111100010010110
00111101101000101001111100010101
00111101001101111110011000001100
00111101100011011010011110100101
00111100100110110001011110111011
10111100001111010111001101101111
10111101100101101000111011101101
10111101000111110100001001010100
00111100111010010011001001000111
10111100000000001001111001000101
00111101100001110101111110110001
00111101001001111111011001111010
10111101101010111010100000111111
10111101000010101010100111001010
10111100111001011110101101010001
00111101000000001101110111100001
00111101000100011111000001000101
10111101011000000001000111101011
10111101101001011010010011101100
10111011010010101010111101111101
10111100100101101100010011001101
10111101011010010111010101111110
00111101010100010010011000010000
10111101010000011001101011100111
00111101000111100111000101110010
00111101110111101001000000110011
10111011000101111011110100001000
10111101101100100111100000101111
00111101010100101101101001000111
10111100110001100000011011001011
10111101100101010001110111010000
10111101000100000001101100100000
00111101111010010000001111001100
10111100111001110101101011011100
10111101000101011100011111110001
00111100111100000100101011100100
10111101111000111111010111110001
10111100011000001010000111110100
10111101101101000101110101010001
10111101110011010110101111011100
10111101101011010010101010111110
10111101010011111100010001110100
10111101001001010000100010100111
00111101100000011000000001110011
10111101011100010101101100100011
10111101110101111000110110101111
10111101101001000101110001010111
00111100101010101000111001011011
10111101001000000000100011000010
00111100101100101111100100110111
10111101100001010011010111100111
10111101100111110100001111011111
10111100110100101011000100001011
10111101011011101001011110111001
00111101000110001000101001101101
10111101100000010001011101101100
10111101111011011001110110111100
00111100101001011101110111111000
10111101110111111001000100011011
10111101101000001011101100110010
00111101110101000000101111000101
10111011101001011010101101101010
10111101101011001100010101000011
10111101101111100110100011001100
10111101011011001100110011001011
00111101100100111101001110100001
10111101001111111100111000110011
00111011001001110110011110101111
10111101001001000010011101010100
10111101001001000110011000100101
00111100100000111011011100001000
10111101100100001011000111000101
10111100101100001111110101011001
00111101000111000100110001011001
00111100111101010010001010011001
10111101010110111111011011001100
00111100000101111010011100101111
00111100100001101001000010001001
10111101010011111011110111110001
10110111101011010101110111000111
10111101100101100111000111101111
00111101110000010011101101110000
00111101001000011100011101101001
10111101001010011100001110111111
10111001110000011001111000111110
00111101110000010111100001010010
00111101101100100011100011111100
00111101101010101001011101000001
00111101001111101110100010101011
00111101101101110001011010001010
00111101101001000100010110110111
00111100100111011111101010000110
10111101011101110010010111011101
00111101110111010101111100000010
00111101000011101100101001101110
00111101110110111111011100000110
00111101100000101011111100010111
00111110000001100111010011111100
00111110000000100101010000110101
10111101010001001101111000110101
00111101011011111001101000110011
10111100011111100011101111000011
10111100110011100100000001100100
00111101010111111111010100000000
10111101000110010011011010100111
10111101101001001011001010111000
10111100010001000010110100100110
10111101011110110000010011101110
10111101001110101000110011010011
10111101100110000100100100111010
00111101000101111100110011010111
10111101001100000000010111100100
00111101101110100001001100101010
00111101110000011001100001101100
10111100011001000110011001110001
10111101100001001001111100100110
00111101010010000010111101000011
10111101010111101110001010010101
10111101100000011011110100100011
00000000000000000000000000000000
00000000000000000000000000000000
00000000000000000000000000000000
00000000000000000000000000000000
00000000000000000000000000000000
00000000000000000000000000000000
00000000000000000000000000000000
00000000000000000000000000000000
00000000000000000000000000000000
00000000000000000000000000000000
00000000000000000000000000000000
00000000000000000000000000000000
00000000000000000000000000000000
00000000000000000000000000000000
00000000000000000000000000000000
00000000000000000000000000000000
00000000000000000000000000000000
00000000000000000000000000000000
00000000000000000000000000000000
00000000000000000000000000000000
00000000000000000000000000000000
00000000000000000000000000000000
00000000000000000000000000000000
00000000000000000000000000000000
00000000000000000000000000000000
00111101001111110010011010111010
10111101110001011011111101100110
00111100001111010001100010100001
10111101100010100010010110100111
10111101110110001101000001110010
10111100001110111000111100000100
00111011100101111010100110000010
10111101111010110101010001011111
10111101100111100100101010010100
00111101011000100011101111011010
00111101000110110010110100101100
10111100010010011111100101101110
00111110000000111100111011111111
00111101111101010011011100001000
00111100100110101001000000011010
10111101000010101110101101111011
00111110000010000110000111010100
00111100101110011101010001100000
10111101000100101110011001001000
10111110000000101110000111001001
00111110000001111010111101110100
10111100100000010101010000110011
00111101100111110100101110010011
10111101010011000000000101111010
00111101011111111110101011110111
10111011101110101110010100000010
10111100101001010101001001011001
00111110000000010101100001100101
00111101100100010101111001000000
00111101110010110101111010010001
00111100111010100111001000001000
00111100110010000001100100101100
00111101110111100101000011011001
00111110000101000100101000010111
00111011001111110010101000011110
00111100101101000100011011011011
10111101001011000001010110111000
10111100100110011011101010101101
00111101011101101111110101101111
00111101100011101011111101101010
10111101111000010110011001011110
10111110001111011001101001111010
10111110000110010111011110110110
00111101011101100111110001101001
00111100010010001101000011000001
00111101100000110001001010010101
10111101011111001000111011010111
10111100001100101010111111101100
00111101100011000110000110001001
00111101100111010111011011100111
10111101101110000010110101100000
10111110001000111101001110001100
10111011110100110111011001011010
10111101001001111101010111100001
10111101100111101110011000000101
00111100100111000100110100011011
00111100100000101011100111111000
00111101000010011001010011101000
00111101000001100101010101000101
10111110001100110111001110001110
00111101111110110001110111000000
00111110011100110000110100101111
00111110000010010101011111111001
10111101110001100100000010101011
10111101010111011011110011011011
00111110001010010001011110000001
00111110010000111111101110001011
00111101000010000111111101010110
10111101111011101001101011001100
00111101100001110110111100011111
10111101101110010010100101100111
10111100100000010001010111000100
00111100101101110110001110101011
10111101000000111111000100010001
00111101010110010010100010110000
00111101011111110001101101000110
10111110000001001101010010111100
00111101001000010101000100111010
10111101110000110111000010101111
10111101011110110111101101111010
10111101110010111101011111000010
10111100000100001011001110111000
10111101011000110100111110100110
10111100111001101010110111000000
00111110001000001010111011110011
00111101110010000010010100110111
00111101111110010101100111101100
00111101101101001010011111000011
00111110010110001111011110111110
00111101101100000111001100101001
00111101001000100110000111010101
10111101001111110000011100010101
00111011101110000010011001111010
00111011111011110010111010101010
00111101111110110000000011010011
00111100100010101011001110111100
10111101000000011100110100010110
10111100101110010100010011011111
10111101111100110100111010110001
00111101010011000101001010001001
00111100111010000000100010111101
10111101000011000100010011001111
10111101011111001011001011101101
10111100000100111001111100011001
00111101011000110010001110101101
00111101101000111100110111001010
10111110010000000011001010001111
10111110001011011110101001100101
00111100101001001000101101000010
10111101101110000110011111111110
10111101110101110010000001100011
10111110001010010101101101100100
10111101000001100100110100011101
10111101101100110111101011011111
00111101100001010001011101000111
10111100110101001111100011110010
00111101100011001010000111100110
00111101110111010010010011101101
10111100011010011111011110101000
00111110000101010100110101000000
00111110000111010010100001011110
00111101001001111100001101101100
10111001110101010101000100010010
00111101100000000000000110111101
00111101110100000111010011011000
00000000000000000000000000000000
00000000000000000000000000000000
00000000000000000000000000000000
00000000000000000000000000000000
00000000000000000000000000000000
00000000000000000000000000000000
00000000000000000000000000000000
00000000000000000000000000000000
00000000000000000000000000000000
00000000000000000000000000000000
00000000000000000000000000000000
00000000000000000000000000000000
00000000000000000000000000000000
00000000000000000000000000000000
00000000000000000000000000000000
00000000000000000000000000000000
00000000000000000000000000000000
00000000000000000000000000000000
00000000000000000000000000000000
00000000000000000000000000000000
00000000000000000000000000000000
00000000000000000000000000000000
00000000000000000000000000000000
00000000000000000000000000000000
00000000000000000000000000000000
00111100111101110011001011010010
10111101110000100001111101100010
10111100100011110111010101000011
10111110000100101101000011011011
10111101010110110111010111001010
10111101000011101110100010001001
10111101000011111010100101100111
10111101101111110010001000011111
00111100010011110110111111010100
00111110000000100000011100001100
00111100111000000110000010101100
00111101100101100010111011000010
00111101101001001010101000001001
00111101010001011000101111011001
10111011000000111001101100101110
00111101101101011001001101011001
00111101110100000100001010100011
00111101100001001010011000110100
00111100100111010111001101100110
00111101010100001101100100101001
10111100000010101001000101010101
00111101111110101000110010010010
00111101110110110100000111100101
00111101100110000101101111100000
10111100010000100010101010100110
00111110000001010100111000011000
10111100100000100101101111001100
00111100000111100111001100011100
00111010010101110001001000111111
00111101101111110100101111010100
00111110001001011000111111110111
10111101010111011001111110001111
10111101000001010011010110111010
10111100110001001100100011110101
00111110010110100111100000010111
10111101010001000001011010000000
10111110000100010111111001111000
10111101111010000010000111010001
10111100100011010111011100010101
00111100100000000001111001000111
10111110000111011010110100000001
10111110010010001010001111010111
10111110010111111111100011100001
10111100111110111000000101000110
00111101101111011001100100001010
10111101100001000111101001001001
10111100111101001110110110011100
10111101111110111011011001011101
10111100111100110111111001000101
00111101100111001001001101000011
00111101101110111101011011110011
10111110000000000011011000010110
10111110000001010001101110100001
10111101100011001110011101000000
00111100111111000101010010111100
10111100101111001001000100110011
00111101101001111110001110101101
00111110000001000001111000100111
00111101100110001001111110111000
10111110000010000111101110101110
10111101010101100000011010110000
00111110001001000011010110111001
00111110011110010101000010110011
00111101010000110011011010000111
10111100011011100100110110010110
00111101001101111010110011000001
00111101101000101001111011010010
00111101110100000111100011111001
10111011110100110000110101010001
00111101011011001101111100100010
00111011111111100010111111010110
00111101101000100001011011110000
10111101001010111000111000110011
00111101110011111111000101001111
00111101101010110011011011101111
00111101110101110010111111100010
10111100101110001001000100000000
10111011000000011011101001101111
10111110001000110001100100001000
00111101011110001110010111110011
00111101110100100100010000111111
10111101111001000100101010001111
00111101001100001001111101101110
00111101001101111110010110001101
00111110001011110000011010100011
00111101111011101010001000110000
00111100110111010110101001101010
00111110000100001011100011010011
00111100011011000110000110000100
00111110011001011111001011101001
00111101101001110111000101001101
00111100100111010101100000111001
10111101010100001001111001010101
00111101111111001100010110011000
00111101100101010111001111110000
10111100100101000010110000010010
10111101110001110001001001110100
10111110000111011110100111101001
10111101101100001011110001010110
10111101100101001101000011010110
00111101111000010110011010001111
00111110001100110011101000011011
00111100111111100100111100111010
00111010101000110011010101010011
00111100011111101000010011110010
00111101011001011000001000101000
10111011011101111101010101110101
10111110010111111111000101000110
10111110010011010011000110110111
10111101101001101100100111000011
10111101111111110001111011000111
00111011101000110100111110010010
10111100101100100110000101010101
00111101001011000010110011111101
10111100000001011011011000111010
00111101000110010000101001100000
00111101100010010101000001011101
00111101110000111100000000011100
10111011100010100110001101010111
00111101001110000100111100111110
00111110001001010110110010101000
00111110001011001010110001010100
00111101000111101100110010110100
10111101100010111010001111001010
00111101101101011011000101101100
00000000000000000000000000000000
00000000000000000000000000000000
00000000000000000000000000000000
00000000000000000000000000000000
00000000000000000000000000000000
00000000000000000000000000000000
00000000000000000000000000000000
00000000000000000000000000000000
00000000000000000000000000000000
00000000000000000000000000000000
00000000000000000000000000000000
00000000000000000000000000000000
00000000000000000000000000000000
00000000000000000000000000000000
00000000000000000000000000000000
00000000000000000000000000000000
00000000000000000000000000000000
00000000000000000000000000000000
00000000000000000000000000000000
00000000000000000000000000000000
00000000000000000000000000000000
00000000000000000000000000000000
00000000000000000000000000000000
00000000000000000000000000000000
00000000000000000000000000000000
10111101100100111000001001100101
10111101110010101010111010111000
00111101100100101110101001000010
00111101011101001111101011000101
00111100111000111000010100001011
10111100100011111010000100011011
10111101100010100110011000000101
00111101010000000001000100110011
00111010010101001010111101000101
10111100100001100100010011011001
10111011111111000110011010110100
00111101101011000101010110111010
00111101100110001000100101110101
00111101011110110011100011111001
00111101101001110001001000111100
10111011111110010111011011110010
00111101100100000010001011011110
10111101100000111101011110101111
10111100000110100000101101000101
10111101001001011101001011000100
00111100100101000101011011010000
10111101100111111111111111011111
00111101010100001010100000001000
10111101110100011001010110011001
10111101101100111000010101100000
10111101100001100111100111001101
00111101110001110011000010000111
10111101010100011010111011101001
10111101101101111111110110101101
00111101110101100001111000010010
10111100001001101110110100010001
10111101101110000101100100001011
10111101110101001011101101000001
10111101101110111001011110000011
00111101001101101111111100101101
10111100111111001010110100000100
10111100110111011101011000000011
00111101100101010000011001010111
10111101000001111100001101111100
10111101001001100000011101110100
00111100111101001100111101110110
10111100101010101000001011000010
00111100100101011010010010110100
10111101011110010001111001011000
00111101110100010001011000001110
10111101011111001011100100000101
10111101100100000100011010010111
10111100011010000011110011111001
10111100101000011010011000100111
10111101110011000111001110111000
00111101101011110100000100101101
00111101001100010010011111001001
00111100111000101101001010000101
10111101110000001100100000000000
10111101110000111111010000101111
10111101000011110000000100110001
00111100110101001011000111010011
00111100110111011101101001010110
10111101100000110000011110110100
00111101011110110100010100110110
00111101100011111111101101101011
00111101110101110100001010101010
00111101101010111001100010100001
00111101101011000001100100111000
00111100011010011000000111001010
00111101111001000100011101110001
10111100101110101100011010010000
00111101101101011000001101011010
10111101100110011101100011011100
10111100001000110111110110101011
10111101001110110110000010101111
10111101101110110101000000011110
00111101100011100100111111011110
00111100101011001010010100111011
00111101010111101000111010000101
10111101110010111011110001010110
00111011101000100000010010011111
00111101100011101110100111000111
10111101000101100010100111110001
00111101101011100010010100100100
10111101101110011010000001000101
00111101010011101110011000111011
10111101110001100111001000101010
10111101100010101001001110000110
10111101011010110110010111001111
00111101100111001100001000011011
10111101010001011111100110001110
10111101001000100001101110100101
10111101010111011110011000100110
00111100111011111010101100000011
10111101011010010111010010111000
10111101001101001011100101100000
00111101000011000011001011110100
10111101101100110110000101101110
00111100010110100011010100100101
10111100100001111000110111101100
10111101101001011000101011110001
00111101010011111100111111000101
10111101000100011100011101001100
10111100011000011110001001011001
00111100000010010111010011000001
00111100101000001100111000010101
10111101110111110010011000011101
00111100011001100001110100011000
10111101001110111010110111010010
10111101100001101011111011000000
10111100101001101100110011011000
00111101001000011111000001101100
10111101000101000111011111001001
10111011111101011100011010001000
10111100101101001111001011000001
10111101101010001010100010011100
10111101110011010010100110110010
10111101011110000000100100010001
10111101110100011111010001111000
00111101101000100101010101001011
10111100001100011000101111110011
10111101101011110101110111000000
00111101001110010100100010000010
00111011000110000000111010110011
00111101010100001000000001001010
00111100110000001010000011100011
10111101110100011110000011010000
00111100100111001010001111011000
00111100001100011110000111010111
00000000000000000000000000000000
00000000000000000000000000000000
00000000000000000000000000000000
00000000000000000000000000000000
00000000000000000000000000000000
00000000000000000000000000000000
00000000000000000000000000000000
00000000000000000000000000000000
00000000000000000000000000000000
00000000000000000000000000000000
00000000000000000000000000000000
00000000000000000000000000000000
00000000000000000000000000000000
00000000000000000000000000000000
00000000000000000000000000000000
00000000000000000000000000000000
00000000000000000000000000000000
00000000000000000000000000000000
00000000000000000000000000000000
00000000000000000000000000000000
00000000000000000000000000000000
00000000000000000000000000000000
00000000000000000000000000000000
00000000000000000000000000000000
00000000000000000000000000000000
00111100110110011100111110010011
00111101000101001100111100000110
00111101001000111001111111000110
10111101111001011011010011000000
00111101000010100010010011010110
00111101011011000101110011110101
00111101001001000100011110001000
10111110000001011111001010001111
00111101100101100011000110111010
00111101101111100111100010010011
10111101111111101010000011101001
00111101000011111110111000010000
00111101011001000001001111101000
10111101100001101101001111100101
00111101101100111111110110101010
00111100101010000111111000011001
00111101111100101101000001110111
00111011100011111110011010011110
00111101100010010110000000001100
10111101111010100011101001010001
00111101011010101000001110000110
00111101111110100000101100000111
10111100111011001000000001000010
00111011111000000011110101101100
10111100010000001111001001110110
00111110000010001000011101101101
00111101101100010000000111010000
00111101011101000010000111001110
00111011111111111110100111101100
00111110000001001101101010011000
00111101001101001101101101011101
00111101000011110101100000100101
00111101000100110100011100100101
00111110000000100101111010100010
00111110001000101010001111010100
10111101010010001001011011000010
10111011001111100111111101111100
00111100001111100000010011011011
00111101100000111111010011101110
00111101110111011000000100111111
10111101110100001110111001111101
10111101111011000111010100001001
00111011110000110110111101111111
10111101010100111100000010101011
00111101100010010111110000001110
10111101111001010001000001111110
10111110000100111101111100100111
10111110000111111100110001101100
00111101011001000100001001010011
00111101111101110011000000001110
10111101001000111101110110110100
10111101011101100011100110011001
10111101001111100111010111011001
10111101011010100110011101010010
00111100110110001011101111111100
10111101101101111101011001001010
10111101010110110001010010011001
10111101101011010010111010001011
10111100010111111100011110001101
00111101010100000101100111000100
00111101001100101000101011100001
00111101111000000101001000010110
00111101111010110101110110000010
10111110000101011111100000101011
10111101100101010011000011101100
00111101010101001110100101000110
00111101110100011000111101110001
00111101100001000110110100000001
00111101011101000111111100100110
10111110000000010110111010010110
00111101000100100001101100010110
00111100000101110010101000000110
00111101100111101001111110000011
10111011100001101101111111010110
10111100011000110011011110101001
10111101110000001011111010001010
00111101001001001000011111111100
10111101001100001010010110000001
10111100001101100010111001010011
10111101100010010110011011111011
00111101100111101000011111111011
10111101111110000010100010001101
10111110000100110100110001100111
00111101100101110110000001101001
00111101111010111001101011111010
10111101011110001101110011001100
10111101100001100010100001101100
00111101001010101110100010001100
00111101111100100000010111010101
00111101110011000011111111101111
00111101001100010110000101000111
10111101001000100101110111110000
10111100011010110111001001001011
00111101011001110100111101001110
10111011110011010111010000101111
00111101011111000111110000101100
10111101101101001001001010001100
00111101001101111100111010000010
10111101101100100001101111011111
00111101100101101000000011101010
00111110000100011010110001010001
00111101110110111001111011010011
00111101111010101100100000110100
00111101011100001101101011100001
00111100101011010110101001011000
00111101110100000101100001000100
00111101000111000111010111011000
00111101100100000100111011100111
00111101010101011110110011000111
10111101111111000111000001100111
00111100010101100110010000101111
10111110010010101001001001001000
10111110000000000101011011100010
10111110000000110000000101001010
10111110000010000110010110101000
00111110000000011110000111110101
00111101011101010000000010010100
00111101010011101001001100000011
00111100111001010000010111000010
00111101101010001000011010010110
00111101100001101011100011010011
00111101110111011111110010101100
00111100100010011001111101010000
10111101011000111110111000011100
00111101011110000111111110110010
00000000000000000000000000000000
00000000000000000000000000000000
00000000000000000000000000000000
00000000000000000000000000000000
00000000000000000000000000000000
00000000000000000000000000000000
00000000000000000000000000000000
00000000000000000000000000000000
00000000000000000000000000000000
00000000000000000000000000000000
00000000000000000000000000000000
00000000000000000000000000000000
00000000000000000000000000000000
00000000000000000000000000000000
00000000000000000000000000000000
00000000000000000000000000000000
00000000000000000000000000000000
00000000000000000000000000000000
00000000000000000000000000000000
00000000000000000000000000000000
00000000000000000000000000000000
00000000000000000000000000000000
00000000000000000000000000000000
00000000000000000000000000000000
00000000000000000000000000000000
10111101000110101011001001010110
00111100110100101011011101011011
10111101010000010111100100001000
00111100101110111011001010111100
10111101100011100001100111110111
00111101101110010100011111101001
00111100100011001111001001001110
00111100010101001011011111110110
10111101011011100110111001110010
10111101101100001001110011001101
10111101001001010110101000101110
00111101101110111111001000100001
10111101100010011111101000010000
10111101110100111101010011110001
00111101100110100011100001010101
10111100110000111010101000000001
00111100101101011111001110010111
00111101100000110110101011111001
10111100000001110000011100001100
00111100110001001100001111110110
10111101101001110000011011100011
10111100011001000011111111111101
00111101100010011001111010011000
00111010001100011000110101011110
10111101010110101011010101011110
00111101011011010101111011111111
10111101101000010011100110100010
00111101101110100010110010111011
10111101010101001101001110000110
10111101000101110011010011011101
00111100110100011110001000001000
00111101011010000101101101010100
10111101101011101101001100101011
10111011111101110010101000101110
10111101100100000100001001111001
10111101001011001011001101100111
00111101110100111010111011110111
00111101101101011010110010101000
10111101001110101010110000110110
00111101101111110100110111111100
00111011111101110110010101011011
10111101100000110101110000101111
00111100111010001001011001011111
10111101101011011110011001101010
00111100010001111010100010111101
10111101101110000100011100110011
00111101001001100010100111111000
10111101101100110100000000101110
10111101001011000000000101110011
10111101101000000011000000100110
10111101101001111101110011011110
00111101110100110011101001001011
00111101101000001110011001011000
00111101110001110100101010011101
10111100111011110000101110101101
00111100111001000100001111001110
00111100111011110011111111111111
00111101011100111001111110001000
10111011000000000100111000110001
00111100101011011110101101011111
10111100010010010111010000010000
10111101011110100001010110101001
00111101001110101100100100010001
10111101000111010000011011100001
00111101001110001110000100011000
00111011110101000101100011110101
10111100110001011010111111001110
00111101110100011010001111000011
10111101100000110100011101010011
00111001000111010000001010011001
10111101100110011010010011110001
10111101001101010011000011000111
00111101011100010011111100101011
10111101101011000101111110000100
10111101001111001100111100100010
00111101000000011110100101111011
00111101100111011001101101110111
00111101110011010101101101101111
00111100110111011010000001111001
10111101101000011001101011100011
00111100101111000000101111110101
00111101010110101011111011011011
00111011101001100110101111110111
00111101100101110001110100101111
00111101101001011110010001011011
10111101100011011110000010000101
00111001100001110011010101101010
10111011111110001100011011001010
10111101010010101111100100000010
10111100101001001011001111001010
10111101000100101111110010100010
00111101101100010001011110010010
10111100110111100001001111001111
10111101100101001110111100000001
10111101101010001110011011000111
10111101110100010101101100111010
10111101100101100000000001100000
10111101101111111101111011110011
00111101100000111011001010011111
10111101100010000101100000000110
10111101000101001101001111110100
00111011110000101010101011100000
00111100101010000111101111001010
00111101000100100100111110111001
00111101101110000101000011010110
10111101011111111011010010111011
10111101100000000100000100000011
00111101110100100010101101100010
10111101011011010001101000111000
10111101010010011100111111011011
10111101100010111000110011010011
00111101001001011110000110110010
10111101011000001001010010000111
10111101101100001000101100000100
10111101100000101111000010001110
00111101110001010111110010001001
00111100100101001111100011101010
10111101011010110110011110101111
00111101110100101010101011000000
10111101100010001000101010101011
00111101110101101101101000110010
00111101100011010111110001110111
10111101101000000010110110101100
00111101010101100000001010001101
00111101001011101101011000011111
00000000000000000000000000000000
00000000000000000000000000000000
00000000000000000000000000000000
00000000000000000000000000000000
00000000000000000000000000000000
00000000000000000000000000000000
00000000000000000000000000000000
00000000000000000000000000000000
00000000000000000000000000000000
00000000000000000000000000000000
00000000000000000000000000000000
00000000000000000000000000000000
00000000000000000000000000000000
00000000000000000000000000000000
00000000000000000000000000000000
00000000000000000000000000000000
00000000000000000000000000000000
00000000000000000000000000000000
00000000000000000000000000000000
00000000000000000000000000000000
00000000000000000000000000000000
00000000000000000000000000000000
00000000000000000000000000000000
00000000000000000000000000000000
00000000000000000000000000000000
