00000000000000000000
00000011000001100010
00000110001110000000
00000000000000000000
00000000000000000000
00000000000000000000
00000000000000000000
00000000000000000000
00000001100000000111
00000000000000000000
00000011100110100010
00000110111110010010
00000000000000000000
00000000000000000000
00000101011101101101
00000010011100110111
00000000101001001110
00000001011110001101
00000011100010101011
00000000000000000000
00000000011110101010
00000000100111111011
00000101001100110001
00000000101000010010
00000010100010111100
00000001101110000100
00000100011100100010
00000000000000000000
00000000000000000000
00000011100000111101
00000000000000000000
00000010000101000001
00000011001100110100
00000110101000101110
00000000001101110011
00000000011010111001
00000000111101000100
00000000000000000000
00000010111101000010
00000000110110101011
00000000000000000000
00000010001100100110
00000000001001111101
00000111010011100100
00000000000000000000
00000100111000111100
00000000000000000000
00000000000000000000
00000000000000000000
00000000000000000000
00000011000111111111
00000001011010111111
00000000000000000000
00000010001111011111
00000001100111110100
00000000000000000000
00000100101101101001
00000110000111110011
00000001001101100101
00000100000001011100
00000010000111101000
00000000000000000000
00000000000000000000
00000001111110101011
00000000000000000000
00000100001110000111
00000000000000000000
00000000000000000000
00000011001101010100
00000011001110011010
00000010010010100000
00000001000010101000
00000001000101010111
00000101011011100010
00000100100011000101
00000101010110110101
00000000000111010100
00000101001011010011
00000001101000110110
00000000000000000000
00000000000000000000
00000001011110000110
00000011011111000010
00000000000000000000
