11111101010000010101
00000011000001100010
00000110001110000000
11111111001010101100
11111010110011101011
11111011111111010101
11111100011110100010
11111100010110001111
00000001100000000111
11111101110110010110
00000011100110100010
00000110111110010010
11111001111010001010
11111100011010101011
00000101011101101101
00000010011100110111
00000000101001001110
00000001011110001101
00000011100010101011
11111110111111110111
00000000011110101010
00000000100111111011
00000101001100110001
00000000101000010010
00000010100010111100
00000001101110000100
00000100011100100010
11111010111110110111
11111111111011101111
00000011100000111101
11111110111011010111
00000010000101000001
00000011001100110100
00000110101000101110
00000000001101110011
00000000011010111001
00000000111101000100
11111011110111001001
00000010111101000010
00000000110110101011
11111101001001000111
00000010001100100110
00000000001001111101
00000111010011100100
11111111100100011011
00000100111000111100
11111111001101110101
11111100000010010001
11111101000010000101
11111111101110001010
00000011000111111111
00000001011010111111
11111010101111000110
00000010001111011111
00000001100111110100
11111101101001101100
00000100101101101001
00000110000111110011
00000001001101100101
00000100000001011100
00000010000111101000
11111010000101011010
11111100001010010111
00000001111110101011
11111111111000111111
00000100001110000111
11111110111111000110
11111100110010001010
00000011001101010100
00000011001110011010
00000010010010100000
00000001000010101000
00000001000101010111
00000101011011100010
00000100100011000101
00000101010110110101
00000000000111010100
00000101001011010011
00000001101000110110
11111001100000100111
11111101000111010101
00000001011110000110
00000011011111000010
11111101100100110110
