00000010111110010010
00000011100100010110
00000000100000100111
00000000000000000000
00000000000000000000
00001000101111111111
00000011011110111010
00000001000110101011
00000000000000000000
00000000000101011011
00001001101011110011
00000010000111111010
00000011011001011110
00000000000000000000
00000000000101011011
00000101000110001101
00000010111110010010
00000101011011111101
00000000000000000000
00000000000000000000
00000000111011110011
00000001101100101111
00001001001011001011
00000000000000000000
00000000000000000000
00000000110110010111
00000000000000000000
00000000000000000000
00000000000000000000
00000000001010110111
00000000001010110111
00000010101000100010
00000101100001011001
00000010011101101010
00000010000111111010
00000000011011001011
00000000000000000000
00000000100110000011
00000000011011001011
00000011001001001010
00000011100100010110
00000101111100100100
00000111100011111000
00000010111000110110
00000011101111001110
00000000100000100111
00000001001100000111
00000001000001001111
00000000000101011011
00000010100011000110
00000000000101011011
00000000000000000000
00000000010000010011
00000000000000000000
00000000000000000000
00000010111000110110
00000011111111100001
00000111100011111000
00000001100001110111
00000001001100000111
00000110110010111100
00000111000011010000
00000011101001110010
00000000101011011111
00000000010000010011
00000100010101010001
00001001110001001110
00001010010111010010
00000010000111111010
00000000011011001011
00000000100000100111
00000001111101000010
00000101111100100100
00000010011000001110
00000000110000111011
00000000000000000000
00000000000000000000
00000000000000000000
00000000000000000000
00000000000000000000
00000000000000000000
00000000000101011011
00000000001010110111
00000000001010110111
00000000101011011111
00000000000101011011
00000000000000000000
00000000000000000000
00000000000000000000
00000000111011110011
00000000001010110111
00000000000000000000
00000000001010110111
00000000000000000000
00000001001100000111
00000000000000000000
00000000000000000000
00000000000000000000
00000000000000000000
00000000110110010111
00000011110100101010
00000110010010010100
00000110111101110100
00000010000010011110
00000000010000010011
00000110000111011100
00000100110101111001
00000101110001101101
00000011011110111010
00000001010110111111
00000011101111001110
00000101101100010001
00000111011110011100
00000001101100101111
00000001001100000111
00000000000101011011
00000000110110010111
00000101011011111101
00000010100011000110
00000001010110111111
00000000000000000000
00000000001010110111
00000011010100000010
00000010011101101010
00000001110111100111
00000000001010110111
00000001000110101011
00000000000000000000
00000000000000000000
00000000000101011011
00000011110100101010
00000011110100101010
00000011010100000010
00000000100000100111
00000000000000000000
00000110111000011000
00000011011001011110
00000000111011110011
00000000000000000000
00000000000101011011
00000100011010101101
00000111011001000000
00000110110010111100
00000000011011001011
00000000000000000000
00000000100000100111
00000001010001100011
00000101111100100100
00000001010001100011
00000000000000000000
00000000010000010011
00000000111011110011
00000010001101010110
00000001001100000111
00000000100110000011
00000000000101011011
00000000000101011011
00000001100111010011
00000010000010011110
00000001010110111111
00000000000000000000
00000000010101101111
00000000110000111011
00000000110000111011
00000000111011110011
00000000000000000000
00000000000000000000
00000000010101101111
00000001000110101011
00000001001100000111
00000000000000000000
00000000000000000000
00000000000000000000
00000000100000100111
00000001010001100011
00000000000000000000
00000000011011001011
00000011011110111010
00000101010110100001
00000001100001110111
00000000000000000000
00000001011100011011
00000010001101010110
00001000010100110011
00000011001001001010
00000000000000000000
00000010000010011110
00000010011101101010
00001000011010001111
00000011110100101010
00000000000000000000
00000000000000000000
00000000000000000000
00001001000000010011
00000100100101100101
00000000010000010011
00000000001010110111
00000000000000000000
00000101111100100100
00000101000110001101
00000001001100000111
00000000010101101111
00000000000101011011
00000000001010110111
00000000010000010011
00000000000000000000
00000000101011011111
00000001111101000010
00000010010010110010
00000001110010001011
00000000000000000000
00000001110010001011
00000011011001011110
00000010111000110110
00000010100011000110
00000000010101101111
00000001100001110111
00000011101001110010
00000100000100111101
00000010101101111110
00000000101011011111
00000001010110111111
00000001010001100011
00000010110011011010
00000011001110100110
00000001100001110111
00000110101000000100
00001010010111010010
00000110000010000000
00000001110111100111
00000011111010000101
00001100110100111101
00001100000100000001
00001000011010001111
00000001110010001011
00000100100101100101
00001100111111110101
00001101010000001001
00001011000010110010
00000010000010011110
00000010011101101010
00000110111000011000
00001010101101000010
00001010100010001010
00000001110010001011
00000000101011011111
00000001001100000111
00000110010111110000
00001011110011101101
00000010011101101010
00000000000101011011
00000001100111010011
00000011111111100001
00000001011100011011
00000000000000000000
00000010111110010010
00000100000100111101
00000100110101111001
00000011001110100110
00000000110000111011
00000011000011101110
00000100100000001001
00000101010001000101
00000001011100011011
00000000000000000000
00000000100000100111
00000010000111111010
00000100100000001001
00000001101100101111
00000000000101011011
00000000000000000000
00000000000101011011
00000001010001100011
00000010001101010110
00000001010110111111
00000000000101011011
00000000000000000000
00000000000000000000
00000000000000000000
00000000001010110111
00000000010101101111
00000001000001001111
00000011111111100001
00000010111000110110
00000000101011011111
00000001011100011011
00000001001100000111
00000000000000000000
00000000000101011011
00000000110000111011
00000000111011110011
00000011010100000010
00000101100110110101
00000010101000100010
00000001001100000111
00000000001010110111
00000000010101101111
00000001100001110111
00000000110000111011
00000000010000010011
00000000000000000000
00000000000000000000
00000000000000000000
00000000000101011011
00000000000101011011
00000000010000010011
00000000000000000000
00000000000000000000
00000000000000000000
00000000000000000000
00000000110110010111
00000000000000000000
00000000000000000000
00000000000000000000
00000000000000000000
00000000101011011111
00000000001010110111
00000000000000000000
00000000000000000000
00000000000000000000
00000000000000000000
00000000001010110111
00000000011011001011
00000000000000000000
00000000000000000000
00000000000000000000
00000000000000000000
00000000000000000000
00000000000000000000
00000000000000000000
00000001000110101011
00000010111110010010
00000110000111011100
00000000110000111011
00000000101011011111
00000100010101010001
00000010011000001110
00000000010101101111
00000000000000000000
00000000010000010011
00000011011001011110
00001000010100110011
00000110101101100000
00000000101011011111
00000000010101101111
00000000000101011011
00000000101011011111
00000010101000100010
00000000010101101111
00000000001010110111
00000000000000000000
00000000110000111011
00000000000000000000
00000000010101101111
00000000000101011011
00000001000110101011
00000111101110110000
00000101101100010001
00000011011001011110
00000000000000000000
00000011100100010110
00000101100001011001
00000010001101010110
00000011111111100001
00000000000000000000
00000011011001011110
00000111111111000011
00000110110010111100
00000101010110100001
00000000000000000000
00000000101011011111
00000001010001100011
00000011111111100001
00000101111100100100
00000000000000000000
00000000000101011011
00000000000000000000
00000000000000000000
00000000000000000000
00000000001010110111
00000000101011011111
00000001000001001111
00000011000011101110
00000001010110111111
00000000000000000000
00000010011101101010
00000000010101101111
00000000000000000000
00000000000000000000
00000000000000000000
00000011001110100110
00000110101101100000
00000101101100010001
00000000100110000011
00000000000000000000
00000000010101101111
00000001100001110111
00000010111110010010
00000000000000000000
00000000000000000000
