00000000000010110110
00000000000010110110
00000000000010110110
00000000000010110110
00000000000010110110
00000000000010110110
00000000000010101111
00000000000011010011
00000000000010010001
00000000000010110111
00000000000010001111
00000000000010011011
00000000000001010000
00000000000010010110
00000000000001101101
00000000000010111110
00000000000001111001
00000000000010111011
00000000000001111110
00000000000010001111
00000000000010101011
00000000000001110100
00000000000010101111
00000000000010001011
00000000000010110010
00000000000010011001
00000000000010110110
00000000000010110110
00000000000010110110
00000000000010110110
00000000000010110110
00000000000010110110
00000000000010110110
00000000000010110110
00000000000011001101
00000000000010010110
00000000000010111010
00000000000001101101
00000000000010100001
00000000000001110011
00000000000010010010
00000000000010111001
00000000000010010100
00000000000001111101
00000000000001110000
00000000000010001101
00000000000010001000
00000000000011000011
00000000000001110101
00000000000010100010
00000000000001101101
00000000000010011101
00000000000010010110
00000000000010011010
00000000000010110110
00000000000010110110
00000000000010110110
00000000000010110110
00000000000010110110
00000000000010110110
00000000000010110110
00000000000010110110
00000000000010011110
00000000000011110000
00000000000010011000
00000000000011000001
00000000000010011111
00000000000011000110
00000000000011000110
00000000000010111010
00000000000010111100
00000000000011110000
00000000000010011111
00000000000011110000
00000000000010110111
00000000000011011111
00000000000011101110
00000000000011110100
00000000000010100010
00000000000010110100
00000000000011100100
00000000000010010000
00000000000010110110
00000000000010110110
00000000000010110110
00000000000010110110
00000000000010110110
00000000000010110110
00000000000010110110
00000000000010110110
00000000000011010110
00000000000010010101
00000000000011101100
00000000000100000010
00000000000011111110
00000000000010001000
00000000000100111101
00000000000011100010
00000000000101100000
00000000000100110110
00000000000100100001
00000000000011100101
00000000000011110000
00000000000010010100
00000000000010011000
00000000000011000110
00000000000010110011
00000000000011100100
00000000000011010000
00000000000011010010
00000000000010110110
00000000000010110110
00000000000010110110
00000000000010110110
00000000000010110110
00000000000010110110
00000000000010110110
00000000000010110110
00000000000010111110
00000000000011011101
00000000000111100111
00000000000111111010
00000000000100000101
00000000000001010110
11111111111010010111
11111111111000111011
11111111111001111101
11111111110100100010
11111111110101011001
11111111111011001000
11111111111100100011
00000000000100111010
00000000000010110110
00000000000100101111
00000000000010101011
00000000000011011011
00000000000011001001
00000000000010110001
00000000000010110110
00000000000010110110
00000000000010110110
00000000000010110110
00000000000010110110
00000000000010110110
00000000000010110110
00000000000010110110
00000000000011010010
00000000001000000011
00000000000001110010
00000000000001010010
11111111110101011110
11111111110100001011
11111111101000110100
11111111101010000010
11111111101010001011
11111111110000011110
11111111101001011110
11111111110000001010
11111111110000101100
11111111111101111001
00000000000011100000
00000000000100111101
00000000000101101011
00000000000100011000
00000000000011110001
00000000000011101101
00000000000010110110
00000000000010110110
00000000000010110110
00000000000010110110
00000000000010110110
00000000000010110110
00000000000010110110
00000000000010110110
00000000000010111111
00000000000001101000
00000000001010000000
11111111110111010100
11111111111100001000
11111111101000110111
11111111100101011000
11111111100100101101
11111111100100111000
11111111100000000000
11111111101011100000
11111111100001010010
11111111101100101100
11111111101110110111
11111111111101100110
00000000000011111111
00000000000011011010
00000000000011101010
00000000000011110011
00000000000010111011
00000000000010110110
00000000000010110110
00000000000010110110
00000000000010110110
00000000000010110110
00000000000010110110
00000000000010110110
00000000000010110110
00000000000110111101
00000000000110000111
11111111111110010010
11111111101100111010
11111111101110110000
11111111100110111101
11111111101011100001
11111111110100100010
11111111110100101000
11111111101110011000
11111111101111000110
11111111101010000110
11111111100110000010
11111111110011111001
11111111110100100111
00000000000011101111
00000000000011110011
00000000000010010000
00000000000010110111
00000000000010110010
00000000000010110110
00000000000010110110
00000000000010110110
00000000000010110110
00000000000010110110
00000000000010110110
00000000000010110110
00000000000010110110
00000000000001011111
00000000001000111111
11111111111001011100
00000000010101011111
00000000001011010100
00000000101001111101
00000000111010011000
00000001000100100111
00000001001011000110
00000000111011100101
00000000101011000100
00000000010100111010
11111111111000010000
11111111101111111111
11111111110000011010
00000000000011001110
00000000000010100101
00000000000010110110
00000000000010100011
00000000000010101100
00000000000010110110
00000000000010110110
00000000000010110110
00000000000010110110
00000000000010110110
00000000000010110110
00000000000010110110
00000000000010110110
00000000000101110101
00000000001100000011
00000000001010001111
00000000011001011001
00000000011101110110
00000000111011011101
00000000111011101010
00000001010100101111
00000001001100101110
00000001010010100111
00000000111001110000
00000000100101110100
00000000010010110110
00000000000010000001
11111111110000100110
00000000000011010001
00000000000010100010
00000000000010011110
00000000000010100000
00000000000010110111
00000000000010110110
00000000000010110110
00000000000010110110
00000000000010110110
00000000000010110110
00000000000010110110
00000000000010110110
00000000000010110110
00000000000110010000
00000000000100101001
00000000010001010101
00000000011001001010
00000000100100011111
00000000111010010000
00000000111100110101
00000001001110111001
00000001000110111101
00000001001010011101
00000001000101101000
00000000111111111011
00000000101101000001
00000000011111000101
00000000001000000100
00000000000011101010
00000000000010001010
00000000000011001101
00000000000001111110
00000000000010110001
00000000000010110110
00000000000010110110
00000000000010110110
00000000000010110110
00000000000010110110
00000000000010110110
00000000000010110110
00000000000010110110
00000000001110111011
00000000010100101010
00000000011101111110
00000000101001001011
00000000011111100100
00000000010000011101
11111111111111100111
00000000000100101110
00000000100100100001
00000000100101000101
00000000111100101000
00000000110110110011
00000000101100001111
00000000011011011011
00000000001111011001
00000000000010111000
00000000000100110101
00000000000010101101
00000000000011001111
00000000000010010100
00000000000010110110
00000000000010110110
00000000000010110110
00000000000010110110
00000000000010110110
00000000000010110110
00000000000010110110
00000000000010110110
00000000001111011100
00000000010100101011
00000000011110010111
00000000100011011100
00000000100101000101
00000000001101001001
00000000000100110111
11111111110000001010
11111111111100100001
00000000001001010011
00000000010101001100
00000000100101101110
00000000100011000111
00000000011011011110
00000000000101000101
00000000000011001011
00000000000010101010
00000000000011000010
00000000000010110011
00000000000010111111
00000000000010110110
00000000000010110110
00000000000010110110
00000000000010110110
00000000000010110110
00000000000010110110
00000000000010110110
00000000000010110110
00000000001010110011
00000000010100101110
00000000100010010001
00000000101010010111
00000000100000011000
00000000001011110110
11111111110110110100
11111111100111111100
11111111110111010111
00000000000000101100
00000000001111000011
00000000010100010100
00000000010111110110
00000000010101101001
00000000000010101111
00000000000101101100
00000000000100101001
00000000000100101110
00000000000100011101
00000000000010101011
00000000000010110110
00000000000010110110
00000000000010110110
00000000000010110110
00000000000010110110
00000000000010110110
00000000000010110110
00000000000010110110
00000000010000101111
00000000001110111010
00000000101001101111
00000000101100010111
00000000101011110100
00000000010111001000
11111111111000010011
11111111100100000101
11111111100100110111
11111111011101111100
11111111100100010101
11111111100001110000
11111111101100000001
11111111110000011000
11111111110010000001
00000000000011111011
00000000000101100110
00000000000100101010
00000000000011110100
00000000000011100101
00000000000010110110
00000000000010110110
00000000000010110110
00000000000010110110
00000000000010110110
00000000000010110110
00000000000010110110
00000000000010110110
00000000001011110001
00000000011000101001
00000000100000111110
00000000111000010100
00000000111000010111
00000000101100001100
00000000010100001111
00000000000010100110
11111111111100101100
00000000001100010000
00000000010011110111
00000000011000100111
00000000011111101111
00000000010101110010
00000000000010110010
00000000000011111001
00000000000011001011
00000000000011011100
00000000000011000011
00000000000010110100
00000000000010110110
00000000000010110110
00000000000010110110
00000000000010110110
00000000000010110110
00000000000010110110
00000000000010110110
00000000000010110110
00000000001011100111
00000000011100011110
00000000100101110011
00000000111011101110
00000001001111001110
00000001001110010100
00000001001001011000
00000001001011001100
00000001001000101000
00000001001011000110
00000000111111000111
00000000110100011011
00000000011110010101
00000000010101100101
00000000000010110110
00000000000010101110
00000000000010100101
00000000000011001000
00000000000010101101
00000000000011000010
00000000000010110110
00000000000010110110
00000000000010110110
00000000000010110110
00000000000010110110
00000000000010110110
00000000000010110110
00000000000010110110
00000000000010111101
00000000001011100000
00000000011100100001
00000000100001011001
00000000111100011101
00000001001101011010
00000001001111011000
00000001001110101010
00000001010001110011
00000001001111101010
00000001000100101010
00000000111000111000
00000000011101101110
00000000010110000100
00000000000010101110
00000000000010100000
00000000000011011110
00000000000011011001
00000000000010101011
00000000000011000011
00000000000010110110
00000000000010110110
00000000000010110110
00000000000010110110
00000000000010110110
00000000000010110110
00000000000010110110
00000000000010110110
00000000000011000100
00000000000010110001
00000000001011101111
00000000011010011001
00000000101001011000
00000000111011110111
00000001001110101010
00000001001101111101
00000001010001010000
00000001000111000010
00000001000100001111
00000000110101001000
00000000011110011010
00000000010101000101
00000000000011000111
00000000000010001001
00000000000011101111
00000000000010001110
00000000000010110110
00000000000010110101
00000000000010110110
00000000000010110110
00000000000010110110
00000000000010110110
00000000000010110110
00000000000010110110
00000000000010110110
00000000000010110110
00000000000010111010
00000000000011101000
00000000000011001110
00000000000101110001
00000000000011101101
00000000000100011011
00000000000100111010
00000000000011011110
00000000001111001011
00000000010101101011
00000000011111001011
00000000100110001001
00000000011111000111
00000000010110011111
00000000000010110000
00000000000011010000
00000000000010101110
00000000000011000010
00000000000010101110
00000000000010110101
00000000000010110110
00000000000010110110
00000000000010110110
00000000000010110110
00000000000010110110
00000000000010110110
00000000000010110110
00000000000010110110
00000000000010111111
00000000000011001010
00000000000011001110
00000000000100000000
00000000000010110100
00000000000100000001
00000000000010010110
00000000000011010001
00000000001110101001
00000000010100100101
00000000011101000110
00000000100111100010
00000000011110001010
00000000010000100111
00000000000000000101
11111111111100101111
00000000000010101111
00000000000011001000
00000000000011011111
00000000000010111101
00000000000010110110
00000000000010110110
00000000000010110110
00000000000010110110
00000000000010110110
00000000000010110110
00000000000010110110
00000000000010110110
00000000000010111101
00000000000011000010
00000000000011111111
00000000000011011110
00000000000100110100
00000000000100111101
00000000000011110011
00000000000100111101
00000000010001001010
00000000010101010011
00000000100000001100
00000000100101101100
00000000100010001100
00000000001011010011
00000000000110001001
11111111110011101100
00000000000100111001
00000000000010011101
00000000000010101011
00000000000010101111
00000000000010110110
00000000000010110110
00000000000010110110
00000000000010110110
00000000000010110110
00000000000010110110
00000000000010110110
00000000000010110110
00000000000011010001
00000000000011001110
00000000000011111010
00000000000010111011
00000000000100001100
00000000000010001101
00000000000010100111
00000000000010111110
00000000001110100001
00000000010101011000
00000000011110001001
00000000100111110111
00000000011100001000
00000000001100101111
00000000000001000110
11111111110000000010
00000000000010101101
00000000000010110110
00000000000011010000
00000000000010101000
00000000000010110110
00000000000010110110
00000000000010110110
00000000000010110110
00000000000010110110
00000000000010110110
00000000000010110110
00000000000010110110
00000000000011000001
00000000000011010111
00000000000011010011
00000000000011110010
00000000000100010000
00000000000100001000
00000000000100110100
00000000000100000001
00000000001100110110
00000000010101100110
00000000100100000110
00000000101100001000
00000000011101111000
00000000010011000111
00000000000011000101
11111111110011101111
00000000000010111110
00000000000011010010
00000000000011011011
00000000000010110010
00000000000010110110
00000000000010110110
00000000000010110110
00000000000010110110
00000000000010110110
00000000000010110110
00000000000010110110
00000000000010110110
00000000000010110110
00000000000010110111
00000000000010111011
00000000000011110100
00000000000011011100
00000000000011100110
00000000000011111001
00000000000011010101
00000000010000011110
00000000001111011100
00000000100101111111
00000000101111101110
00000000111010110110
00000000101101010011
00000000011111000111
00000000001000000010
00000000000101010101
00000000000100110100
00000000000010100000
00000000000010110110
00000000000010110110
00000000000010110110
00000000000010110110
00000000000010110110
00000000000010110110
00000000000010110110
00000000000010110110
00000000000010110110
00000000000010110110
00000000000011001111
00000000000011100010
00000000000011011010
00000000000011111011
00000000000100000001
00000000000011001010
00000000000011010100
00000000001100110010
00000000011001010000
00000000100111001010
00000000111101001001
00000000111111100010
00000000111001010001
00000000100011101101
00000000010100000000
00000000000001011110
00000000000011010110
00000000000010110001
00000000000011001001
00000000000010110110
00000000000010110110
00000000000010110110
00000000000010110110
00000000000010110110
00000000000010110110
00000000000010110110
00000000000010110110
00000000000010110110
00000000000010110110
00000000000010110110
00000000000010110110
00000000000010110110
00000000000010110110
00000000000010110110
00000000000010110110
00000000001011001001
00000000011010100010
00000000100001110011
00000000111010011110
00000001000100111110
00000000111101111000
00000000101010000111
00000000010111001101
00000000000010111101
00000000000010111011
00000000000010111100
00000000000010111111
00000000000010110110
00000000000010110110
00000000000010110110
00000000000010110110
00000000000010110110
00000000000010110110
00000000000010110110
00000000000010110110
00000000000010110110
00000000000010110110
00000000000010110110
00000000000010110110
00000000000010110110
00000000000010110110
00000000000010110110
00000000000010110110
00000000000011010011
00000000001100001001
00000000011011000000
00000000101001001010
00000000110100000001
00000000110100110100
00000000101010111001
00000000010101011100
00000000000100001001
00000000000011111000
00000000000010111001
00000000000010110110
00000000000010110110
00000000000010110110
00000000000010101010
00000000000010101010
00000000000010101010
00000000000010101010
00000000000010101010
00000000000010101010
00000000000011000110
00000000000100111110
00000000000110011100
00000000000110100000
00000000000111101101
00000000000111001100
00000000001000100101
00000000000111110100
00000000000111110101
00000000000111100100
00000000000111010111
00000000000111001010
00000000000111001101
00000000000101101110
00000000000110100101
00000000000110110010
00000000000101100110
00000000000101100010
00000000000011100010
00000000000011001011
00000000000010101010
00000000000010101010
00000000000010101010
00000000000010101010
00000000000010101010
00000000000010101010
00000000000010101010
00000000000010101010
00000000000100001111
00000000000110100110
00000000001000101010
00000000001010000101
00000000001000110101
00000000001010011100
00000000001010101110
00000000001010011111
00000000001010011010
00000000001010000001
00000000000111111101
00000000001000111101
00000000000111111110
00000000001000101011
00000000001000110001
00000000001000111011
00000000000111111001
00000000000101000001
00000000000100100010
00000000000010101001
00000000000010101010
00000000000010101010
00000000000010101010
00000000000010101010
00000000000010101010
00000000000010101010
00000000000010101010
00000000000010101010
00000000000100101110
00000000001000101001
00000000001011111000
00000000001010100010
00000000001100110000
00000000001000110110
00000000001011101110
00000000001010010001
00000000001011011001
00000000001000100101
00000000001001111000
00000000001000010110
00000000001010010110
00000000001001110101
00000000001010110001
00000000001011010110
00000000001000100011
00000000000111100111
00000000000011010101
00000000000011001111
00000000000010101010
00000000000010101010
00000000000010101010
00000000000010101010
00000000000010101010
00000000000010101010
00000000000010101010
00000000000010101010
00000000000101001001
00000000001001101100
00000000001010101100
00000000001110001011
00000000001010101011
00000000001010101010
00000000001001110000
00000000001001100000
00000000001011111100
00000000001011101010
00000000001001110010
00000000001000111011
00000000001001101011
00000000001011001101
00000000001010110010
00000000001011011001
00000000001001001110
00000000000110010000
00000000000101010000
00000000000010100101
00000000000010101010
00000000000010101010
00000000000010101010
00000000000010101010
00000000000010101010
00000000000010101010
00000000000010101010
00000000000010101010
00000000000101000111
00000000001000000101
00000000011000111010
00000000100100100111
00000000110000010010
00000000110110110110
00000000110100101010
00000000110010110000
00000000110011011001
00000000100100011000
00000000011010101001
00000000001110101001
00000000001001000011
00000000001011011010
00000000001011100100
00000000001010001011
00000000000111000000
00000000000110001000
00000000000011001010
00000000000010110111
00000000000010101010
00000000000010101010
00000000000010101010
00000000000010101010
00000000000010101010
00000000000010101010
00000000000010101010
00000000000010101010
00000000000100001000
00000000010100111001
00000000110111110100
00000001011110111011
00000010000011111111
00000010010011000100
00000010011110100010
00000010011101010100
00000010011110010101
00000010000111011001
00000001100100000001
00000000111000010010
00000000011100101001
00000000001000001111
00000000001001110010
00000000001001000101
00000000000101100111
00000000000011111001
00000000000011101101
00000000000010001000
00000000000010101010
00000000000010101010
00000000000010101010
00000000000010101010
00000000000010101010
00000000000010101010
00000000000010101010
00000000000010101010
00000000000011110101
00000000101000100110
00000001110000000000
00000011000010001010
00000011111100010101
00000100011100110100
00000100100000101010
00000100100000110111
00000100100010000110
00000011111111110000
00000011000110100101
00000001111111010000
00000000111101000100
00000000011001001001
00000000000100000100
00000000000101101100
00000000000101010001
00000000000100000011
00000000000010111000
00000000000010100101
00000000000010101010
00000000000010101010
00000000000010101010
00000000000010101010
00000000000010101010
00000000000010101010
00000000000010101010
00000000000010101010
00000000010001011010
00000001010100100100
00000010111010110111
00000100001001110000
00000101000001011110
00000101001000101010
00000101000001101011
00000101010001010010
00000101011111010101
00000101001100110101
00000100100100101001
00000010111001001001
00000001110100000000
00000000101111110010
00000000001110001110
00000000000111100010
00000000000100010011
00000000000100000100
00000000000011001110
00000000000010110100
00000000000010101010
00000000000010101010
00000000000010101010
00000000000010101010
00000000000010101010
00000000000010101010
00000000000010101010
00000000000010101010
00000000100111010000
00000010001001001011
00000011110110000110
00000100111001010101
00000101000000001101
00000100101001010011
00000100000101000111
00000100010011110000
00000100111001111100
00000101011100000110
00000101001100100001
00000011111111011001
00000010001001010001
00000001001000101100
00000000010011010111
00000000000111101010
00000000000110110011
00000000000100110111
00000000000011100011
00000000000010101010
00000000000010101010
00000000000010101010
00000000000010101010
00000000000010101010
00000000000010101010
00000000000010101010
00000000000010101010
00000000000010101010
00000001001000101001
00000010111000011110
00000100100100111000
00000100111010100011
00000100001010001011
00000010110111001001
00000010000110001110
00000010011011001010
00000011100100011101
00000100101000110011
00000101100010110000
00000100010000001110
00000010110001001010
00000001000000101111
00000000010110101001
00000000001001111101
00000000000110011010
00000000000101101101
00000000000010111101
00000000000010110010
00000000000010101010
00000000000010101010
00000000000010101010
00000000000010101010
00000000000010101010
00000000000010101010
00000000000010101010
00000000000010101010
00000001100101100001
00000011001100011001
00000101000000010100
00000100011111111001
00000011011010101101
00000001101100110110
00000000111001101011
00000001001001101000
00000010010011001111
00000011101101010000
00000100101101001110
00000011111011011111
00000010101011110010
00000001000111000101
00000000010001101110
00000000001010110000
00000000001010000100
00000000000101010001
00000000000100111101
00000000000010011001
00000000000010101010
00000000000010101010
00000000000010101010
00000000000010101010
00000000000010101010
00000000000010101010
00000000000010101010
00000000000010101010
00000001101110010000
00000011011011000000
00000101001010001100
00000100101110011100
00000011000110011010
00000001010101001010
00000000010101001011
00000000001101110011
00000001101001111010
00000010111001101101
00000100001100001001
00000011010000001001
00000001111110111001
00000000101111100001
00000000000011010001
00000000001110011010
00000000001001111101
00000000001000011101
00000000000011100110
00000000000011010010
00000000000010101010
00000000000010101010
00000000000010101010
00000000000010101010
00000000000010101010
00000000000010101010
00000000000010101010
00000000000010101010
00000001101101110000
00000011011011001110
00000101001001011000
00000101000101000111
00000011101010111011
00000010001110101001
00000001001001110010
00000000111011110110
00000001101011000010
00000010100111001001
00000011101011011110
00000011000001010111
00000001111110011110
00000000101111010010
00000000001011001011
00000000001011000011
00000000001011011010
00000000000101110001
00000000000100101010
00000000000010101000
00000000000010101010
00000000000010101010
00000000000010101010
00000000000010101010
00000000000010101010
00000000000010101010
00000000000010101010
00000000000010101010
00000001011111011011
00000011001110110101
00000100111111100100
00000101011100011001
00000100101011010001
00000011011011111100
00000010110000000111
00000010011111111011
00000011000100100110
00000011111010001010
00000100100101000100
00000011111011000001
00000010011100011010
00000001001010001100
00000000001010110010
00000000001011110011
00000000000110010101
00000000000110100000
00000000000010010101
00000000000010110010
00000000000010101010
00000000000010101010
00000000000010101010
00000000000010101010
00000000000010101010
00000000000010101010
00000000000010101010
00000000000010101010
00000001001001010100
00000010101001101011
00000100010100111110
00000101011111011010
00000101001100001010
00000101000001111100
00000100010111011001
00000100011111010010
00000100111010000001
00000101001110110100
00000101101001111110
00000100001001100001
00000010101101101000
00000001001000000100
00000000010100111000
00000000000111010110
00000000000111001010
00000000000011111110
00000000000011110101
00000000000010010111
00000000000010101010
00000000000010101010
00000000000010101010
00000000000010101010
00000000000010101010
00000000000010101010
00000000000010101010
00000000000010101010
00000000101001000011
00000001101101011000
00000011010001010110
00000100011000001010
00000100111101010001
00000101000011111110
00000101000100110100
00000100111000101001
00000101011001100000
00000101110100001100
00000110001001011111
00000100110100000001
00000010111001010101
00000001001001110110
00000000001001101000
00000000000110100110
00000000000101011100
00000000000100011010
00000000000010111011
00000000000010101111
00000000000010101010
00000000000010101010
00000000000010101010
00000000000010101010
00000000000010101010
00000000000010101010
00000000000010101010
00000000000010101010
00000000001100111001
00000000111010000101
00000001111100010011
00000011001010001000
00000011100001010011
00000011111000000110
00000011111100000110
00000011111100010100
00000100011111001000
00000101000011100101
00000101101101001110
00000100011101101010
00000010111010100010
00000001001010110000
00000000001001110011
00000000000111010001
00000000000101000101
00000000000100100011
00000000000010111001
00000000000010100001
00000000000010101010
00000000000010101010
00000000000010101010
00000000000010101010
00000000000010101010
00000000000010101010
00000000000010101010
00000000000010101010
00000000000011101011
00000000001111110001
00000000111110001101
00000001011110011011
00000010000011101011
00000001111000011001
00000001111000101011
00000001110111111111
00000010111110011101
00000100000111010000
00000101010001010110
00000100011011011100
00000010111010111011
00000001001011101001
00000000001011101011
00000000000110100000
00000000000110100111
00000000000011101111
00000000000011101000
00000000000010100101
00000000000010101010
00000000000010101010
00000000000010101010
00000000000010101010
00000000000010101010
00000000000010101010
00000000000010101010
00000000000010101010
00000000000100001111
00000000000110111111
00000000010011110111
00000000100001111010
00000000101101100101
00000000110101010110
00000000101011110100
00000000101011111101
00000010001101010100
00000011101001111110
00000101001111000101
00000100011100001000
00000010111011001111
00000001001100100001
00000000001011111110
00000000001000110111
00000000000110011100
00000000000101010111
00000000000010110100
00000000000010101100
00000000000010101010
00000000000010101010
00000000000010101010
00000000000010101010
00000000000010101010
00000000000010101010
00000000000010101010
00000000000010101010
00000000000100010111
00000000000111110000
00000000001001010111
00000000001010100111
00000000001001110011
00000000001000110011
00000000000110101011
00000000001000011011
00000001110011010101
00000011011110011010
00000101001111010100
00000100100111000010
00000010111110001011
00000001001110000110
00000000001110011000
00000000000111000110
00000000000111001010
00000000000100001100
00000000000010110000
00000000000010101001
00000000000010101010
00000000000010101010
00000000000010101010
00000000000010101010
00000000000010101010
00000000000010101010
00000000000010101010
00000000000010101010
00000000000100101110
00000000000111000000
00000000001000010011
00000000001001001011
00000000001000100000
00000000000111000001
00000000000111011010
00000000000111101010
00000001110010010100
00000011011110101111
00000101001110011001
00000100110011101011
00000011000111111110
00000001011011010011
00000000010101110011
00000000000111011000
00000000000110101111
00000000000100001000
00000000000010110011
00000000000010101000
00000000000010101010
00000000000010101010
00000000000010101010
00000000000010101010
00000000000010101010
00000000000010101010
00000000000010101010
00000000000010101010
00000000000100101011
00000000000101011100
00000000001000011101
00000000000111100100
00000000001000110010
00000000000111001001
00000000001000000001
00000000000111100011
00000001110001110010
00000011011101111100
00000101001110011001
00000101001000101111
00000011100000101010
00000001110111110010
00000000101001111010
00000000010001011001
00000000001000011100
00000000000100110011
00000000000011000001
00000000000010100111
00000000000010101010
00000000000010101010
00000000000010101010
00000000000010101010
00000000000010101010
00000000000010101010
00000000000010101010
00000000000010101010
00000000000011101011
00000000000100101110
00000000000111100111
00000000000111001111
00000000000110110011
00000000000110000110
00000000000110001001
00000000000110000110
00000001101111101111
00000011011011000100
00000101001100110000
00000101100110011101
00000100000011101100
00000010010111111000
00000000111111110110
00000000010101111111
00000000001000000010
00000000000100011100
00000000000010111001
00000000000010110100
00000000000010101010
00000000000010101010
00000000000010101010
00000000000010101010
00000000000010101010
00000000000010101010
00000000000010101010
00000000000010101010
00000000000010110110
00000000000100011010
00000000000110010000
00000000000101110111
00000000000110001111
00000000000100111011
00000000000100010010
00000000000101011100
00000001100000110110
00000011001110001011
00000100111110110100
00000101111001000111
00000100011010010010
00000010110011000011
00000001000010101001
00000000010101101101
00000000000101010110
00000000000100000010
00000000000011000000
00000000000010110001
00000000000010101010
00000000000010101010
00000000000010101010
00000000000010101010
00000000000010101010
00000000000010101010
00000000000010101010
00000000000010101010
00000000000010101010
00000000000011111010
00000000000011111011
00000000000100100000
00000000000011111000
00000000000011101011
00000000000010111110
00000000000011001011
00000001001001111010
00000010100110111110
00000100000111101101
00000101001010111010
00000011111111110100
00000010101011111001
00000001000111011000
00000000010001010110
00000000000110100110
00000000000011001000
00000000000010101101
00000000000010101101
00000000000010101010
00000000000010101010
00000000000010101010
00000000000010101010
00000000000010101010
00000000000010101010
00000000000010101010
00000000000010101010
00000000000010101010
00000000000011000100
00000000000011010011
00000000000011001000
00000000000011011001
00000000000010100100
00000000000010111010
00000000000010111011
00000000101000101000
00000001101100101100
00000010111000011111
00000011101000101001
00000010110010111110
00000001110001000010
00000000101011100011
00000000000011000110
00000000000110110111
00000000000100010011
00000000000011011000
00000000000010100000
00000000000010101010
00000000000010101010
00000000000010101010
00000000000010101010
00000000000010101010
00000000000010101010
00000000000010101010
00000000000010101010
00000000000010101010
00000000000010101010
00000000000010101010
00000000000010101010
00000000000010101010
00000000000010101010
00000000000010101010
00000000000010101010
00000000001101000010
00000000110111110110
00000001011000010100
00000001111101110011
00000001010101101101
00000000110100100000
00000000001110110101
00000000000000101011
00000000000101010100
00000000000100001000
00000000000010111011
00000000000010100101
00000000000010101010
00000000000010101010
00000000000010101010
00000000000010101010
00000000000010101010
00000000000010101010
00000000000010101010
00000000000010101010
00000000000010101010
00000000000010101010
00000000000010101010
00000000000010101010
00000000000010101010
00000000000010101010
00000000000010101010
00000000000010101010
00000000000011001001
00000000001110010101
00000000011101001001
00000000101000011101
00000000101100111001
00000000010101000100
00000000001010110101
11111111111011111110
00000000000101000110
00000000000010001011
00000000000010101101
00000000000010101010
00000000000010101010
00000000000010101010
00000000000010001011
00000000000010001011
00000000000010001011
00000000000010001011
00000000000010001011
00000000000010001011
00000000000010001001
00000000000010110101
00000000000011100011
00000000000101011101
00000000000111010101
00000000001000111110
00000000000110100100
00000000001000111000
00000000001001011011
00000000001001100010
00000000000111001100
00000000000110110010
00000000000110001111
00000000000110110110
00000000000110101011
00000000000110101100
00000000000110110010
00000000000101111110
00000000000110001011
00000000000011010101
00000000000010001011
00000000000010001011
00000000000010001011
00000000000010001011
00000000000010001011
00000000000010001011
00000000000010001011
00000000000010001011
00000000000010010101
00000000000011001110
00000000000110110110
00000000001000111010
00000000001011011100
00000000001011011111
00000000001100000011
00000000001010011100
00000000001010101100
00000000001001101101
00000000001010101001
00000000001010001000
00000000001010010111
00000000001000100110
00000000001000011111
00000000001010001110
00000000001001111101
00000000001000000011
00000000000110001000
00000000000101001011
00000000000010001011
00000000000010001011
00000000000010001011
00000000000010001011
00000000000010001011
00000000000010001011
00000000000010001011
00000000000010001011
00000000000010100001
00000000000101100111
00000000001000110101
00000000001011110100
00000000001101111010
00000000001101101101
00000000001011100001
00000000001011100101
00000000001101101110
00000000001101011100
00000000001101000101
00000000001010010110
00000000001010000111
00000000001001100001
00000000001011101110
00000000001100100111
00000000001100011101
00000000001001111000
00000000000111111100
00000000000100111011
00000000000010001011
00000000000010001011
00000000000010001011
00000000000010001011
00000000000010001011
00000000000010001011
00000000000010001011
00000000000010001011
00000000000011110111
00000000000101011001
00000000001001011100
00000000001100010011
00000000010000001010
00000000001100110001
00000000001101100001
00000000001100111111
00000000001101100000
00000000001100001001
00000000001100100101
00000000001010110000
00000000001100011001
00000000001011000010
00000000001100111000
00000000001101000011
00000000001110001000
00000000001010001010
00000000000110110100
00000000000101010000
00000000000010001011
00000000000010001011
00000000000010001011
00000000000010001011
00000000000010001011
00000000000010001011
00000000000010001011
00000000000010001011
00000000000011100011
00000000000110010010
00000000000011010110
00000000001010110110
00000000010011001000
00000000101010001101
00000001000000010011
00000000111101111010
00000000111101011101
00000001000011010011
00000000111110101101
00000000111001011011
00000000100110010001
00000000001110110010
00000000001111100111
00000000001101010001
00000000001011100010
00000000001000010000
00000000000110001000
00000000000100001010
00000000000010001011
00000000000010001011
00000000000010001011
00000000000010001011
00000000000010001011
00000000000010001011
00000000000010001011
00000000000010001011
00000000000010011111
00000000000001011001
00000000000101110110
00000000100100111101
00000001011110101100
00000010011110100001
00000010110111001101
00000010111010000010
00000010110111010011
00000010111001011011
00000010101001000101
00000001111111111011
00000001010111001110
00000000100100111100
00000000001110111101
00000000001010011111
00000000001011010010
00000000000110100011
00000000000101001011
00000000000011101010
00000000000010001011
00000000000010001011
00000000000010001011
00000000000010001011
00000000000010001011
00000000000010001011
00000000000010001011
00000000000010001011
00000000000011000010
11111111111100111110
00000000110010101000
00000001110000100001
00000011010100010111
00000100100010100001
00000101001010101001
00000101001001111111
00000101001010011000
00000100110001110001
00000100100100101000
00000011101010001001
00000010101001010000
00000001010011100000
00000000100101000011
00000000000111011011
00000000000111101001
00000000000101011111
00000000000100001100
00000000000011001110
00000000000010001011
00000000000010001011
00000000000010001011
00000000000010001011
00000000000010001011
00000000000010001011
00000000000010001011
00000000000010001011
11111111111110000100
00000000011001001001
00000001011101001001
00000011011010101000
00000101010100001100
00000110101010100111
00000110101011010111
00000110001100111101
00000110010010001010
00000110000001110111
00000101101010110001
00000101011000001101
00000011111101111010
00000010100000101000
00000000111100111110
00000000000111100111
00000000001000011000
00000000000110010011
00000000000100010001
00000000000011001001
00000000000010001011
00000000000010001011
00000000000010001011
00000000000010001011
00000000000010001011
00000000000010001011
00000000000010001011
00000000000010001011
11111111111011111011
00000001000101101000
00000010011100000110
00000100111001011110
00000110011111001010
00000111000110100001
00000110010110010000
00000101100011011001
00000101110011110001
00000110011010101100
00000110011100101101
00000110001101101101
00000101000110100001
00000011010000111110
00000001100010100101
00000000001000111100
00000000001000011100
00000000000110111001
00000000000100010010
00000000000011100100
00000000000010001011
00000000000010001011
00000000000010001011
00000000000010001011
00000000000010001011
00000000000010001011
00000000000010001011
00000000000010001011
00000000010100010110
00000001011010110111
00000011010110010001
00000101010010011000
00000110110000101110
00000101111111010010
00000100101001000100
00000011101011110100
00000011110111101110
00000100110111111100
00000101111001110100
00000110011110111101
00000101111001111000
00000011110101101101
00000001111000110000
00000000001001001010
00000000001010000010
00000000001000111001
00000000000111010000
00000000000011001011
00000000000010001011
00000000000010001011
00000000000010001011
00000000000010001011
00000000000010001011
00000000000010001011
00000000000010001011
00000000000010001011
00000000101011011010
00000001110000101100
00000011110110100011
00000101010101111000
00000110011010001100
00000100110011101001
00000011000101111001
00000001101101000001
00000010011001011101
00000011011111011111
00000101000110101101
00000101101100100010
00000101011100110010
00000011011100001101
00000001101010110110
00000000001011010011
00000000001101101001
00000000001011101001
00000000000111011011
00000000000100011010
00000000000010001011
00000000000010001011
00000000000010001011
00000000000010001011
00000000000010001011
00000000000010001011
00000000000010001011
00000000000010001011
00000000101111011101
00000010000100010110
00000100001100011000
00000101100011010111
00000110010001000110
00000100001011101111
00000010010101111111
00000000100110001010
00000001001011011101
00000010001010111010
00000011101100010111
00000100010011100111
00000100101011010000
00000011001000011101
00000001101011111011
00000000001100111001
00000000010000010111
00000000001011100011
00000000001001011100
00000000000011111111
00000000000010001011
00000000000010001011
00000000000010001011
00000000000010001011
00000000000010001011
00000000000010001011
00000000000010001011
00000000000010001011
00000000101111001100
00000010000100001001
00000100001010110110
00000101011111110000
00000110100001101000
00000100110000111110
00000011000010001110
00000001011000000000
00000001010100011100
00000010010010100100
00000011101110010011
00000100101111110011
00000100100110111101
00000011001000111010
00000001011101111010
00000000001100110111
00000000001100100010
00000000001100000001
00000000000111010111
00000000000100101100
00000000000010001011
00000000000010001011
00000000000010001011
00000000000010001011
00000000000010001011
00000000000010001011
00000000000010001011
00000000000010001011
00000000110010101101
00000010000000100111
00000100000101110100
00000101100011000010
00000110011001100011
00000101101100001000
00000100010111011100
00000011011100001101
00000011010000101000
00000011110100101100
00000100110001000111
00000101001101101110
00000100111111001101
00000011011001111000
00000001101101011001
00000000001011011100
00000000001100011101
00000000001010011001
00000000000110100110
00000000000100000011
00000000000010001011
00000000000010001011
00000000000010001011
00000000000010001011
00000000000010001011
00000000000010001011
00000000000010001011
00000000000010001011
00000000110100011001
00000001101110111101
00000011011100110000
00000101001110111111
00000110011010010001
00000110011101011011
00000110000000101010
00000101011100111001
00000101011100111111
00000101110010111001
00000110010011100110
00000110000100011110
00000101011000111001
00000011101000001000
00000001111000001011
00000000001000100101
00000000001001110000
00000000000111100100
00000000000101100011
00000000000011100101
00000000000010001011
00000000000010001011
00000000000010001011
00000000000010001011
00000000000010001011
00000000000010001011
00000000000010001011
00000000000010001011
00000000011100110010
00000001011110100111
00000010100101111011
00000100010011110010
00000101110001101101
00000110101110110111
00000110110001011001
00000110011011010000
00000110001101100101
00000110100110010011
00000111000011111010
00000111000000000111
00000110001110000100
00000100000111100011
00000010000001100000
00000000001000100110
00000000000110100010
00000000000110010100
00000000000100001101
00000000000011000100
00000000000010001011
00000000000010001011
00000000000010001011
00000000000010001011
00000000000010001011
00000000000010001011
00000000000010001011
00000000000010001011
00000000000110000001
00000000110001101101
00000001110111101011
00000011000010100101
00000100001110100111
00000101000000111101
00000101100011111001
00000101100010010101
00000101011100110001
00000101110110101000
00000110100000110101
00000110101111110100
00000110001110100100
00000100001000011010
00000010000001100100
00000000000111001011
00000000000110011110
00000000000110000100
00000000000101010101
00000000000010110110
00000000000010001011
00000000000010001011
00000000000010001011
00000000000010001011
00000000000010001011
00000000000010001011
00000000000010001011
00000000000010001011
00000000000010110110
00000000000110110010
00000000110101111001
00000001100011001011
00000010011011110100
00000010111101011000
00000011010011110100
00000011010000001111
00000011100010100010
00000100001110001111
00000101011111111000
00000110001011001100
00000110001111000011
00000100001000001000
00000010000011011011
00000000001001100100
00000000001000101010
00000000000111101101
00000000000101000011
00000000000010100011
00000000000010001011
00000000000010001011
00000000000010001011
00000000000010001011
00000000000010001011
00000000000010001011
00000000000010001011
00000000000010001011
00000000000010101011
00000000000100010011
00000000001100000100
00000000100001111100
00000000111010110100
00000001001110111011
00000001010110111101
00000001010100111011
00000001111101110011
00000010111101111001
00000100110000101010
00000101110101011101
00000110010001100111
00000100001001001001
00000010000101111001
00000000001010001111
00000000001000100001
00000000000110111111
00000000000101010111
00000000000010011111
00000000000010001011
00000000000010001011
00000000000010001011
00000000000010001011
00000000000010001011
00000000000010001011
00000000000010001011
00000000000010001011
00000000000010001101
00000000000110010111
00000000000111000100
00000000001011111111
00000000001011110111
00000000001011011010
00000000001000100111
00000000001001000110
00000000110101110110
00000010001010001111
00000100010001110011
00000101101101000111
00000110010001110000
00000100001100001010
00000010000110100111
00000000001101011101
00000000001000000001
00000000001000011101
00000000000101001000
00000000000010011101
00000000000010001011
00000000000010001011
00000000000010001011
00000000000010001011
00000000000010001011
00000000000010001011
00000000000010001011
00000000000010001011
00000000000011010100
00000000000100111100
00000000000110101101
00000000001001011010
00000000001011001010
00000000001001111001
00000000001001010010
00000000001000111111
00000000110101100110
00000010001010000010
00000100010001101010
00000101100111110110
00000110010101111011
00000100010010110011
00000010011011011010
00000000100011001100
00000000001011101110
00000000001010100110
00000000000100110000
00000000000010010111
00000000000010001011
00000000000010001011
00000000000010001011
00000000000010001011
00000000000010001011
00000000000010001011
00000000000010001011
00000000000010001011
00000000000011101111
00000000000011100101
00000000000110101111
00000000000111011010
00000000001010111011
00000000001001111001
00000000001001100110
00000000000111001111
00000000110110000001
00000010001001101001
00000100010001110010
00000101100111001110
00000110101010010001
00000100110011000111
00000011000010101010
00000001000001100010
00000000001100101000
00000000001000101000
00000000000100100110
00000000000010101111
00000000000010001011
00000000000010001011
00000000000010001011
00000000000010001011
00000000000010001011
00000000000010001011
00000000000010001011
00000000000010001011
00000000000010110100
00000000000011011110
00000000000111000000
00000000000111001100
00000000001000011011
00000000000111011011
00000000001000001100
00000000000110010011
00000000110010100100
00000010000111101000
00000100001110010010
00000101111010000000
00000110111001010100
00000101011011110000
00000011011011110000
00000001100100010110
00000000001010101100
00000000001010010000
00000000000100010101
00000000000010111000
00000000000010001011
00000000000010001011
00000000000010001011
00000000000010001011
00000000000010001011
00000000000010001011
00000000000010001011
00000000000010001011
00000000000010010000
00000000000011101000
00000000000100100110
00000000000110001011
00000000000110101111
00000000000110111110
00000000000101111101
00000000000101100101
00000000110110101000
00000010000001010101
00000100000110100001
00000101111000100001
00000110110101111101
00000101111001101101
00000011110111010100
00000001111011010010
00000000001010100011
00000000001000110100
00000000000011110000
00000000000011000011
00000000000010001011
00000000000010001011
00000000000010001011
00000000000010001011
00000000000010001011
00000000000010001011
00000000000010001011
00000000000010001011
00000000000010001011
00000000000011001011
00000000000011010011
00000000000100011011
00000000000100110111
00000000000100100110
00000000000011011011
00000000000011001010
00000000110101001000
00000001101111100011
00000011100001101110
00000101010010011000
00000110001101110100
00000101011001011010
00000011011011111101
00000001101101000001
00000000001100001100
00000000000111010101
00000000000100011101
00000000000010110110
00000000000010001011
00000000000010001011
00000000000010001011
00000000000010001011
00000000000010001011
00000000000010001011
00000000000010001011
00000000000010001011
00000000000010001011
00000000000010010110
00000000000011000010
00000000000011001011
00000000000011001100
00000000000011000101
00000000000010101110
00000000000010101011
00000000011100111111
00000001011101000111
00000010100111011111
00000011111101011100
00000100001001101100
00000011110111101100
00000010011100001001
00000001010011011011
00000000001011001110
00000000000111001111
00000000000100010000
00000000000010100001
00000000000010001011
00000000000010001011
00000000000010001011
00000000000010001011
00000000000010001011
00000000000010001011
00000000000010001011
00000000000010001011
00000000000010001011
00000000000010001011
00000000000010001011
00000000000010001011
00000000000010001011
00000000000010001011
00000000000010001011
00000000000010001011
00000000000110111111
00000000101111110000
00000001011101111110
00000010010100000101
00000010100000100010
00000010010000000010
00000001011100000010
00000000101011011011
00000000001011000111
00000000000101001000
00000000000100011001
00000000000010010000
00000000000010001011
00000000000010001011
00000000000010001011
00000000000010001011
00000000000010001011
00000000000010001011
00000000000010001011
00000000000010001011
00000000000010001011
00000000000010001011
00000000000010001011
00000000000010001011
00000000000010001011
00000000000010001011
00000000000010001011
00000000000010001011
00000000000010011000
00000000001000010101
00000000011011011000
00000000110010111111
00000001000111001100
00000000111101100010
00000000101001101100
00000000010010101100
00000000001001100010
00000000000100000110
00000000000011010101
00000000000010001011
00000000000010001011
00000000000010001011
00000000000010001011
00000000000010001011
00000000000010001011
00000000000010001011
00000000000010001011
00000000000010001011
00000000000010010101
00000000000011011100
00000000000010000011
00000000000011100010
00000000000001001001
00000000000010111000
00000000000010010101
00000000000001001001
00000000000001011110
00000000000010111010
00000000000001011010
00000000000011001010
00000000000001110111
00000000000001011011
00000000000010111100
00000000000001001010
00000000000010010010
00000000000001000111
00000000000010000101
00000000000001111110
00000000000010001011
00000000000010001011
00000000000010001011
00000000000010001011
00000000000010001011
00000000000010001011
00000000000010001011
00000000000010001011
00000000000011001100
00000000000010011011
00000000000100000110
00000000000000001000
00000000000011000000
00000000000001101011
00000000000010010111
00000000000001111110
00000000000011100110
00000000000001010100
00000000000010001010
00000000000001000100
00000000000010100100
00000000000011000100
00000000000010101100
00000000000011000010
00000000000000100011
00000000000010101100
00000000000001101010
00000000000001110100
00000000000010001011
00000000000010001011
00000000000010001011
00000000000010001011
00000000000010001011
00000000000010001011
00000000000010001011
00000000000010001011
00000000000010101011
00000000000100011011
00000000000000011010
00000000000011001010
00000000000001011100
00000000000001110101
00000000000001100110
00000000000001111010
00000000000010010011
00000000000011000100
00000000000010000000
00000000000010101111
00000000000010011000
00000000000010001110
00000000000001100101
00000000000001100010
00000000000001101111
00000000000001010110
00000000000010010100
00000000000010010001
00000000000010001011
00000000000010001011
00000000000010001011
00000000000010001011
00000000000010001011
00000000000010001011
00000000000010001011
00000000000010001011
00000000000011001011
00000000000001110100
00000000000010011011
00000000000001010100
00000000000010101001
00000000000010100010
00000000000010001101
00000000000001100000
00000000000010101010
00000000000000110011
00000000000001101011
00000000000001000101
00000000000100110100
00000000000001001100
00000000000010011110
00000000000001111000
00000000000000101000
00000000000001101000
00000000000010000001
00000000000001111010
00000000000010001011
00000000000010001011
00000000000010001011
00000000000010001011
00000000000010001011
00000000000010001011
00000000000010001011
00000000000010001011
00000000000010011010
00000000000010110111
00000000001100011011
00000000001011010011
00000000010101001111
00000000000111000101
00000000000100100001
00000000000011000001
00000000000100110001
11111111111000011000
11111111111101001111
11111111110001110111
11111111111101010010
00000000000001000001
00000000000000110100
00000000000011000000
00000000000010000011
00000000000010011100
00000000000010100000
00000000000010100101
00000000000010001011
00000000000010001011
00000000000010001011
00000000000010001011
00000000000010001011
00000000000010001011
00000000000010001011
00000000000010001011
00000000000010011100
00000000001100010110
00000000010010000001
00000000100100001010
00000000001000111010
00000000001001100110
00000000000011010101
00000000000011011100
00000000000011111101
11111111111100000010
11111111101100011010
11111111111000110101
11111111101011111000
11111111111011111001
00000000000000100010
00000000000001001111
00000000000001010011
00000000000010011001
00000000000010100000
00000000000010001110
00000000000010001011
00000000000010001011
00000000000010001011
00000000000010001011
00000000000010001011
00000000000010001011
00000000000010001011
00000000000010001011
00000000000010101000
00000000010100010100
00000000100101110101
00000000011001001100
00000000001100101011
00000000000000000111
11111111111101000111
11111111111011110111
11111111111100001101
11111111101101110010
11111111110001001100
11111111100100001100
11111111110111001100
11111111101100110101
11111111111110000010
00000000000010110011
00000000000001111000
00000000000001111110
00000000000010000100
00000000000010000111
00000000000010001011
00000000000010001011
00000000000010001011
00000000000010001011
00000000000010001011
00000000000010001011
00000000000010001011
00000000000010001011
00000000001101000110
00000000100001000110
00000000100100101000
11111111110101100011
11111111110110011110
11111111101111010111
00000000000101111011
00000000010101000001
00000000010011010000
00000000011110101010
00000000001010101011
11111111110110100111
11111111110000100110
11111111101100101010
11111111111001010001
00000000000010000011
00000000000001110010
00000000000001010110
00000000000010000111
00000000000010000100
00000000000010001011
00000000000010001011
00000000000010001011
00000000000010001011
00000000000010001011
00000000000010001011
00000000000010001011
00000000000010001011
00000000010101000101
00000000100011111011
00000000010001011001
11111111101010100111
11111111011011111101
11111111100101111000
11111111101110011010
11111111111111010010
00000000010001001101
00000000000010000101
00000000011101011111
11111111111000110011
11111111110011011110
11111111110010111001
11111111110101110001
00000000000010010111
00000000000001101001
00000000000010001100
00000000000001110101
00000000000010001010
00000000000010001011
00000000000010001011
00000000000010001011
00000000000010001011
00000000000010001011
00000000000010001011
00000000000010001011
00000000000010001011
00000000100011100000
00000000011010000000
11111111111111100100
11111111010001111011
11111111010101001110
11111111100110111000
11111111110100001011
00000000001101000001
00000000010100100011
00000000010101011000
00000000001111011100
11111111110000001101
11111111111011111010
11111111111010111000
00000000000000100011
00000000000000110101
00000000000010011111
00000000000000110000
00000000000001111000
00000000000010001111
00000000000010001011
00000000000010001011
00000000000010001011
00000000000010001011
00000000000010001011
00000000000010001011
00000000000010001011
00000000000010001011
00000000100001011000
00000000010010110110
00000000000110101101
11111111011101011110
11111111101001000010
11111111101000101111
11111111101100111011
11111111101100010000
11111111111011001010
11111111111110000111
11111111110101110110
11111111101011001101
11111111111010100001
00000000001110001101
00000000000011000001
00000000000100110101
00000000000000001001
00000000000011000011
00000000000001010100
00000000000001111000
00000000000010001011
00000000000010001011
00000000000010001011
00000000000010001011
00000000000010001011
00000000000010001011
00000000000010001011
00000000000010001011
00000000100000000000
00000000000111110000
11111111111101110101
11111111101010110011
11111111110010111110
00000000000110011001
11111111110010111101
11111111111011100000
00000000001100110101
11111111110100011101
11111111111111100110
11111111100000110010
00000000000010010110
11111111111101101011
00000000000101000101
11111111111111001110
00000000000001110011
00000000000000100001
00000000000010001000
00000000000010001000
00000000000010001011
00000000000010001011
00000000000010001011
00000000000010001011
00000000000010001011
00000000000010001011
00000000000010001011
00000000000010001011
00000000100000001101
00000000000111101101
11111111111111111001
11111111110001001101
00000000000010000110
00000000000010011001
00000000001000001011
11111111111111111000
00000000001001001111
11111111111100110010
11111111101110010000
11111111101100110111
00000000000000001101
00000000000011110101
00000000000000111000
00000000000010101010
00000000000001110010
00000000000010100100
00000000000010100100
00000000000001111110
00000000000010001011
00000000000010001011
00000000000010001011
00000000000010001011
00000000000010001011
00000000000010001011
00000000000010001011
00000000000010001011
00000000010100111011
00000000001010000010
11111111110100111011
00000000001101011011
00000000000110011011
00000000001001111111
00000000000100011111
00000000000001110111
00000000010000101100
11111111111100100010
11111111101111111110
11111111001011111011
11111111011011000100
11111111101000001011
11111111110100011101
00000000000001110010
00000000000001001111
00000000000011001100
00000000000010010111
00000000000010100010
00000000000010001011
00000000000010001011
00000000000010001011
00000000000010001011
00000000000010001011
00000000000010001011
00000000000010001011
00000000000010001011
00000000001101111000
11111111111001110001
00000000000010011000
11111111111101000110
00000000011011111000
00000000011000101010
00000000001111101101
00000000000101000010
11111111111010100010
11111111110010101000
11111111111000110110
11111111100100111100
11111111111010010100
11111111111100011100
11111111111111001101
00000000000001001101
00000000000010010000
00000000000001011000
00000000000010011001
00000000000010000011
00000000000010001011
00000000000010001011
00000000000010001011
00000000000010001011
00000000000010001011
00000000000010001011
00000000000010001011
00000000000010001011
11111111111111101100
11111111111011101111
11111111111010000111
00000000000011000000
11111111111101001000
00000000000110011101
00000000001010000111
00000000001010100000
00000000010100100110
00000000000110111101
00000000001001110001
11111111100000001100
11111111110100000100
11111111111100101010
11111111111101111001
00000000000001100101
00000000000001011101
00000000000010000001
00000000000010001001
00000000000010010000
00000000000010001011
00000000000010001011
00000000000010001011
00000000000010001011
00000000000010001011
00000000000010001011
00000000000010001011
00000000000010001011
00000000000001101100
11111111110100110101
11111111110011111001
11111111110010010001
11111111110011001100
11111111111010010001
11111111110111110110
11111111110111010000
00000000001001010111
00000000001110010010
00000000001100011110
11111111100100011111
11111111110100101111
11111111111011011100
11111111111111100010
00000000000001111100
00000000000010010111
00000000000010000000
00000000000001111010
00000000000010010010
00000000000010001011
00000000000010001011
00000000000010001011
00000000000010001011
00000000000010001011
00000000000010001011
00000000000010001011
00000000000010001011
00000000000010100111
00000000000010000110
11111111110101001011
11111111100101000000
11111111101011111010
11111111110110001100
00000000000000000101
11111111111111001111
00000000011111111001
00000000011010000000
00000000010001111011
11111111101000111001
11111111110010010100
11111111111100111100
11111111111101101101
00000000000010011110
00000000000000110010
00000000000001110111
00000000000010000110
00000000000010001000
00000000000010001011
00000000000010001011
00000000000010001011
00000000000010001011
00000000000010001011
00000000000010001011
00000000000010001011
00000000000010001011
00000000000010101100
00000000000010111111
00000000000001011010
11111111110100010111
11111111110000010100
11111111101111110000
11111111101111101100
11111111101111000111
00000000001110011011
00000000000000011011
00000000000001000000
11111111011110000111
11111111110011111100
11111111111100000111
00000000000000110110
00000000000000110101
00000000000010010011
00000000000001011111
00000000000010000011
00000000000010001010
00000000000010001011
00000000000010001011
00000000000010001011
00000000000010001011
00000000000010001011
00000000000010001011
00000000000010001011
00000000000010001011
00000000000010101111
00000000000010101100
00000000000001001101
00000000000001100101
00000000000010011001
00000000000001100001
00000000000010010000
00000000000010000110
00000000011111010110
00000000000110110011
11111111111111011100
11111111011111100111
11111111110001111101
11111111111101001000
11111111111101000100
00000000000000100000
00000000000001111011
00000000000010001111
00000000000010011001
00000000000010001111
00000000000010001011
00000000000010001011
00000000000010001011
00000000000010001011
00000000000010001011
00000000000010001011
00000000000010001011
00000000000010001011
00000000000011000001
00000000000001101000
00000000000001100011
00000000000010000110
00000000000010000111
00000000000010010011
00000000000010101000
00000000000011001000
00000000100000000010
00000000001000010110
11111111111111100100
11111111101010001100
11111111110010100101
00000000000101110011
11111111110100011101
11111111111111001100
00000000000000000010
00000000000010000111
00000000000001111101
00000000000010001010
00000000000010001011
00000000000010001011
00000000000010001011
00000000000010001011
00000000000010001011
00000000000010001011
00000000000010001011
00000000000010001011
00000000000010010111
00000000000010000101
00000000000010101110
00000000000010011001
00000000000001010011
00000000000001001100
00000000000001111100
00000000000001011000
00000000011111001001
00000000000110000010
00000000000000001100
11111111110000101110
11111111110110000110
11111111111011100010
11111111110100110111
11111111110110100001
00000000000010100110
00000000000001100111
00000000000010000100
00000000000010000110
00000000000010001011
00000000000010001011
00000000000010001011
00000000000010001011
00000000000010001011
00000000000010001011
00000000000010001011
00000000000010001011
00000000000010000110
00000000000001110110
00000000000010101110
00000000000001001000
00000000000010101010
00000000000010001101
00000000000010001111
00000000000010101101
00000000011111011111
00000000001000101000
11111111111110110011
11111111111111000010
11111111101110011101
11111111110111100100
11111111110010000111
11111111110101110110
00000000000001100001
00000000000010000001
00000000000010011001
00000000000010000111
00000000000010001011
00000000000010001011
00000000000010001011
00000000000010001011
00000000000010001011
00000000000010001011
00000000000010001011
00000000000010001011
00000000000010001010
00000000000010100101
00000000000001011111
00000000000001000110
00000000000010010000
00000000000010000011
00000000000001111011
00000000000001010110
00000000010101010101
00000000001000011100
11111111110111011011
00000000001000101100
11111111101011101110
11111111111001110101
11111111111000101111
11111111111111111100
00000000000010011000
00000000000011000100
00000000000010000101
00000000000010000110
00000000000010001011
00000000000010001011
00000000000010001011
00000000000010001011
00000000000010001011
00000000000010001011
00000000000010001011
00000000000010001011
00000000000010001011
00000000000010000110
00000000000001110101
00000000000001111100
00000000000010010000
00000000000010011101
00000000000010010010
00000000000010010000
00000000001100111101
11111111111010001111
11111111110111110011
11111111110100001000
11111111101010011000
11111111111010111110
00000000001101000110
00000000000000110110
00000000000010010110
00000000000001010011
00000000000010001000
00000000000010010100
00000000000010001011
00000000000010001011
00000000000010001011
00000000000010001011
00000000000010001011
00000000000010001011
00000000000010001011
00000000000010001011
00000000000010001011
00000000000010001001
00000000000001101100
00000000000001111000
00000000000010001100
00000000000001111000
00000000000010000001
00000000000010001101
00000000000000001101
11111111111010101110
11111111110000111010
11111111110101010011
11111111101111001000
00000000001000101101
00000000001110110011
00000000000111110001
00000000000000110011
00000000000010001010
00000000000010000100
00000000000010010000
00000000000010001011
00000000000010001011
00000000000010001011
00000000000010001011
00000000000010001011
00000000000010001011
00000000000010001011
00000000000010001011
00000000000010001011
00000000000010001011
00000000000010001011
00000000000010001011
00000000000010001011
00000000000010001011
00000000000010001011
00000000000010001011
00000000000001011000
11111111110101000110
11111111100110110100
11111111101100000111
11111111111010001011
00000000010011010001
00000000010100100111
00000000001010110111
00000000000001110000
00000000000010011100
00000000000010000011
00000000000010001011
00000000000010001011
00000000000010001011
00000000000010001011
00000000000010001011
00000000000010001011
00000000000010001011
00000000000010001011
00000000000010001011
00000000000010001011
00000000000010001011
00000000000010001011
00000000000010001011
00000000000010001011
00000000000010001011
00000000000010001011
00000000000010001011
00000000000010001001
00000000000001010110
11111111110110000000
11111111101111000110
11111111110001001011
11111111111010000010
00000000000001100011
00000000000001001110
00000000000011000000
00000000000010101010
00000000000010101011
00000000000010001011
00000000000010001011
00000000000010001011
00000000000111010000
00000000000111010000
00000000000111010000
00000000000111010000
00000000000111010000
00000000000111010000
00000000000111010000
00000000000111101000
00000000001000111100
00000000000111101101
00000000001001000011
00000000001001100011
00000000000111111000
00000000001000100101
00000000001001001111
00000000001001010100
00000000001000111010
00000000001001100111
00000000001000100111
00000000001000000100
00000000001001001011
00000000001000100111
00000000000111110110
00000000001001000000
00000000000111101101
00000000000111000011
00000000000111010000
00000000000111010000
00000000000111010000
00000000000111010000
00000000000111010000
00000000000111010000
00000000000111010000
00000000000111010000
00000000000111011101
00000000001001000101
00000000001010000111
00000000001010101111
00000000001001000010
00000000001011110110
00000000001100011001
00000000001011101011
00000000001010011001
00000000001011101011
00000000001000110000
00000000001010110000
00000000001001000101
00000000001010000000
00000000001010010101
00000000001010011010
00000000001001000010
00000000000111111010
00000000001000001101
00000000000110101010
00000000000111010000
00000000000111010000
00000000000111010000
00000000000111010000
00000000000111010000
00000000000111010000
00000000000111010000
00000000000111010000
00000000000111110000
00000000001010101111
00000000001101100001
00000000001100111101
00000000001101011110
00000000001011011100
00000000001101110000
00000000001110001010
00000000001011110111
00000000001101000001
00000000001011001110
00000000001100011100
00000000001100000110
00000000001011010111
00000000001101001001
00000000001110000011
00000000001011001111
00000000001001100010
00000000001000100101
00000000000110101110
00000000000111010000
00000000000111010000
00000000000111010000
00000000000111010000
00000000000111010000
00000000000111010000
00000000000111010000
00000000000111010000
00000000001001110110
00000000001011010101
00000000001101111111
00000000001110111100
00000000001111110001
00000000001011111001
00000000001101010111
00000000001100101101
00000000010000000011
00000000001111101000
00000000001100010011
00000000001101001011
00000000001011011111
00000000001101101100
00000000001010000110
00000000001110101000
00000000001011101001
00000000001010010010
00000000001001011111
00000000000111100010
00000000000111010000
00000000000111010000
00000000000111010000
00000000000111010000
00000000000111010000
00000000000111010000
00000000000111010000
00000000000111010000
00000000001000110110
00000000001110110101
00000000000110110100
00000000010011110110
00000000010000101001
00000000010000110100
00000000000100010010
00000000000010011000
00000000000001101101
00000000001001010110
11111111111010110110
00000000000001110011
00000000000001110111
00000000010000001101
00000000001101110111
00000000001110001110
00000000001011001011
00000000001001010111
00000000001000011110
00000000000111000111
00000000000111010000
00000000000111010000
00000000000111010000
00000000000111010000
00000000000111010000
00000000000111010000
00000000000111010000
00000000000111010000
00000000001001010100
00000000000101111101
00000000010100011110
00000000010100101111
00000000100010011001
00000000100101110001
00000000100011101100
00000000100010010010
00000000100011101011
00000000100010001110
00000000100100100000
00000000001000011100
11111111111110100000
00000000000101010001
00000000001100111101
00000000001111011100
00000000001100000000
00000000001001110001
00000000001000011110
00000000000111101000
00000000000111010000
00000000000111010000
00000000000111010000
00000000000111010000
00000000000111010000
00000000000111010000
00000000000111010000
00000000000111010000
00000000001000010100
00000000000100001000
00000000110100110101
00000001010110111000
00000001110011101010
00000001111100001100
00000001111100011011
00000001111010110010
00000001111100111110
00000001011101110010
00000001001010110101
00000000111110101101
00000000000111010001
11111111111101001000
11111111111111001111
00000000001010111100
00000000001001100111
00000000001000100111
00000000001000001101
00000000000111001010
00000000000111010000
00000000000111010000
00000000000111010000
00000000000111010000
00000000000111010000
00000000000111010000
00000000000111010000
00000000000111010000
00000000000010000110
00000000101100101010
00000001011100001001
00000010100100110100
00000011000100000001
00000011001101011001
00000011001011100101
00000011001111101101
00000011011100101000
00000010111110000100
00000010000000101011
00000001011011001011
00000000110001100000
00000000001101011001
11111111111010110001
00000000001010111111
00000000001000101001
00000000000111010011
00000000000111100110
00000000000111010001
00000000000111010000
00000000000111010000
00000000000111010000
00000000000111010000
00000000000111010000
00000000000111010000
00000000000111010000
00000000000111010000
00000000000001011111
00000001001011101101
00000010101010001011
00000011111100011100
00000100011001000100
00000100100000011011
00000100011010111100
00000100101010010110
00000100101001100101
00000100100111111000
00000011111001000101
00000010011111101010
00000001001111111010
00000000100011100011
11111111111001101000
00000000001010011111
00000000001010010010
00000000001000000111
00000000000111101110
00000000000111000000
00000000000111010000
00000000000111010000
00000000000111010000
00000000000111010000
00000000000111010000
00000000000111010000
00000000000111010000
00000000000111010000
00000000011111000100
00000001111100101101
00000011011000010001
00000100010010011010
00000011111000110001
00000011101010101100
00000011000000001101
00000011101110110010
00000011111101010100
00000100011100100111
00000100100100001000
00000011100000111011
00000001101101111010
00000000111001000011
11111111110111110010
00000000001100010001
00000000001001010111
00000000001000110111
00000000000110110111
00000000000111010000
00000000000111010000
00000000000111010000
00000000000111010000
00000000000111010000
00000000000111010000
00000000000111010000
00000000000111010000
00000000000111010000
00000000111001111010
00000010011110100101
00000011100100100100
00000100000011010100
00000010110111111000
00000010011111111110
00000001101111101101
00000010011011101010
00000011011011001000
00000100000001001111
00000100100111010000
00000011111010100010
00000010011000011000
00000001010101011101
00000000010000010011
00000000001011101101
00000000001011001010
00000000001000101101
00000000000111100011
00000000000110110100
00000000000111010000
00000000000111010000
00000000000111010000
00000000000111010000
00000000000111010000
00000000000111010000
00000000000111010000
00000000000111010000
00000001010111100001
00000011000000001100
00000011111110000110
00000011110010101000
00000010010100010101
00000001000100000110
00000000000011100111
00000000011101101011
00000001111001000111
00000011011000110011
00000100000000101001
00000011011110110110
00000001101110111011
00000000111111010111
00000000001011001111
00000000001111111000
00000000001100100011
00000000001011011010
00000000001000010100
00000000000110111110
00000000000111010000
00000000000111010000
00000000000111010000
00000000000111010000
00000000000111010000
00000000000111010000
00000000000111010000
00000000000111010000
00000001010111000111
00000011000000111010
00000011111110001000
00000011110000010010
00000010010011010101
00000001011010000011
00000000010110011010
11111111111101100101
00000000110110010000
00000010000000011100
00000010110110110011
00000010110001100101
00000001100000110100
00000000110001011101
00000000000100101101
00000000001111011001
00000000001100110010
00000000001001110110
00000000001000100100
00000000000111010101
00000000000111010000
00000000000111010000
00000000000111010000
00000000000111010000
00000000000111010000
00000000000111010000
00000000000111010000
00000000000111010000
00000001011011100001
00000010110100011001
00000100000001100111
00000100001101011010
00000010110011101001
00000001101011010010
00000001000011001110
00000000100000111010
00000001011010101001
00000010010000001100
00000010110111111000
00000010110000001111
00000001110101111110
00000001000100011110
00000000001010011010
00000000001111010011
00000000001101110101
00000000001010000001
00000000001000111010
00000000000110111010
00000000000111010000
00000000000111010000
00000000000111010000
00000000000111010000
00000000000111010000
00000000000111010000
00000000000111010000
00000000000111010000
00000001011100011010
00000010110101000000
00000011101000101100
00000100011101101110
00000011111001101100
00000010110110000101
00000010001011000001
00000001110111010100
00000010010010110111
00000010110111100001
00000011000011101001
00000010011001100101
00000001001111110000
00000000101110011000
11111111111001010101
00000000001101110001
00000000001011101001
00000000001010010011
00000000001000100011
00000000000111101110
00000000000111010000
00000000000111010000
00000000000111010000
00000000000111010000
00000000000111010000
00000000000111010000
00000000000111010000
00000000000111010000
00000000111101101111
00000010100000110110
00000011011001100100
00000100001011100110
00000100011111110011
00000100010000101101
00000011101111111000
00000011011110101000
00000011101011010011
00000100010111001101
00000100101101111100
00000011110001111010
00000010000111011101
00000001001001000011
00000000000001110111
00000000001010100011
00000000001010001001
00000000001000011111
00000000000111110011
00000000000111001111
00000000000111010000
00000000000111010000
00000000000111010000
00000000000111010000
00000000000111010000
00000000000111010000
00000000000111010000
00000000000111010000
00000000100100101001
00000001100001100110
00000010111101111111
00000011110001111100
00000100010011111110
00000100101010000010
00000100101001101010
00000100101001101101
00000100100010101111
00000100110101001001
00000100111101001010
00000100000000100100
00000010000110101100
00000001001001100000
00000000000001111000
00000000001010000111
00000000001001000100
00000000001000011111
00000000000111000101
00000000000111010000
00000000000111010000
00000000000111010000
00000000000111010000
00000000000111010000
00000000000111010000
00000000000111010000
00000000000111010000
00000000000111010000
00000000001000000110
00000000100101010111
00000001100101101100
00000010100010001011
00000010111111000000
00000011010010000111
00000011001110101101
00000011001110111001
00000011100110000010
00000100001101010111
00000100100101000100
00000100000000110010
00000010000111110111
00000001001001000100
00000000000011101011
00000000001001010000
00000000001001101000
00000000001000101101
00000000000111011011
00000000000111011000
00000000000111010000
00000000000111010000
00000000000111010000
00000000000111010000
00000000000111010000
00000000000111010000
00000000000111010000
00000000000111010000
00000000000111110101
00000000001010111111
00000000101001000011
00000001001011101100
00000001100100110000
00000001110101010010
00000010000000001111
00000010000000011011
00000010110000100110
00000011111000111110
00000100011101000011
00000100000100001000
00000010000111011001
00000001001001100101
00000000000011001010
00000000001011000010
00000000001001111000
00000000001000101111
00000000000111010100
00000000000111010000
00000000000111010000
00000000000111010000
00000000000111010000
00000000000111010000
00000000000111010000
00000000000111010000
00000000000111010000
00000000000111010000
00000000001000000001
00000000001011101111
00000000001110001010
00000000001111001001
00000000001110000010
00000000001011010110
00000000001011100111
00000000001101001100
00000001011001110111
00000011000011001011
00000100000001101101
00000011111100110110
00000010001010011001
00000001001100000111
00000000000100101001
00000000001010101101
00000000001010100011
00000000001000011111
00000000000110111010
00000000000111001100
00000000000111010000
00000000000111010000
00000000000111010000
00000000000111010000
00000000000111010000
00000000000111010000
00000000000111010000
00000000000111010000
00000000001000110011
00000000001011010111
00000000001011100011
00000000001100110111
00000000001100011011
00000000001011011000
00000000001000110111
00000000001010111001
00000001011010111011
00000011000001001111
00000100000000110111
00000011110100110001
00000010010011010110
00000001000110101001
00000000000111110110
11111111111111011001
00000000001010000100
00000000000111110000
00000000000111110100
00000000000111010100
00000000000111010000
00000000000111010000
00000000000111010000
00000000000111010000
00000000000111010000
00000000000111010000
00000000000111010000
00000000000111010000
00000000001001000111
00000000001010100100
00000000001011110000
00000000001011111100
00000000001100101111
00000000001101101011
00000000001011100011
00000000001100100100
00000001011011010111
00000011000101001110
00000100000010001000
00000011111001000011
00000010011100010111
00000001010110100100
00000000010110110111
11111111111110001101
00000000001011110101
00000000001000010111
00000000000111001110
00000000000111000101
00000000000111010000
00000000000111010000
00000000000111010000
00000000000111010000
00000000000111010000
00000000000111010000
00000000000111010000
00000000000111010000
00000000001001001011
00000000001001100001
00000000001011100100
00000000001011100101
00000000001010001000
00000000001010001111
00000000001010000001
00000000001010101000
00000001010111110011
00000011000001001100
00000100000001100111
00000100001111100000
00000010101111011110
00000001100101110001
00000000101101100100
11111111111011001101
00000000001100000010
00000000001000011001
00000000000111101010
00000000000111000101
00000000000111010000
00000000000111010000
00000000000111010000
00000000000111010000
00000000000111010000
00000000000111010000
00000000000111010000
00000000000111010000
00000000000111110101
00000000001001001111
00000000001011010000
00000000001011010110
00000000001011101101
00000000001010100011
00000000001010110011
00000000001011011100
00000001011110111010
00000010110101010100
00000100000011100100
00000100101011000001
00000011011011000110
00000001110010011101
00000000111101010100
11111111111010001110
00000000001010000111
00000000000111100111
00000000001000001100
00000000000111010001
00000000000111010000
00000000000111010000
00000000000111010000
00000000000111010000
00000000000111010000
00000000000111010000
00000000000111010000
00000000000111010000
00000000000111010000
00000000001000011011
00000000001010000011
00000000001001001111
00000000001001011111
00000000001000110011
00000000001000010110
00000000001000110100
00000001011011111000
00000010110100100111
00000011101110111011
00000100110001011100
00000011110110011100
00000010011010001001
00000001010110010100
00000000010001000111
00000000001010110100
00000000001000111101
00000000000111000000
00000000000111001110
00000000000111010000
00000000000111010000
00000000000111010000
00000000000111010000
00000000000111010000
00000000000111010000
00000000000111010000
00000000000111010000
00000000000111010000
00000000001000100010
00000000001000101101
00000000001000011011
00000000001000110001
00000000001000100000
00000000000111111001
00000000000111101101
00000000111111011100
00000010011101111001
00000011011100000010
00000100001000000110
00000011010100011111
00000001111111100000
00000001001001101111
00000000010011010010
00000000001001010000
00000000001000110100
00000000000111011101
00000000000111011010
00000000000111010000
00000000000111010000
00000000000111010000
00000000000111010000
00000000000111010000
00000000000111010000
00000000000111010000
00000000000111010000
00000000000111010000
00000000000111010000
00000000000111010000
00000000000111010000
00000000000111010000
00000000000111010000
00000000000111010000
00000000000111010000
00000000100011111110
00000001011111101011
00000010011011111110
00000010111100101111
00000010011101000101
00000001010111110011
00000000110010110100
00000000010101100000
00000000001000111111
00000000001000110011
00000000000111011100
00000000000111010110
00000000000111010000
00000000000111010000
00000000000111010000
00000000000111010000
00000000000111010000
00000000000111010000
00000000000111010000
00000000000111010000
00000000000111010000
00000000000111010000
00000000000111010000
00000000000111010000
00000000000111010000
00000000000111010000
00000000000111010000
00000000000111010000
00000000001000110000
00000000100110010000
00000001000111101101
00000001100001101010
00000001011011101010
00000001000100111011
00000000101001110000
00000000010111101111
00000000001000110000
00000000001000010110
00000000000111001001
00000000000111010000
00000000000111010000
00000000000111010000
00000000000000000000
00000000000000000000
00000000000000000000
00000000000000000000
00000000000000000000
00000000000000000000
11111111111111110110
11111111111111001101
11111111111111000100
11111111111111011010
11111111111110011100
00000000000000001010
11111111111110101000
11111111111110011110
11111111111111100001
11111111111110110101
11111111111110101111
11111111111111101001
11111111111111010010
11111111111111011101
11111111111111110101
11111111111111000111
11111111111111101000
11111111111111100101
00000000000000001101
11111111111111101010
00000000000000000000
00000000000000000000
00000000000000000000
00000000000000000000
00000000000000000000
00000000000000000000
00000000000000000000
00000000000000000000
11111111111111100000
11111111111111000110
11111111111110100110
11111111111110011000
11111111111111110010
11111111111110001111
11111111111110011000
11111111111111001111
11111111111111000001
11111111111111100000
11111111111111000110
11111111111110101000
11111111111111010000
11111111111110011001
11111111111111011101
11111111111110111101
11111111111111010010
00000000000000100110
11111111111111111111
00000000000000000100
00000000000000000000
00000000000000000000
00000000000000000000
00000000000000000000
00000000000000000000
00000000000000000000
00000000000000000000
00000000000000000000
11111111111111010111
11111111111110011101
11111111111110010100
11111111111111110010
11111111111101111000
00000000000000100001
11111111111110011110
11111111111111001111
11111111111100110000
11111111111111101110
11111111111110101111
00000000000000101110
11111111111110011010
11111111111110010111
11111111111101111011
11111111111111001011
11111111111110110101
11111111111110001110
00000000000000101000
11111111111111110100
00000000000000000000
00000000000000000000
00000000000000000000
00000000000000000000
00000000000000000000
00000000000000000000
00000000000000000000
00000000000000000000
11111111111111101001
11111111111110111110
11111111111110110011
11111111111101100101
11111111111111110111
11111111111110100001
11111111111110101100
00000000000000001110
11111111111110111100
11111111111111001000
11111111111101110101
11111111111110111111
11111111111110100100
11111111111110111100
11111111111111101110
11111111111111011000
11111111111111011101
11111111111111011100
11111111111111110000
11111111111111011101
00000000000000000000
00000000000000000000
00000000000000000000
00000000000000000000
00000000000000000000
00000000000000000000
00000000000000000000
00000000000000000000
11111111111111100011
11111111111111111111
11111111111001110001
11111111110110110001
11111111111010001100
11111111110011111001
11111111111100111001
11111111111011001010
11111111111011101011
00000000000001101100
00000000000011111101
00000000000001001010
00000000000101100010
11111111111110100010
11111111111101110010
11111111111111100011
11111111111111100010
11111111111111010100
00000000000000010010
11111111111111111101
00000000000000000000
00000000000000000000
00000000000000000000
00000000000000000000
00000000000000000000
00000000000000000000
00000000000000000000
00000000000000000000
00000000000000100000
11111111111010001011
11111111101111000110
11111111100101100001
11111111010110111010
11111111100110001111
11111111011110001010
11111111011101000110
11111111011110111100
11111111100110011010
11111111110100011111
00000000000100001100
11111111111000010001
00000000001000110001
11111111111110000010
11111111111111100110
11111111111110100110
11111111111111111010
11111111111111100011
11111111111111111100
00000000000000000000
00000000000000000000
00000000000000000000
00000000000000000000
00000000000000000000
00000000000000000000
00000000000000000000
00000000000000000000
11111111111111101110
11111111110011101110
11111111011011100110
11111111010100001100
11111111001110011110
11111111010101010111
11111111001111111000
11111111001111100110
11111111001101111100
11111111010111000001
11111111011101110010
11111111110111101111
11111111111100001001
11111111111010101000
00000000000110001000
00000000000000101000
11111111111111011110
11111111111111100010
11111111111111110000
00000000000000000000
00000000000000000000
00000000000000000000
00000000000000000000
00000000000000000000
00000000000000000000
00000000000000000000
00000000000000000000
00000000000000000000
11111111111010110111
11111111100111001011
11111111011100001101
11111111001001010110
11111111010111001100
11111111001011011001
11111111010010010111
11111111000110101100
11111111000100010100
11111111001011101101
11111111001110110010
11111111101101100111
11111111111011101000
11111111111001101110
11111111111110011100
11111111111110101101
11111111111111101111
11111111111111110010
00000000000000011000
11111111111111110001
00000000000000000000
00000000000000000000
00000000000000000000
00000000000000000000
00000000000000000000
00000000000000000000
00000000000000000000
00000000000000000000
11111111110010111000
11111111011000000101
11111111011011100000
11111111010111110101
11111111110100011001
11111111101011100100
11111111100110010101
11111111011101101111
11111111001111000001
11111110110011100110
11111111000110011010
11111111001101110110
11111111111001010110
00000000000011011101
11111111110110010010
11111111111111010001
11111111111111110000
11111111111111011100
11111111111111110101
00000000000000000011
00000000000000000000
00000000000000000000
00000000000000000000
00000000000000000000
00000000000000000000
00000000000000000000
00000000000000000000
00000000000000000000
11111111101001111000
11111111100100101010
11111111010011000111
11111111101000100101
11111111100111111010
11111111111001000001
11111111101101100010
11111111101100001100
11111111100000011001
11111111001011101101
11111110111101100111
11111111010101001000
11111111100010110010
00000000001000101110
11111111111001101000
11111111111110100110
00000000000000011010
11111111111111000110
00000000000000100111
11111111111111110111
00000000000000000000
00000000000000000000
00000000000000000000
00000000000000000000
00000000000000000000
00000000000000000000
00000000000000000000
00000000000000000000
11111111100101110001
11111111100011100101
11111111001000100001
11111111110100010111
11111111101111111011
00000000000110110000
11111111110101101101
11111111110111110000
11111111100101101010
11111111010001000010
11111111000100110101
11111111100000001011
11111111011100100100
11111111111010101100
11111111101101111111
11111111111111001011
11111111111101100101
00000000000001101110
11111111111111000001
00000000000000001100
00000000000000000000
00000000000000000000
00000000000000000000
00000000000000000000
00000000000000000000
00000000000000000000
00000000000000000000
00000000000000000000
11111111110010000011
11111111100010110011
11111111000111101100
11111111010111001000
11111111011110011111
00000000000000001110
11111111110010011011
00000000010010111011
11111111111000000001
11111111110101010000
11111111011010111110
11111111100111001101
11111111101110011110
11111111111101011001
11111111111101110001
11111111111110010000
11111111111110110010
11111111111110100010
00000000000000000000
11111111111111101001
00000000000000000000
00000000000000000000
00000000000000000000
00000000000000000000
00000000000000000000
00000000000000000000
00000000000000000000
00000000000000000000
11111111110010001101
11111111100010110001
11111111001000110100
11111111001110111101
11111111010000100101
11111111101011101111
11111111110101000111
11111111110101100010
11111111111100110101
11111111101110110011
11111111011001000100
11111111100001111010
11111111101000111000
11111111111100000011
11111111111101010111
11111111111111011000
11111111111111001100
11111111111111111001
00000000000000001010
11111111111111101011
00000000000000000000
00000000000000000000
00000000000000000000
00000000000000000000
00000000000000000000
00000000000000000000
00000000000000000000
00000000000000000000
11111111110111001101
11111111100101011000
11111111000100000111
11111111001011000001
11111111000001100000
11111111010011011001
11111111011110000111
11111111010110111101
11111111011111111001
11111111100001100000
11111111011001101011
11111111011110101110
11111111100100110011
11111111110011001101
11111111110101101111
11111111111110000111
11111111111111100011
11111111111111000001
11111111111111111000
00000000000000001001
00000000000000000000
00000000000000000000
00000000000000000000
00000000000000000000
00000000000000000000
00000000000000000000
00000000000000000000
00000000000000000000
11111111111111011001
11111111110101110011
11111111010011101101
11111110111011001001
11111111000100100101
11111110111000100000
11111111010101111110
11111111010010000000
11111111001011111110
11111111001010100000
11111110111111111010
11111111100000111011
11111111110000110111
00000000001101001111
11111111111000111110
00000000000000000100
11111111111110111011
11111111111111010110
11111111111111110000
11111111111111101010
00000000000000000000
00000000000000000000
00000000000000000000
00000000000000000000
00000000000000000000
00000000000000000000
00000000000000000000
00000000000000000000
00000000000111000010
11111111111101011000
11111111101001000010
11111111010011011010
11111111000101100100
11111111000100110101
11111110111111000011
11111111001000100101
11111111010011011000
11111111001111100011
11111111010001101101
11111111001110110101
11111111100010100100
11111111111101011110
11111111110111100011
11111111111111011001
11111111111111110100
11111111111111010011
00000000000000001000
11111111111111111011
00000000000000000000
00000000000000000000
00000000000000000000
00000000000000000000
00000000000000000000
00000000000000000000
00000000000000000000
00000000000000000000
00000000001011101111
00000000000110001001
11111111111011100111
11111111100110000010
11111111100011000011
11111111101111010100
11111111100110110001
11111111100110000010
11111111011000110100
11111111001100000111
11111111000011010110
11111111010100000011
11111111100010010111
11111111111100011000
11111111110111101000
11111111111111001000
11111111111111111000
11111111111111110110
00000000000000000001
00000000000000000100
00000000000000000000
00000000000000000000
00000000000000000000
00000000000000000000
00000000000000000000
00000000000000000000
00000000000000000000
00000000000000000000
11111111111111101111
00000000001011001000
00000000000101000111
00000000000101000110
11111111101101011000
11111111110100001111
11111111110100011000
11111111110110111010
11111111011111111011
11111111010011001010
11111111000011000101
11111111011011001101
11111111100010010110
11111111111110000111
11111111110110100010
00000000000000000001
11111111111110010010
00000000000000111100
11111111111111011011
11111111111111111010
00000000000000000000
00000000000000000000
00000000000000000000
00000000000000000000
00000000000000000000
00000000000000000000
00000000000000000000
00000000000000000000
11111111111111101000
11111111111111001110
00000000001010101001
00000000001001101001
00000000001001001110
11111111111101010111
11111111111011100101
11111111111010111110
11111111100000000010
11111111010011101001
11111110111001010000
11111111011000011110
11111111100001100100
11111111111100101010
11111111110111010001
11111111111110011110
00000000000000001001
11111111111111100010
11111111111111111001
11111111111111111101
00000000000000000000
00000000000000000000
00000000000000000000
00000000000000000000
00000000000000000000
00000000000000000000
00000000000000000000
00000000000000000000
11111111111111110101
11111111111110101111
00000000000000011000
11111111111110011110
11111111111111111111
11111111111101110110
00000000000000000100
11111111111111110010
11111111110001010011
11111111100010000000
11111111000111011111
11111111011011100011
11111111100001110000
11111111111100111000
11111111110110100011
11111111111111001010
11111111111111110110
11111111111111100111
00000000000000001001
00000000000000000011
00000000000000000000
00000000000000000000
00000000000000000000
00000000000000000000
00000000000000000000
00000000000000000000
00000000000000000000
00000000000000000000
11111111111111011111
00000000000000001100
11111111111110110000
11111111111111000011
11111111111110101010
11111111111111001011
11111111111110110001
11111111111111010000
11111111110001011011
11111111100001110101
11111111000111010011
11111111010110111101
11111111011110001110
11111111111110000100
11111111110011110000
00000000000101010010
11111111111111000111
00000000000001000011
11111111111111011001
11111111111111111101
00000000000000000000
00000000000000000000
00000000000000000000
00000000000000000000
00000000000000000000
00000000000000000000
00000000000000000000
00000000000000000000
11111111111111101001
00000000000000011000
11111111111110011001
00000000000000101001
11111111111110100011
00000000000000100011
11111111111110100000
11111111111111011011
11111111110001010001
11111111100010111111
11111111000110111001
11111111001110011010
11111111010101100010
11111111110101000101
11111111110111011011
11111111111101101110
11111111111111100111
11111111111111000011
11111111111111110110
00000000000000000101
00000000000000000000
00000000000000000000
00000000000000000000
00000000000000000000
00000000000000000000
00000000000000000000
00000000000000000000
00000000000000000000
00000000000000011110
11111111111111100110
11111111111110101101
11111111111111000110
11111111111111001011
11111111111111111100
11111111111111000100
11111111111111110001
11111111110010000010
11111111100011000100
11111111001000000000
11111111000110101101
11111111010011101011
11111111101100110100
00000000000010000001
11111111110111100010
00000000000000101001
11111111111110110010
00000000000000000110
11111111111111111101
00000000000000000000
00000000000000000000
00000000000000000000
00000000000000000000
00000000000000000000
00000000000000000000
00000000000000000000
00000000000000000000
00000000000000001111
11111111111111100111
00000000000000011001
11111111111111011010
11111111111111110100
11111111111111110010
00000000000000001001
11111111111111110001
11111111110110100100
11111111100101110111
11111111000101110111
11111111000111100010
11111111001101111100
11111111100010110010
00000000000110110101
11111111111000100101
00000000000000001100
00000000000000010001
11111111111111111110
11111111111111110100
00000000000000000000
00000000000000000000
00000000000000000000
00000000000000000000
00000000000000000000
00000000000000000000
00000000000000000000
00000000000000000000
00000000000000000000
11111111111111110101
00000000000000011111
11111111111111100000
00000000000000001100
11111111111111100110
11111111111111110001
00000000000000100010
11111111111110111001
11111111110101101010
11111111010111111101
11111111001111100101
11111111010111111100
11111111011110110010
11111111111011111000
11111111101111010110
11111111111111000001
11111111111110110001
00000000000000100010
11111111111111111111
00000000000000000000
00000000000000000000
00000000000000000000
00000000000000000000
00000000000000000000
00000000000000000000
00000000000000000000
00000000000000000000
00000000000000000000
00000000000000100001
11111111111111111110
11111111111111111111
11111111111111110010
11111111111111110111
00000000000000000000
11111111111111101111
00000000000111100111
11111111111101011001
11111111110010100010
11111111100111001011
11111111101101101101
11111111100111110011
11111111111010010000
11111111111000000101
11111111111111110110
11111111111111110111
11111111111111011101
11111111111111111111
00000000000000000000
00000000000000000000
00000000000000000000
00000000000000000000
00000000000000000000
00000000000000000000
00000000000000000000
00000000000000000000
00000000000000000000
00000000000000000000
00000000000000000000
00000000000000000000
00000000000000000000
00000000000000000000
00000000000000000000
00000000000000000000
00000000001010111011
00000000000110101010
00000000000100011100
11111111110000000010
11111111101011001111
11111111101110010111
11111111111001101001
11111111111111111001
11111111111110110010
00000000000000011110
11111111111111100010
11111111111111111111
00000000000000000000
00000000000000000000
00000000000000000000
00000000000000000000
00000000000000000000
00000000000000000000
00000000000000000000
00000000000000000000
00000000000000000000
00000000000000000000
00000000000000000000
00000000000000000000
00000000000000000000
00000000000000000000
00000000000000000000
00000000000000000000
00000000000000100111
00000000001010101110
00000000001010111011
00000000001001010000
11111111110010110001
11111111110001101011
11111111101111111001
11111111111110010001
11111111111110011100
00000000000000001110
00000000000000001000
00000000000000000000
00000000000000000000
00000000000000000000
