00000000000000000000
00000101010111111101
00000010001110010010
00000001010011101011
00000000000000000000
00000010100011100011
00000000000000000000
00000000000000000000
00000000000000000000
00000111101000001111
00000000001111000110
00000011010101011011
00000000000000000000
00000000000000000000
00000011110011000001
00000000101000000111
00000000000000000000
00000001110001011110
00000100100001101100
00000000000000000000
00000000000000000000
00000001111001111000
00000000000000000000
00000000001011110001
00000001001110001100
00000101100010110100
00000000100011101111
00000000000000000000
00000000000000000000
00000100010110010110
00000010100100110101
00000001100001011000
00000001101011110000
00000011111101000010
00000011001111011101
00000001000101111111
00000101110000101000
00000000000000000000
00000100110000011101
00000000000000000000
00000000000110000100
00000000000000000000
00000100000011001001
00000101101001011001
00000000000000000000
00001000011000011010
00000000000000000000
00000000000000000000
00000000000000000000
00000000101110111110
00000000000000000000
00000001001101011110
00000000000000000000
00000101010110110001
00000011000001000111
00000000111111101110
00000110010101101010
00001100011101011010
00000010110111100011
00000000000000000000
00000000000000000000
00000000100111100101
00000000000000000000
00000001111001011001
00000100111011111101
00000000000000000000
00000001001110110100
00000000000000000000
00000001110010111010
00000011101011101110
00000101000011010111
00000101100100111011
00000001111111101000
00000101010110100110
00000000000000000000
00000000000000000000
00000100001101100010
00000100010011101011
00000011110111001001
00000000000000000000
00000000000000000000
00000000000000000000
00000000001010101101
00000000000000000000
