00000000101010001001
00000000110011000011
00000000000000000000
00000000000000000000
00000000000000000000
00000010000111100010
00000010101100010100
00000011011111011000
00000000011001100100
00000000000000000000
00000001101010011111
00000011011110101010
00000011000100010100
00000000011000000110
00000000000000000000
00000001010000000000
00000100101111011101
00000100011101001010
00000000001000000000
00000000000000000000
00000000010110101111
00000011111011010001
00000011000110011101
00000000000000000000
00000000000010010100
00000000000000000000
00000000000000000000
00000000000000000000
00000010011011011110
00000011001001000100
00000000000000000000
00000000010110100110
00000000011100110100
00000110011001100100
00000101011010000110
00000000000000000000
00000000000101101101
00000000000000000000
00001011000110010000
00000100001100111010
00000000000000000000
00000000000000000000
00000010001101010001
00001100001110101010
00000010001101001100
00000000000000000000
00000000000000000000
00000100100010111101
00001000100100010000
00000000011000111011
00000000000110000100
00000010010101101000
00000100000110010100
00000100010110011010
00000001110000010000
00000000110101111101
00000001100001110111
00000010011100000011
00000011111111110101
00000001011000111000
00000000000000000000
00000000111100001011
00000100001010011011
00000011111000000001
00000001001110010101
00000000011011100101
00000000100011010110
00000010000000110110
00000001100101111110
00000000010010110111
00000000000000000110
00000000001011011110
00000001010100100001
00000001010001101001
00000000001100011011
00000001110000110001
00000110101001010100
00001000000010100011
00000110001111100100
00000010100101011111
00000001000010100001
00000000001110011111
00000000000100011100
00000000001010010000
00000000000000000000
00000000111110100110
00000011100001000000
00000101101101100111
00000001010101000010
00000000010000000011
00000000000011110010
00000000000000000000
00000000000000000000
00000000000000000000
00000000000000000000
00000000001011010000
00000001001001101010
00000000001110000001
00000000000000000000
00000000010011111111
00000000000000000000
00000000000000000000
00000000000000000000
00000000000000000000
00000000000000000000
00000011001111001101
00000110000110001110
00000101110011000010
00000001110111011111
00000001100100110100
00000000001010100000
00000000100111110110
00000000011010101100
00000010011000110111
00000001101000001110
00000010000010000101
00000110001101011100
00000111000010101010
00000111101000100101
00000010010111011101
00000000000111001001
00000010000011000010
00000011010010001100
00000011101011011101
00000000101001010010
00000001100100101001
00000000000011111001
00000000000000000000
00000000000000000000
00000000000000000000
00000011000101000010
00000010010100011011
00000001110001010100
00000000000000000000
00000000000000000000
00000011011100110101
00000011000011111110
00000000111010000100
00000000000000000000
00000000000011010110
00000010011111110110
00000110001011011111
00000001010010101111
00000000000000100001
00000000101110011111
00000001010101100110
00000101101111110111
00000000010111101110
00000000001111100101
00000000101111010111
00000000101101010111
00000001100011001001
00000001111100000100
00000001001011110100
00000000000000000000
00000001111011011000
00000101001000001110
00000011011111110101
00000001101100011111
00000000000000000000
00000001110111111001
00000001111010101011
00000100011101101011
00000000110100001011
00000000000000000000
00000001011000000010
00000100010111100111
00000101110010010111
00000000000000000000
00000000000000000000
00000000100100101000
00000011000110011100
00000010111011000001
00000000000000000000
00000000000000000000
00000000000000000000
00000000000000000000
00000000000000000000
00000000000000000000
00000000000000000000
00000000000000000000
00000000000000000000
00000000000000000000
00000000000000000000
00000000000000000000
00000000000000000000
00000000000000000000
00000000000000000000
00000000000000000000
00000000000000000000
00000000000000000000
00000000000000000000
00000000000000000000
00000000000000000000
00000000000000000000
00000000000000000000
00000000000000000000
00000000000000000000
00000000000000000000
00000000000000000000
00000000011100010010
00000010010001110110
00000100110001100101
00000100011101011001
00000001100010111000
00000000000000000000
00000010011101001010
00000010110010001011
00000110010101001101
00000001111011110000
00000000000000000000
00000000010000100010
00000010111101111001
00000101101001010101
00000001000010111100
00000000000000000000
00000000010000100011
00000011011010101111
00000011000111101011
00000000011111000000
00000000000000000000
00000000000000000000
00000010111001111010
00000000111010111111
00000000000000100110
00000001000000110100
00000010010101010110
00000011110011110110
00000010110100101101
00000001010100011101
00000010000000110000
00000010011111111111
00000011101010001001
00000010100000111011
00000001011100110110
00000001011001100110
00000001111110010110
00000101011011101010
00000010011111000110
00000001111001011001
00000001011000000010
00000010111010110010
00000010100000111001
00000001100110001110
00000000111111111010
00000000100000001010
00000010100100101000
00000000101000010101
00000001111001001010
00000000100010100001
00000000000000000000
00000000101101010001
00000011000111011001
00000100000001010011
00000010010000011011
00000000000000000000
00000000100111011010
00000010111000011110
00000110101001000001
00000100001100111011
00000000000000000000
00000000011100100111
00000010010010001111
00001000111110110011
00000011010000101000
00000000000000000000
00000000000000000000
00000011010110000011
00001000011011100100
00000001110010010010
00000000000000011110
00000000000000000000
00000100001110011111
00000101100100000111
00000000010000100100
00000000111101110011
00000001011111011110
00000001111100010110
00000000100000000010
00000000101001110000
00000011100110101011
00000011011010110111
00000011101110100100
00000000100000001010
00000001011101100100
00000001100110001101
00000010010000101110
00000011100001100000
00000000100001010110
00000001100100100010
00000010001000001000
00000100100100101000
00000001111011010000
00000000111110111101
00000001000011100011
00000000011100101111
00000011101001111110
00000000001010000001
00000000111101001111
00000000011101011011
00000000000000110001
00000000000000000000
00000000000000000000
00000000000000000000
00000000001101011011
00000010111000011010
00000011111101100100
00000010110101100100
00000000001110110010
00000001001011010011
00000001111100000011
00000000001001111111
00000000000000000000
00000000010101111010
00000000100100101100
00000010110101110101
00000101110110010010
00000010111001110111
00000011011110101111
00000000110011110100
00000001000011110110
00000011010101000001
00000000010100010000
00000001011010100001
00000000001001001010
00000000000100010110
00000000000000000000
00000000000100110001
00000000001001101110
00000000101100010110
00000001010001011111
00000011100100001111
00000011010011111011
00000010011111111100
00000000001011001110
00000001000111111000
00000010110011100101
00000011101010011111
00000100010010101100
00000000001101100111
00000000110011000011
00000011111011111011
00000110000010001000
00000011110011101011
00000000000101011010
00000000010001010000
00000010101101011011
00000101010110100110
00000001101011111111
00000000010010011110
00000001011110111000
00000010110010111010
00000100010001001000
00000011000010110000
00000010001010010010
00000000000110100011
00000000000000000000
00000000010010111110
00000001100010011111
00000001101111011100
00000000111101101100
00000010100111001001
00000011011000000100
00000011000100110001
00000010100101111011
00000000000000000000
00000000000000000000
00000000000011101001
00000001110001111001
00000001001101110001
00000000011111001001
00000000101001011111
00000000100011100101
00000011101000000110
00000000111110001110
00000001000100111100
00000010011001001110
00000001111011010010
00000000011010000000
00000000000000000000
00000100000001101001
00000100111011110110
00000110010110101000
00000010101001010000
00000000011101000010
00000000100110011101
00000010100100101111
00000010100000111111
00000000011000100110
00000000001010000011
00000001011011101000
00000100101110010111
00000100001100011001
00000001010101010001
00000000110000101000
00000000000111010010
00000001111000101101
00000000100100110110
00000000000000110111
00000000000000001011
