0000000000101101
0000000000101101
0000000000101101
0000000000101110
0000000000101100
0000000000101011
0000000000101010
0000000000101011
0000000000101010
0000000000101001
0000000000101100
0000000000101101
0000000000101100
0000000000101001
0000000000101101
0000000000101101
0000000000101101
0000000000101110
0000000000110000
0000000000110001
0000000000110000
0000000000101101
0000000000110000
0000000000101110
0000000000101011
0000000000101001
0000000000101011
0000000000101111
0000000000101101
0000000000101101
0000000000101101
0000000000101110
0000000000110011
0000000001000010
0000000000101111
0000000000001101
0000000000000000
0000000000000000
0000000000000000
0000000000000000
0000000000000000
0000000000001110
0000000000101101
0000000000101101
0000000000101101
0000000000101111
0000000000110111
0000000000010100
0000000000000000
0000000000000000
0000000000000000
0000000000000000
0000000000000000
0000000000000000
0000000000000000
0000000000000010
0000000000101101
0000000000101101
0000000000101101
0000000000110001
0000000000111101
0000000000001110
0000000001110110
0000000101110111
0000001010010001
0000001011011011
0000001011111101
0000001011101101
0000001000001000
0000000010011000
0000000000101101
0000000000101101
0000000000101101
0000000000111101
0000000001101111
0000000011111101
0000001000110111
0000001010110010
0000001010101011
0000001011000111
0000001100001010
0000001011111010
0000000111010111
0000000010001000
0000000000101101
0000000000101101
0000000000101101
0000000000111010
0000000010000101
0000000110000010
0000001000001011
0000000010111010
0000000000000000
0000000000001110
0000000001011011
0000000001100101
0000000001010000
0000000000110010
0000000000101101
0000000000110101
0000000000100011
0000000000110101
0000000101101111
0000001110001101
0000010000011100
0000001010111011
0000000010011011
0000000000000000
0000000000100100
0000000000110010
0000000000101111
0000000000101111
0000000000101100
0000000000110001
0000000000001010
0000000000000000
0000000001110101
0000000110101100
0000001000011111
0000001000110110
0000000111000111
0000000001110101
0000000000101111
0000000000111011
0000000000111011
0000000000110110
0000000000110100
0000000001100001
0000000010011000
0000000010011011
0000000000000000
0000000000001001
0000000000101100
0000000010010100
0000000110110110
0000000100111100
0000000001000101
0000000000110001
0000000000101110
0000000000101110
0000000000101111
0000000010000010
0000000110110100
0000001010011000
0000000100000010
0000000000000000
0000000000000000
0000000100100010
0000001001110100
0000000101000111
0000000000111111
0000000000101111
0000000000101101
0000000000101101
0000000000101101
0000000001001100
0000000101000001
0000001011010101
0000001101111000
0000001010001111
0000001011000110
0000001100011000
0000000111100111
0000000001110100
0000000000101111
0000000000101100
0000000000101110
0000000000101101
0000000000110111
0000000000111111
0000000001010001
0000000100000110
0000001001101000
0000001110000111
0000001100001011
0000000110010100
0000000001101111
0000000000111000
0000000000110100
0000000000110110
0000000000110000
0000000000101101
0000000000101101
0000000000101101
0000000000101101
0000000000110110
0000000001010101
0000000001111000
0000000001101001
0000000001000001
0000000000101110
0000000000101110
0000000000101111
0000000000101111
0000000000101101
0000000000101101
0000000000101010
0000000000101010
0000000000101010
0000000000110001
0000000001000010
0000000001000101
0000000000111001
0000000001001011
0000000001010011
0000000000111010
0000000000110010
0000000000111011
0000000001000110
0000000001001011
0000000000101010
0000000000101010
0000000000101010
0000000000110011
0000000001001000
0000000001010100
0000000001010000
0000000001100100
0000000001100111
0000000001001101
0000000001001100
0000000001010100
0000000001010011
0000000001010010
0000000000101010
0000000000101010
0000000000101010
0000000000110010
0000000001000111
0000000010110011
0000000111100110
0000001011110010
0000001100110101
0000001101000000
0000001111110001
0000001111100011
0000000111000000
0000000001010110
0000000000101010
0000000000101010
0000000000101010
0000000000111000
0000000100110111
0000010100101010
0000101011101110
0000110110101001
0000110111000010
0000110111110010
0000111101010010
0000110101001001
0000010101111111
0000000011010011
0000000000101010
0000000000101010
0000000000101010
0000000001100011
0000001111110110
0000110100111110
0001001000111010
0000111100101001
0000110000101110
0000110000011010
0000110110010101
0000101011111010
0000001110101100
0000000001100101
0000000000101010
0000000000101010
0000000000101010
0000000100010111
0000100000000110
0001001000100010
0001000001110010
0000011101110101
0000001100000111
0000001011001110
0000001110100011
0000001010111000
0000000010111100
0000000000110001
0000000000101010
0000000000101010
0000000000101100
0000001001011100
0000101110110100
0001001100000001
0001000100101100
0000101101000010
0000010010110101
0000000100001101
0000000010001110
0000000001111101
0000000001010000
0000000000111110
0000000000110100
0000000010000001
0000000100101101
0000001010001011
0000011101111101
0000100101110110
0000101011101100
0000111010100100
0000100101101000
0000001000111110
0000000001111001
0000000001100101
0000000001010001
0000000000111111
0000000001010000
0000001000010111
0000011011101011
0000010111011010
0000001010011000
0000000110011010
0000010011111110
0000111011111100
0000101111000011
0000001001111100
0000000001100000
0000000001000110
0000000000110100
0000000000110010
0000000001001001
0000001100011111
0000110010011110
0000110011110001
0000010110111000
0000001100010110
0000100001111100
0000111111101001
0000100111110111
0000000110000101
0000000001000011
0000000000110110
0000000000101010
0000000000101010
0000000001001100
0000000111001001
0000100101100101
0000111101011110
0000110111111100
0000110110111010
0000111111111101
0000110011101111
0000010001011011
0000000001001101
0000000000111000
0000000000110111
0000000000101101
0000000000101010
0000000001011100
0000000010000011
0000001011001000
0000100010101001
0000110011111101
0000111000110001
0000101011011011
0000010001010010
0000000010001111
0000000000101011
0000000001001100
0000000001000000
0000000000101100
0000000000101010
0000000000111011
0000000000110110
0000000001010010
0000000110110101
0000001111100000
0000010000011001
0000001000011000
0000000001010100
0000000000100110
0000000000110011
0000000000111101
0000000000101111
0000000000101010
0000000000101010
0000000000101010
0000000000101010
0000000000101010
0000000000110011
0000000001010001
0000000001011001
0000000000111000
0000000000100101
0000000000101011
0000000000101010
0000000000101011
0000000000101010
0000000000101010
0000000000101010
0000000000100010
0000000000100010
0000000000100010
0000000000100101
0000000000110010
0000000001000011
0000000000111110
0000000000111001
0000000001010001
0000000001000111
0000000000101111
0000000000110000
0000000000111001
0000000001001000
0000000000100010
0000000000100010
0000000000100010
0000000000100111
0000000000111101
0000000001010000
0000000001001111
0000000001011100
0000000001110001
0000000001100000
0000000001000011
0000000001010000
0000000001101001
0000000001011100
0000000000100010
0000000000100010
0000000000100010
0000000000100110
0000000000110011
0000000001000101
0000000011000111
0000001010001100
0000001110110100
0000001110111111
0000001111110100
0000010100001011
0000010001011101
0000000100111110
0000000000100010
0000000000100010
0000000000100010
0000000000100100
0000000001000000
0000001001110110
0000100101011111
0000111110001000
0001000010000110
0001000000010011
0001000100010010
0001000110011011
0000101111011010
0000001011001010
0000000000100010
0000000000100010
0000000000100010
0000000000101100
0000000110111101
0000100111010101
0001010110101100
0001011100101011
0001001001001111
0001000011000010
0001000111111011
0001000101111011
0000101000011110
0000001000110001
0000000000100010
0000000000100010
0000000000100010
0000000001000101
0000010001011010
0001000011101010
0001100001001111
0001000011101101
0000011110111110
0000010011011000
0000010110011001
0000010101111110
0000001011110000
0000000010110010
0000000000100010
0000000000100010
0000000000100011
0000000100010100
0000100001101100
0001010011110011
0001011101110100
0001000100111011
0000101000100100
0000001100111010
0000000011000110
0000000010101110
0000000010000000
0000000001001111
0000000000101010
0000000000100001
0000000010010111
0000001011001000
0000011101110000
0000110100010101
0000111010010011
0001000001110001
0001000011001011
0000011101111001
0000000011010111
0000000001111000
0000000001100001
0000000001001010
0000000001000010
0000000010111101
0000010001001010
0000100011010001
0000010111011101
0000001011101011
0000001111100010
0000110100001001
0001001111000111
0000100101111101
0000000011011101
0000000001011001
0000000000111111
0000000000110100
0000000001000000
0000000111011100
0000100100101101
0001000001100011
0000101111100000
0000010000100000
0000011000111100
0001000100011001
0001001011111111
0000011011100111
0000000010011011
0000000000111110
0000000000101001
0000000000100011
0000000000111010
0000000101100110
0000011111011101
0001000001001010
0001001001100010
0001000010001011
0001001011001111
0001001110010111
0000101110001010
0000001010100011
0000000001001110
0000000000111111
0000000000101101
0000000000100010
0000000001001100
0000000010000001
0000001010001100
0000100011010110
0000111110101011
0001001100111001
0001000110011111
0000101011010010
0000001101001011
0000000010001000
0000000001000101
0000000001001100
0000000000101101
0000000000100010
0000000000110110
0000000000111101
0000000001001010
0000000110011001
0000010010110111
0000011011010010
0000010101100001
0000001000011111
0000000001100110
0000000000110110
0000000000111010
0000000000111010
0000000000100101
0000000000100010
0000000000100010
0000000000100010
0000000000100010
0000000000101001
0000000001010000
0000000001111001
0000000001100001
0000000000110001
0000000000100100
0000000000100011
0000000000100100
0000000000100100
0000000000100010
0000000000100010
0000000000100010
0000000000100010
0000000000100010
0000000000100100
0000000000100101
0000000000100011
0000000000100010
0000000000100111
0000000000011111
0000000000011111
0000000000100011
0000000000100011
0000000000101001
0000000000100001
0000000000100010
0000000000100010
0000000000100010
0000000000100100
0000000000100001
0000000000100010
0000000000101000
0000000000100011
0000000000100001
0000000000100100
0000000000101000
0000000000100001
0000000000011010
0000000000011001
0000000000100010
0000000000100010
0000000000100010
0000000000100011
0000000000100111
0000000001011001
0000000010101001
0000000001101110
0000000000110101
0000000000111111
0000000001101101
0000000000010100
0000000000000000
0000000000001000
0000000000100010
0000000000100010
0000000000100010
0000000000101001
0000000010010000
0000000101011001
0000000011000000
0000000000011001
0000000000001000
0000000000100001
0000000000101100
0000000000000000
0000000000000000
0000000000001000
0000000000100010
0000000000100010
0000000000100010
0000000000111011
0000000100011001
0000000011110100
0000000000000000
0000000000000000
0000000000001111
0000000000111101
0000000000101000
0000000000000000
0000000010010101
0000000001010001
0000000000100010
0000000000100010
0000000000100011
0000000010000101
0000000101100000
0000000000101001
0000000000000000
0000000000000000
0000000000000000
0000000000000000
0000000000000000
0000000000000000
0000000001000101
0000000000101010
0000000000100010
0000000000100011
0000000000100011
0000000010111011
0000000010100111
0000000000000000
0000000001100001
0000000001100111
0000000000000000
0000000000000000
0000000000010000
0000000000010100
0000000000100000
0000000000011110
0000000000100100
0000000001010000
0000000001100001
0000000000011110
0000000000000000
0000000000000000
0000000010000011
0000000100101000
0000000000000111
0000000000000000
0000000000011000
0000000000100001
0000000000100100
0000000000100001
0000000000100101
0000000011001111
0000000011101000
0000000000000000
0000000000000000
0000000000001000
0000000010111000
0000000000111110
0000000000000000
0000000000001001
0000000000011101
0000000000011110
0000000000100000
0000000000100001
0000000000100001
0000000010101000
0000000010101000
0000000001101011
0000000000001111
0000000001001111
0000000100010111
0000000000000000
0000000000000000
0000000001100111
0000000000100101
0000000000100011
0000000000100010
0000000000100010
0000000000100101
0000000000011111
0000000000000000
0000000010100010
0000000100101000
0000000001100000
0000000000000101
0000000000000000
0000000001011010
0000000001100011
0000000000100111
0000000000100000
0000000000100001
0000000000100010
0000000000100001
0000000000011011
0000000000000010
0000000000000000
0000000001010111
0000000000100110
0000000000000000
0000000001000001
0000000001011101
0000000000101011
0000000000100000
0000000000011111
0000000000100011
0000000000100010
0000000000011100
0000000000100001
0000000000011010
0000000000000100
0000000000000000
0000000000000000
0000000000011000
0000000001000001
0000000000100011
0000000000100100
0000000000011110
0000000000100101
0000000000100011
0000000000100010
0000000000100010
0000000000100010
0000000000100010
0000000000100000
0000000000010011
0000000000010001
0000000000011010
0000000000100010
0000000000100010
0000000000100010
0000000000100010
0000000000100010
0000000000100010
0000000000100010
0000000001110100
0000000001110100
0000000001110100
0000000001110111
0000000010000001
0000000001111111
0000000001111000
0000000010000000
0000000010001001
0000000001111001
0000000001111000
0000000010000000
0000000001111111
0000000010000001
0000000001110100
0000000001110100
0000000001110100
0000000001111010
0000000010001100
0000000010010010
0000000010000111
0000000010011001
0000000010010110
0000000001111111
0000000001110111
0000000001111111
0000000010001011
0000000010010001
0000000001110100
0000000001110100
0000000001110100
0000000001111011
0000000010000111
0000000010001100
0000000010110110
0000000011001010
0000000010100111
0000000010010100
0000000010101111
0000000100000101
0000000001011001
0000000001000110
0000000001110100
0000000001110100
0000000001110100
0000000001110111
0000000010001000
0000000111001101
0000010001101100
0000011000000101
0000011001001110
0000011010010000
0000011110011110
0000011011011011
0000001011010001
0000000001101110
0000000001110100
0000000001110100
0000000001110100
0000000010000001
0000001000100111
0000100000010110
0000110110000110
0000110110011110
0000110100010101
0000110101000111
0000111001101101
0000101111110010
0000010010011010
0000000011110000
0000000001110100
0000000001110100
0000000001110100
0000000010101010
0000010100010010
0000110101110110
0000110110111010
0000100000101110
0000010101100110
0000010111001100
0000011100000111
0000010101111000
0000001001010111
0000000011000111
0000000001110100
0000000001110100
0000000001110100
0000000110101010
0000100011101000
0000111111000100
0000110010100101
0000011011000000
0000000111110111
0000000001101101
0000000011110100
0000000011100010
0000000010101000
0000000010000101
0000000001110110
0000000001100110
0000000010101110
0000001001110100
0000100100000100
0000110010001001
0000110100001100
0000101110111101
0000011000101111
0000000011101000
0000000010011010
0000000010100101
0000000010010010
0000000010000100
0000000010001000
0000000100000010
0000001011101000
0000001100011001
0000001010001011
0000001100110110
0000010110100001
0000110011001110
0000100101101010
0000001000001000
0000000010010111
0000000010011001
0000000010001011
0000000010000100
0000000010010110
0000001011001110
0000100011001010
0000011110100111
0000001000011111
0000000001100001
0000010010000010
0000110001110010
0000100011010110
0000001000111101
0000000010011000
0000000010000000
0000000001110100
0000000001110101
0000000010000110
0000001010001100
0000101001101101
0000110001101100
0000100001010110
0000011001001101
0000101010100101
0000101111100000
0000010110111011
0000000101101111
0000000010001110
0000000001111011
0000000001110101
0000000001110100
0000000010011000
0000000100000000
0000010011001101
0000101100101000
0000110111010001
0000111000110110
0000110001101101
0000011010101111
0000001000110100
0000000010110010
0000000010001010
0000000010000100
0000000001110110
0000000001110100
0000000010010011
0000000010001111
0000000011010111
0000001101100000
0000011011011110
0000011111010100
0000010011011000
0000000111010000
0000000010101110
0000000010000111
0000000010001110
0000000010000001
0000000001110110
0000000001110100
0000000001110100
0000000001110100
0000000001110100
0000000010001101
0000000011010001
0000000011110001
0000000010110100
0000000010000011
0000000001110101
0000000001110101
0000000001110111
0000000001110101
0000000001110100
0000000001110100
0000000000000000
0000000000000000
0000000000000000
0000000000000000
0000000000000000
0000000000000000
0000000000000000
0000000000000000
0000000000000000
0000000000000000
0000000000000000
0000000000000000
0000000000000000
0000000000000000
0000000000000000
0000000000000000
0000000000000000
0000000000000000
0000000000000000
0000000000000000
0000000000000000
0000000000000000
0000000000000000
0000000000000000
0000000000000000
0000000000000000
0000000000000010
0000000000000000
0000000000000000
0000000000000000
0000000000000000
0000000000000000
0000000000000000
0000000000000000
0000000000000000
0000000000000000
0000000000000000
0000000000000000
0000000000000000
0000000000000000
0000000000010010
0000000000001111
0000000000000000
0000000000000000
0000000000000000
0000000000000000
0000000000000000
0000000000000000
0000000000000000
0000000000000000
0000000000000000
0000000000000000
0000000000000000
0000000000000000
0000000000000000
0000000000000000
0000000000000000
0000000000000000
0000000000000000
0000000000000000
0000000000000000
0000000000000000
0000000000000000
0000000000000000
0000000000000000
0000000000000000
0000000000000000
0000000000000000
0000000000000000
0000000000000000
0000000000000000
0000000000000000
0000000000000000
0000000000000000
0000000000000000
0000000000000000
0000000000000000
0000000000000000
0000000000000000
0000000000000000
0000000000000100
0000000000000000
0000000000000000
0000000000000000
0000000000000000
0000000000000000
0000000000000000
0000000000000000
0000000000000000
0000000000000000
0000000000000000
0000000000000000
0000000000000000
0000000000001010
0000000000000010
0000000000000000
0000000000000000
0000000000000000
0000000000000000
0000000000000000
0000000000000000
0000000000010010
0000000000010101
0000000000000000
0000000000000000
0000000000000000
0000000000000000
0000000000000000
0000000000000000
0000000000000000
0000000000000000
0000000000000000
0000000000000000
0000000000000000
0000000000000000
0000000000011000
0000000000100011
0000000000000000
0000000000000000
0000000000000000
0000000000000000
0000000000000000
0000000000000000
0000000000000000
0000000000000000
0000000000000000
0000000000000000
0000000000000000
0000000000000000
0000000000000000
0000000000000000
0000000000000000
0000000000000000
0000000000000000
0000000000000000
0000000000000000
0000000000000000
0000000000000000
0000000000000000
0000000000000000
0000000000000000
0000000000011011
0000000000000001
0000000000000000
0000000000000000
0000000000000000
0000000000000000
0000000000000000
0000000000000000
0000000000000000
0000000000000000
0000000000000000
0000000000000000
0000000000000000
0000000000000000
0000000000011010
0000000001010001
0000000000000110
0000000000000000
0000000000000000
0000000000000000
0000000000000000
0000000000000000
0000000000000000
0000000000000000
0000000000000001
0000000000000000
0000000000000000
0000000000000001
0000000000000000
0000000000010101
0000000001001110
0000000000010101
0000000000000000
0000000000000000
0000000000000000
0000000000000000
0000000000000001
0000000000000000
0000000000000000
0000000000000000
0000000000000000
0000000000000000
0000000000000000
0000000000000000
0000000000000111
0000000000001010
0000000000000000
0000000000000000
0000000000000000
0000000000000000
0000000000000000
0000000000000000
0000000000000000
0000000000000000
0000000000000000
