00000000001101110100
00000000001101110100
00000000001101110100
00000000001101110100
00000000001101110100
00000000001101110100
00000000001101100111
00000000001101001110
00000000001101000110
00000000001110000010
00000000001101110000
00000000001100111100
00000000001110011110
00000000001111100010
00000000001111011000
00000000001111100011
00000000001111001011
00000000001110010000
00000000001110111010
00000000001110001000
00000000001110100010
00000000001110010100
00000000001111001101
00000000001111101011
00000000001110010011
00000000001110100000
00000000001101110100
00000000001101110100
00000000001101110100
00000000001101110100
00000000001101110100
00000000001101110100
00000000001101110100
00000000001101110100
00000000001101000100
00000000001101011111
00000000001110111100
00000000001111110101
00000000001111110111
00000000010011101011
00000000010000001110
00000000010001101000
00000000010001110111
00000000010001011011
00000000001111111111
00000000010001011110
00000000001111000011
00000000001111111011
00000000010000010100
00000000001110111101
00000000001111111010
00000000001111100001
00000000001111101111
00000000001101110111
00000000001101110100
00000000001101110100
00000000001101110100
00000000001101110100
00000000001101110100
00000000001101110100
00000000001101110100
00000000001101110100
00000000001101110000
00000000001110110010
00000000010001110100
00000000010001100000
00000000010100100100
00000000010011110111
00000000010100100010
00000000010011100000
00000000010100100001
00000000010011111100
00000000010011101011
00000000010010111001
00000000010011010101
00000000010010101011
00000000010011010010
00000000010011011100
00000000010010010001
00000000010010010001
00000000010000001100
00000000001111001000
00000000001101110100
00000000001101110100
00000000001101110100
00000000001101110100
00000000001101110100
00000000001101110100
00000000001101110100
00000000001101110100
00000000001110100001
00000000010000111010
00000000010011001111
00000000010101001111
00000000010100010010
00000000010100001100
00000000010100011101
00000000010011110100
00000000010011111001
00000000010110011000
00000000010011111111
00000000010011000011
00000000010001110000
00000000010000111110
00000000010010101010
00000000010100110000
00000000010011111101
00000000010001110111
00000000010001101111
00000000001111101011
00000000001101110100
00000000001101110100
00000000001101110100
00000000001101110100
00000000001101110100
00000000001101110100
00000000001101110100
00000000001101110100
00000000001111011100
00000000010000110010
00000000000110110101
11111111111101110001
11111111110111001001
11111111101010011100
11111111100001011110
11111111100011000100
11111111100011001111
11111111101110000101
11111111110101101100
00000000000010100111
00000000001100100100
00000000010101000000
00000000010101111001
00000000010110100000
00000000010101000001
00000000010010100100
00000000010000101010
00000000001110110101
00000000001101110100
00000000001101110100
00000000001101110100
00000000001101110100
00000000001101110100
00000000001101110100
00000000001101110100
00000000001101110100
00000000001110111100
00000000000110000101
11111111110001101111
11111111110110011011
11111111110111011000
11111111110100001000
00000000000011101000
00000000000001100110
00000000000001011000
00000000001100101101
00000000001011100110
00000000001100011101
00000000010100010111
00000000001110000001
00000000010101100111
00000000010101101111
00000000010101000111
00000000010001101101
00000000010000101000
00000000001111010111
00000000001101110100
00000000001101110100
00000000001101110100
00000000001101110100
00000000001101110100
00000000001101110100
00000000001101110100
00000000001101110100
00000000001110000110
11111111111010000010
00000000000100110011
00000000010100000010
00000000101101001010
00000001010110001111
00000001011101100010
00000001011101101011
00000001011101000011
00000001010111111011
00000001010010111101
00000000110101101111
00000000011000110001
00000000010011101010
00000000001100010000
00000000010001111100
00000000010001001010
00000000001111110110
00000000001111011100
00000000001110011001
00000000001101110100
00000000001101110100
00000000001101110100
00000000001101110100
00000000001101110100
00000000001101110100
00000000001101110100
00000000001101110100
00000000000010001001
11111111110011110011
00000000100101000000
00000001100001110110
00000010101010001011
00000011101000111001
00000100000011001101
00000011111100110100
00000011110011011100
00000011001000001101
00000010101100001101
00000010001001010100
00000001001111010111
00000000100010111101
00000000011010110011
00000000010000110011
00000000010000010000
00000000001110100011
00000000001110011001
00000000001110011001
00000000001101110100
00000000001101110100
00000000001101110100
00000000001101110100
00000000001101110100
00000000001101110100
00000000001101110100
00000000001101110100
11111111110111110100
00000000011111011101
00000001010011001111
00000010111111011111
00000100001100010100
00000101000110110101
00000101100100101011
00000101010010010011
00000101010011100010
00000100111111101010
00000011111110001011
00000011110111111001
00000010011011101110
00000001001110000011
00000000100100111001
00000000010000111010
00000000010000111001
00000000010000000101
00000000001111001010
00000000001101111111
00000000001101110100
00000000001101110100
00000000001101110100
00000000001101110100
00000000001101110100
00000000001101110100
00000000001101110100
00000000001101110100
11111111111100001101
00000001000100000000
00000010001011101110
00000011100111010111
00000100100000010011
00000100101101011011
00000100010001101001
00000100000111000100
00000100000001110000
00000100100001010000
00000100101010111111
00000100000110101101
00000011011011101000
00000010000001110111
00000000101111110000
00000000010001110110
00000000010001001101
00000000001111101001
00000000001110010011
00000000001110101010
00000000001101110100
00000000001101110100
00000000001101110100
00000000001101110100
00000000001101110100
00000000001101110100
00000000001101110100
00000000001101110100
00000000011011001100
00000001010101010011
00000010101100101001
00000011100010100110
00000011111100010001
00000011011101000001
00000010100111111010
00000010100111001111
00000010110100110000
00000011110010110110
00000100110010011011
00000100110110010111
00000100000101111111
00000010110010010101
00000001010011010111
00000000010001011000
00000000010010100110
00000000001111110101
00000000010000011100
00000000001110000010
00000000001101110100
00000000001101110100
00000000001101110100
00000000001101110100
00000000001101110100
00000000001101110100
00000000001101110100
00000000001101110100
00000000110001001010
00000001110001011000
00000010111011110111
00000011100010100000
00000011011101101011
00000010010010111010
00000001000100100010
00000000011111001100
00000001011001010011
00000001111110110001
00000011001111111000
00000011101110011110
00000011001010101010
00000010001100110100
00000000111110000111
00000000010100011010
00000000010100101111
00000000010101010110
00000000010000001100
00000000001110111010
00000000001101110100
00000000001101110100
00000000001101110100
00000000001101110100
00000000001101110100
00000000001101110100
00000000001101110100
00000000001101110100
00000000110000110110
00000001110000011000
00000010111000111001
00000011011000000010
00000011011101000110
00000010000111101110
00000000100111000010
11111111110000010110
00000000001000110110
00000001000011010011
00000001111011101000
00000010011011011000
00000010100100100110
00000001110111000111
00000001000100101010
00000000010100111101
00000000010110110010
00000000010010111110
00000000010001101101
00000000001110110001
00000000001101110100
00000000001101110100
00000000001101110100
00000000001101110100
00000000001101110100
00000000001101110100
00000000001101110100
00000000001101110100
00000000111100101011
00000001111010100101
00000011000100100010
00000011100010111111
00000011101101100010
00000010100101111100
00000001010000111001
00000000001100111101
00000000011010010011
00000001000100110011
00000001101111001011
00000010101010100011
00000010011111111010
00000001111011001101
00000000111111110100
00000000010111110111
00000000010100111001
00000000010100011000
00000000010001111110
00000000001110100111
00000000001101110100
00000000001101110100
00000000001101110100
00000000001101110100
00000000001101110100
00000000001101110100
00000000001101110100
00000000001101110100
00000001000101010110
00000001111010011100
00000011000100010011
00000100001010001010
00000011111101110011
00000011100011110110
00000010011101011011
00000001101001101101
00000001111000111110
00000010001011110011
00000010101100000001
00000010111001101010
00000010100010111101
00000001101000000011
00000000110011100110
00000000010001101101
00000000010100000010
00000000010010110011
00000000010000001111
00000000001111100001
00000000001101110100
00000000001101110100
00000000001101110100
00000000001101110100
00000000001101110100
00000000001101110100
00000000001101110100
00000000001101110100
00000001000000100101
00000001110010110001
00000010100111001111
00000100001010000100
00000101001000100011
00000100111101001100
00000100111101010111
00000100100000100100
00000100001111000111
00000100011111110101
00000100100010101111
00000100010101011010
00000011100111101000
00000010011111101001
00000001001001011100
00000000010001010001
00000000010001010001
00000000010000000011
00000000001111100110
00000000001110001001
00000000001101110100
00000000001101110100
00000000001101110100
00000000001101110100
00000000001101110100
00000000001101110100
00000000001101110100
00000000001101110100
00000000100010110101
00000001011101100100
00000010000001100000
00000011010101100100
00000100100101111001
00000101010011000011
00000101011100110011
00000101011101000100
00000101000101010000
00000101001000100010
00000101000111110100
00000100011111110110
00000011100111110000
00000010100000100100
00000001001001111111
00000000010001100000
00000000001111110101
00000000001111010100
00000000001110110010
00000000001110010010
00000000001101110100
00000000001101110100
00000000001101110100
00000000001101110100
00000000001101110100
00000000001101110100
00000000001101110100
00000000001101110100
00000000001101111010
00000000100011000010
00000001011111001011
00000010000000010010
00000010111111101000
00000011110100010001
00000100000000101110
00000011111101100010
00000011101101110101
00000100000011011011
00000100011011000011
00000100010101100110
00000011101000000011
00000010011110011111
00000001001011000111
00000000001111111001
00000000010000101110
00000000001111101001
00000000001111011111
00000000001110010110
00000000001101110100
00000000001101110100
00000000001101110100
00000000001101110100
00000000001101110100
00000000001101110100
00000000001101110100
00000000001101110100
00000000001110000101
00000000001110000101
00000000101000011000
00000001000010100101
00000001010010101111
00000001110001010010
00000010001001011000
00000010001000011101
00000010010101010001
00000010111010100001
00000011110100111111
00000100001000110110
00000011101001001100
00000010100000011110
00000001001100000010
00000000010010011001
00000000010000101100
00000000010001011001
00000000001111000001
00000000001101111001
00000000001101110100
00000000001101110100
00000000001101110100
00000000001101110100
00000000001101110100
00000000001101110100
00000000001101110100
00000000001101110100
00000000001101110011
00000000010000111000
00000000010001110110
00000000010100100001
00000000010100001110
00000000010011100100
00000000010011011010
00000000010001101110
00000000110010110101
00000001110011110100
00000010111110100111
00000011101111101110
00000011101001010101
00000010100000010110
00000001001101111111
00000000010010100110
00000000010010000100
00000000010000010111
00000000001111001101
00000000001101111001
00000000001101110100
00000000001101110100
00000000001101110100
00000000001101110100
00000000001101110100
00000000001101110100
00000000001101110100
00000000001101110100
00000000001101111100
00000000010001101001
00000000010000110000
00000000010011011111
00000000010100000010
00000000010010100011
00000000010001110001
00000000010010100111
00000000110011111100
00000001110100001011
00000010111100110111
00000011100101110111
00000011100001100100
00000010010110111100
00000001000100000101
00000000001100100001
00000000010000100010
00000000010000010001
00000000010000000100
00000000001110000101
00000000001101110100
00000000001101110100
00000000001101110100
00000000001101110100
00000000001101110100
00000000001101110100
00000000001101110100
00000000001101110100
00000000001111010111
00000000001111100010
00000000010000110001
00000000010010001011
00000000010011101101
00000000010010110011
00000000010010010010
00000000010011110000
00000000110110010101
00000001110100111001
00000010111110111011
00000011011110000010
00000011101101100110
00000010100001001000
00000001001110111110
00000000011010101011
00000000010010110100
00000000010011011011
00000000001110011001
00000000001101101110
00000000001101110100
00000000001101110100
00000000001101110100
00000000001101110100
00000000001101110100
00000000001101110100
00000000001101110100
00000000001101110100
00000000001111011011
00000000001111000011
00000000010001010110
00000000010001110110
00000000010010101111
00000000010010101011
00000000010001011111
00000000010000011000
00000000110100100101
00000001110100011001
00000010111100101001
00000011100000010100
00000011111101001000
00000010111010011111
00000001101000111101
00000000100110111101
00000000010100010000
00000000010001000101
00000000001111000101
00000000001110000011
00000000001101110100
00000000001101110100
00000000001101110100
00000000001101110100
00000000001101110100
00000000001101110100
00000000001101110100
00000000001101110100
00000000001110001110
00000000001110100100
00000000010001001010
00000000010001110001
00000000010010010111
00000000010010011101
00000000010010011111
00000000010001101111
00000000111110111110
00000001111101010010
00000011000111000011
00000100000011011011
00000100010101000111
00000011011101101111
00000010000011110111
00000000110110001001
00000000010011100111
00000000010001010000
00000000001111011101
00000000001110001101
00000000001101110100
00000000001101110100
00000000001101110100
00000000001101110100
00000000001101110100
00000000001101110100
00000000001101110100
00000000001101110100
00000000001101110100
00000000001111001001
00000000001111100001
00000000010000011101
00000000010000010011
00000000010000001110
00000000001111111110
00000000001111011100
00000001000110101110
00000001111010001010
00000011010010001000
00000100110001110100
00000100111011011111
00000100000101011001
00000010110001010110
00000001010001101111
00000000010011000100
00000000010011000000
00000000001110001111
00000000001110000111
00000000001101110100
00000000001101110100
00000000001101110100
00000000001101110100
00000000001101110100
00000000001101110100
00000000001101110100
00000000001101110100
00000000001101110100
00000000001110101111
00000000001111000000
00000000001110011010
00000000001111101011
00000000001111100110
00000000001110001001
00000000001110100011
00000001000000110010
00000001110010101001
00000010110001011111
00000100001001001111
00000100010111000000
00000011100110100011
00000010011101000101
00000001000100101000
00000000010010000101
00000000001111011111
00000000001111100110
00000000001110010101
00000000001101110100
00000000001101110100
00000000001101110100
00000000001101110100
00000000001101110100
00000000001101110100
00000000001101110100
00000000001101110100
00000000001101110100
00000000001101110100
00000000001101110100
00000000001101110100
00000000001101110100
00000000001101110100
00000000001101110100
00000000001101110100
00000000100011001110
00000001011010100111
00000001111101111001
00000010111100101001
00000010111110001100
00000010100100100001
00000001110100111100
00000000111101000001
00000000010100000110
00000000010000011111
00000000001110101101
00000000001110000001
00000000001101110100
00000000001101110100
00000000001101110100
00000000001101110100
00000000001101110100
00000000001101110100
00000000001101110100
00000000001101110100
00000000001101110100
00000000001101110100
00000000001101110100
00000000001101110100
00000000001101110100
00000000001101110100
00000000001101110100
00000000001101110100
00000000001110111001
00000000100100001011
00000000111111000001
00000001001111110100
00000001011011011001
00000001011000111000
00000001001111011101
00000000101101111111
00000000010011000011
00000000010000100111
00000000001110100010
00000000001101110100
00000000001101110100
00000000001101110100
00000000000011011110
00000000000011011110
00000000000011011110
00000000000011011110
00000000000011011110
00000000000011011110
00000000000011110011
00000000000100000011
00000000000110000101
00000000000101100111
00000000000101001111
00000000000111001100
00000000000111011011
00000000000110001111
00000000000110101000
00000000000111011010
00000000000110000000
00000000000111001100
00000000000110001111
00000000000101001100
00000000000110010100
00000000000110001101
00000000000101010100
00000000000101011001
00000000000100100111
00000000000011111010
00000000000011011110
00000000000011011110
00000000000011011110
00000000000011011110
00000000000011011110
00000000000011011110
00000000000011011110
00000000000011011110
00000000000011101000
00000000000110110001
00000000001000010110
00000000000111100100
00000000001000000110
00000000001010100110
00000000001001101111
00000000001001011111
00000000001000110101
00000000001001111001
00000000000111110100
00000000001000010011
00000000000110101101
00000000000111011101
00000000001000011010
00000000001000011111
00000000000101111101
00000000000101001010
00000000000101001001
00000000000011010000
00000000000011011110
00000000000011011110
00000000000011011110
00000000000011011110
00000000000011011110
00000000000011011110
00000000000011011110
00000000000011011110
00000000000101010001
00000000000111101000
00000000001010010111
00000000001011011111
00000000001011101001
00000000001000010001
00000000001100000001
00000000001100011001
00000000001010110100
00000000001001101001
00000000001000011001
00000000001001001110
00000000001011000110
00000000001001111001
00000000001001011100
00000000001011011001
00000000001010001100
00000000000110100101
00000000000100101001
00000000000011111000
00000000000011011110
00000000000011011110
00000000000011011110
00000000000011011110
00000000000011011110
00000000000011011110
00000000000011011110
00000000000011011110
00000000000110000001
00000000001001110100
00000000001011000010
00000000001011000011
00000000001101110001
00000000001011001000
00000000001001010010
00000000001000101010
00000000001100000010
00000000001100111110
00000000001001100001
00000000001001110000
00000000001001001010
00000000001010100111
00000000001000111000
00000000001011110111
00000000001000111110
00000000000111010111
00000000000110100101
00000000000011111000
00000000000011011110
00000000000011011110
00000000000011011110
00000000000011011110
00000000000011011110
00000000000011011110
00000000000011011110
00000000000011011110
00000000000101100011
00000000001010010110
00000000000010011011
00000000001110011011
00000000010010101011
00000000010001100110
00000000000110010111
00000000000101010101
00000000000011101111
00000000001011101101
00000000000000100010
11111111111110001110
11111111111110101110
00000000001101110100
00000000001010100011
00000000001011100110
00000000001000111000
00000000000110010001
00000000000100110000
00000000000011110101
00000000000011011110
00000000000011011110
00000000000011011110
00000000000011011110
00000000000011011110
00000000000011011110
00000000000011011110
00000000000011011110
00000000000100111101
00000000000000110000
00000000011110010001
00000000110101001111
00000000111100010111
00000001000111010100
00000001010010101010
00000001010000100010
00000001010000101101
00000001000000001010
00000000110111111101
00000000100010111111
00000000000111100111
00000000000000001111
00000000001011111000
00000000001011000111
00000000000111100100
00000000000101100001
00000000000100111010
00000000000011001101
00000000000011011110
00000000000011011110
00000000000011011110
00000000000011011110
00000000000011011110
00000000000011011110
00000000000011011110
00000000000011011110
00000000000100101101
00000000001110110101
00000001001111100100
00000001111011001001
00000010101000011110
00000010111111100111
00000011001010101000
00000011001010011011
00000011001100111010
00000010101000011011
00000001111111011110
00000001011111010111
00000000101101010101
00000000000111110010
11111111111010100101
00000000000111000111
00000000000110100101
00000000000100110000
00000000000100000001
00000000000011010101
00000000000011011110
00000000000011011110
00000000000011011110
00000000000011011110
00000000000011011110
00000000000011011110
00000000000011011110
00000000000011011110
11111111111100100010
00000000111010110110
00000010001100000110
00000011011100001100
00000100001001101000
00000100100011000011
00000100100101111110
00000100101000000101
00000100110100001110
00000100011000011000
00000011010010111010
00000010010011100100
00000001010110101001
00000000101000000001
00000000000100001000
00000000000111101111
00000000000100110000
00000000000011110110
00000000000011111100
00000000000011101110
00000000000011011110
00000000000011011110
00000000000011011110
00000000000011011110
00000000000011011110
00000000000011011110
00000000000011011110
00000000000011011110
00000000001100111001
00000001101101101001
00000011000110101101
00000100010101001001
00000100110010100101
00000101000100000010
00000100101000101100
00000100111110000001
00000101000111010111
00000101001111010010
00000100101111010010
00000011010100000010
00000001101111110100
00000001000111110010
00000000001101111100
00000000000111010010
00000000000111011001
00000000000101100110
00000000000100010110
00000000000011011010
00000000000011011110
00000000000011011110
00000000000011011110
00000000000011011110
00000000000011011110
00000000000011011110
00000000000011011110
00000000000011011110
00000000101111101000
00000010010010100111
00000011110111001111
00000100100110011011
00000100010000110011
00000011101011111110
00000010111010011100
00000011010100011100
00000011110110100000
00000100101010001100
00000101001010101001
00000100000100000000
00000010001111011111
00000001001100100100
00000000010001100011
00000000001001010111
00000000000110110111
00000000000101101010
00000000000011010111
00000000000011101010
00000000000011011110
00000000000011011110
00000000000011011110
00000000000011011110
00000000000011011110
00000000000011011110
00000000000011011110
00000000000011011110
00000001010001011101
00000010111000010011
00000100000101001110
00000100001110011100
00000011001101101000
00000010010101100010
00000001011010110001
00000001110010110011
00000011001011011000
00000100000110100101
00000100101111011111
00000100000100100001
00000010101110101111
00000001101001101001
00000000011101010000
00000000001010001101
00000000000111111001
00000000000101110001
00000000000101011001
00000000000010111100
00000000000011011110
00000000000011011110
00000000000011011110
00000000000011011110
00000000000011011110
00000000000011011110
00000000000011011110
00000000000011011110
00000001011101110100
00000011010010100101
00000100011011001011
00000100001100001010
00000010101111010011
00000001011111100010
00000000001111001001
00000000001000100011
00000001100111110011
00000011001000100110
00000100000100011111
00000011011110000101
00000001111011111000
00000000111101100100
00000000000111011101
00000000001100111011
00000000001010111101
00000000001000011110
00000000000101010100
00000000000100000010
00000000000011011110
00000000000011011110
00000000000011011110
00000000000011011110
00000000000011011110
00000000000011011110
00000000000011011110
00000000000011011110
00000001011100010111
00000011010010110011
00000100011010011110
00000100011010010011
00000010111001111101
00000001101101100011
00000000101001111110
00000000001100100110
00000000111110111111
00000010010000101100
00000010111111000001
00000010111010001010
00000001101000101110
00000000110110101011
00000000000101110011
00000000001100111111
00000000001010100000
00000000000111100011
00000000000101110001
00000000000011110000
00000000000011011110
00000000000011011110
00000000000011011110
00000000000011011110
00000000000011011110
00000000000011011110
00000000000011011110
00000000000011011110
00000001100011100010
00000011001000100101
00000100010110010011
00000100111100011000
00000011110001010110
00000010100011100001
00000001110101010111
00000001011010000001
00000001111011111110
00000010101111111111
00000011011100100001
00000011010011110101
00000010001011001010
00000001010011011100
00000000001110101010
00000000001100010110
00000000001001011111
00000000000110111000
00000000000100001010
00000000000011100000
00000000000011011110
00000000000011011110
00000000000011011110
00000000000011011110
00000000000011011110
00000000000011011110
00000000000011011110
00000000000011011110
00000001010010101000
00000010111101111111
00000100000011011100
00000101000101000001
00000100101111101011
00000011111101101111
00000011001111100001
00000011001010011010
00000011101001001100
00000100001111101010
00000100011111100000
00000011011010010000
00000010000001001110
00000001001111000010
00000000010010011100
00000000001000111011
00000000001000010111
00000000000101100000
00000000000101000010
00000000000011100010
00000000000011011110
00000000000011011110
00000000000011011110
00000000000011011110
00000000000011011110
00000000000011011110
00000000000011011110
00000000000011011110
00000000110000100100
00000010010011110010
00000011100010110111
00000100100111001111
00000101000001101100
00000101001001000011
00000100111011110111
00000100101011110101
00000100110010011101
00000101010110101100
00000101110001110001
00000100101010001110
00000010100100010010
00000001011011011000
00000000001011100011
00000000000111001111
00000000000110011000
00000000000101010011
00000000000011111010
00000000000011101010
00000000000011011110
00000000000011011110
00000000000011011110
00000000000011011110
00000000000011011110
00000000000011011110
00000000000011011110
00000000000011011110
00000000001111111111
00000001001100011000
00000010101101010010
00000011101001001110
00000100000001011111
00000100100001001010
00000100101100101001
00000100101011011011
00000100110011001111
00000101010000101010
00000101011100111101
00000100011100110101
00000010100101000001
00000001011011110110
00000000001100010001
00000000000111011010
00000000000101111110
00000000000101000101
00000000000011011111
00000000000011010110
00000000000011011110
00000000000011011110
00000000000011011110
00000000000011011110
00000000000011011110
00000000000011011110
00000000000011011110
00000000000011011110
00000000000100100000
00000000010001011100
00000001010001010111
00000010001011101111
00000010101100011111
00000010101111001110
00000010110000011011
00000010101110110011
00000011011011011101
00000100010001111111
00000100110110000010
00000100010010101001
00000010100100111110
00000001011011001011
00000000001110100000
00000000000111000010
00000000000101110110
00000000000100100010
00000000000100100111
00000000000011011111
00000000000011011110
00000000000011011110
00000000000011011110
00000000000011011110
00000000000011011110
00000000000011011110
00000000000011011110
00000000000011011110
00000000000100001010
00000000001000000000
00000000010110001110
00000000110000010111
00000001000101111110
00000001010100110010
00000001010000100110
00000001010010001011
00000010011100111011
00000011110110110101
00000100101011101110
00000100010011010011
00000010100101101100
00000001011100001111
00000000001110111110
00000000001000000110
00000000000110111010
00000000000110001111
00000000000011110111
00000000000011100011
00000000000011011110
00000000000011011110
00000000000011011110
00000000000011011110
00000000000011011110
00000000000011011110
00000000000011011110
00000000000011011110
00000000000100100101
00000000001000111010
00000000001000110101
00000000001011100111
00000000001011001100
00000000001000110101
00000000000110010101
00000000001001110111
00000001100001010001
00000011010101011101
00000100011110101011
00000100010111110001
00000010100111101110
00000001011111101001
00000000001111110000
00000000000111100101
00000000000111010001
00000000000101100110
00000000000011011010
00000000000011011100
00000000000011011110
00000000000011011110
00000000000011011110
00000000000011011110
00000000000011011110
00000000000011011110
00000000000011011110
00000000000011011110
00000000000101100000
00000000000111100010
00000000001000100100
00000000001010001000
00000000001001111100
00000000001000010011
00000000000110101111
00000000001000000010
00000001100001110010
00000011010101010011
00000100011110101000
00000100010001100100
00000010110000111001
00000001100001011000
00000000010010101011
11111111111110000000
00000000000110010111
00000000000100010001
00000000000100000100
00000000000011011110
00000000000011011110
00000000000011011110
00000000000011011110
00000000000011011110
00000000000011011110
00000000000011011110
00000000000011011110
00000000000011011110
00000000000101110000
00000000000110000100
00000000001000110100
00000000001000011010
00000000001000011001
00000000001001000110
00000000001001001111
00000000001000001101
00000001100000101011
00000011010110111001
00000100100000001010
00000100100000100100
00000011000011010011
00000001101111010001
00000000101000101001
00000000000101111001
00000000001001101101
00000000000101111100
00000000000011111000
00000000000011010011
00000000000011011110
00000000000011011110
00000000000011011110
00000000000011011110
00000000000011011110
00000000000011011110
00000000000011011110
00000000000011011110
00000000000100101101
00000000000110001100
00000000001000101110
00000000000111111000
00000000000111000101
00000000000111110001
00000000000111001110
00000000000111011000
00000001011110110101
00000011010011001011
00000100011110000011
00000101000000010001
00000011011100011011
00000010000011111000
00000001000010101011
00000000010000011010
00000000001001000001
00000000000110000101
00000000000011110111
00000000000011100010
00000000000011011110
00000000000011011110
00000000000011011110
00000000000011011110
00000000000011011110
00000000000011011110
00000000000011011110
00000000000011011110
00000000000011101101
00000000000101100000
00000000000111000110
00000000000111101011
00000000000111011111
00000000000110101000
00000000000101111000
00000000000111100101
00000001100101011000
00000011001000010111
00000100010111111000
00000101011101101001
00000100001011011110
00000010010101000001
00000001010000000010
00000000010010000011
00000000000110110001
00000000000100011110
00000000000100001100
00000000000011101100
00000000000011011110
00000000000011011110
00000000000011011110
00000000000011011110
00000000000011011110
00000000000011011110
00000000000011011110
00000000000011011110
00000000000011011110
00000000000100111011
00000000000101101001
00000000000101010001
00000000000101101000
00000000000101001110
00000000000011110010
00000000000100011000
00000001010011100011
00000010111100110010
00000100001010100011
00000101001101011001
00000100001011100100
00000010101101010111
00000001101010010110
00000000011101100001
00000000000111111100
00000000000100000011
00000000000011001111
00000000000011100101
00000000000011011110
00000000000011011110
00000000000011011110
00000000000011011110
00000000000011011110
00000000000011011110
00000000000011011110
00000000000011011110
00000000000011011110
00000000000011111111
00000000000100100110
00000000000100011011
00000000000100100001
00000000000011111001
00000000000011111111
00000000000011111000
00000000110000101111
00000010010000111001
00000011010010101100
00000100000100110111
00000011010010000111
00000010000110010011
00000001001001001010
00000000010000110101
00000000000110011101
00000000000101110111
00000000000100010100
00000000000011011011
00000000000011011110
00000000000011011110
00000000000011011110
00000000000011011110
00000000000011011110
00000000000011011110
00000000000011011110
00000000000011011110
00000000000011011110
00000000000011011110
00000000000011011110
00000000000011011110
00000000000011011110
00000000000011011110
00000000000011011110
00000000000011011110
00000000010000011011
00000001001011000101
00000010000110001111
00000010101000000011
00000010000101001011
00000001001000011001
00000000100011011100
00000000001000100010
00000000000110101111
00000000000101011010
00000000000100001000
00000000000011011100
00000000000011011110
00000000000011011110
00000000000011011110
00000000000011011110
00000000000011011110
00000000000011011110
00000000000011011110
00000000000011011110
00000000000011011110
00000000000011011110
00000000000011011110
00000000000011011110
00000000000011011110
00000000000011011110
00000000000011011110
00000000000011011110
00000000000100000101
00000000010010010000
00000000101011101111
00000001000001001010
00000001001010111101
00000000101101101000
00000000010110111000
00000000000101001101
00000000000110001010
00000000000011101100
00000000000011100101
00000000000011011110
00000000000011011110
00000000000011011110
00000000001010010101
00000000001010010101
00000000001010010101
00000000001010010101
00000000001010010101
00000000001010010101
00000000001010001011
00000000001010101001
00000000001001001000
00000000001010110111
00000000001010110101
00000000001010100110
00000000001011000101
00000000001010000010
00000000001011001001
00000000001010111111
00000000001011010011
00000000001010011100
00000000001011101101
00000000001010010000
00000000001011000001
00000000001010010011
00000000001010100101
00000000001010111100
00000000001010111101
00000000001011000010
00000000001010010101
00000000001010010101
00000000001010010101
00000000001010010101
00000000001010010101
00000000001010010101
00000000001010010101
00000000001010010101
00000000001010101100
00000000001001000011
00000000001001100111
00000000001001101101
00000000001011001000
00000000001011001101
00000000001001111001
00000000001010010011
00000000001011111111
00000000001010011100
00000000001010101100
00000000001010001111
00000000001011100001
00000000001010000101
00000000001010111011
00000000001010110100
00000000001011001100
00000000001011100010
00000000001011011110
00000000001011000010
00000000001010010101
00000000001010010101
00000000001010010101
00000000001010010101
00000000001010010101
00000000001010010101
00000000001010010101
00000000001010010101
00000000001001101111
00000000001001100010
00000000001000100111
00000000001001111110
00000000001010110000
00000000001100000101
00000000001001100010
00000000001001110110
00000000001001100100
00000000001010101010
00000000001010110110
00000000001010110101
00000000001010011001
00000000001010000010
00000000001001011111
00000000001010100001
00000000001011001001
00000000001011010011
00000000001011110111
00000000001011100110
00000000001010010101
00000000001010010101
00000000001010010101
00000000001010010101
00000000001010010101
00000000001010010101
00000000001010010101
00000000001010010101
00000000001001010111
00000000001001010100
00000000001000010111
00000000001001111010
00000000001001111100
00000000001011111011
00000000001001001010
00000000001011110000
00000000001000110110
00000000001011100010
00000000001011100100
00000000001010010011
00000000001011001110
00000000001000111110
00000000001011001010
00000000001010000011
00000000001011011101
00000000001010011110
00000000001011111101
00000000001011000010
00000000001010010101
00000000001010010101
00000000001010010101
00000000001010010101
00000000001010010101
00000000001010010101
00000000001010010101
00000000001010010101
00000000001010010101
00000000000111101110
00000000010010001011
00000000000111100001
00000000010001110100
00000000010000001100
00000000011110110101
00000000011110011000
00000000011110000100
00000000010100000110
00000000011101111100
00000000010110101000
00000000010111101000
00000000001001110001
00000000001010111000
00000000001010101010
00000000001011111010
00000000001010100111
00000000001011010100
00000000001010110000
00000000001010010101
00000000001010010101
00000000001010010101
00000000001010010101
00000000001010010101
00000000001010010101
00000000001010010101
00000000001010010101
00000000001001100000
00000000010010100001
11111111111111011010
00000000000011111110
00000000000010010100
00000000010101011100
00000000100100111000
00000000100011011111
00000000100011111101
00000000101101010010
00000000100110011001
00000000110101011100
00000000100101110111
00000000010111110010
00000000001010000110
00000000001010011100
00000000001010101110
00000000001010111000
00000000001011001001
00000000001010111110
00000000001010010101
00000000001010010101
00000000001010010101
00000000001010010101
00000000001010010101
00000000001010010101
00000000001010010101
00000000001010010101
00000000001001111011
00000000001010100010
11111111110000010111
11111111110101111101
11111111110100110000
00000000011110010010
00000000011110001100
00000000011111101000
00000000011110000100
00000000101011111100
00000000110000000100
00000000110011111110
00000000110011111100
00000000101000001111
00000000010110101010
00000000001010111111
00000000001010110001
00000000001010111010
00000000001010110101
00000000001010111001
00000000001010010101
00000000001010010101
00000000001010010101
00000000001010010101
00000000001010010101
00000000001010010101
00000000001010010101
00000000001010010101
00000000010011010110
11111111110100101111
11111111110110011100
11111111011000100101
11111111111000010111
00000000001001001111
00000000001111111111
00000000001011110011
00000000000001000010
00000000001101010001
00000000100000111101
00000000110101100011
00000001000001100100
00000000101110110010
00000000100111111000
00000000001010011100
00000000001011101010
00000000001011001110
00000000001011000101
00000000001010101010
00000000001010010101
00000000001010010101
00000000001010010101
00000000001010010101
00000000001010010101
00000000001010010101
00000000001010010101
00000000001010010101
00000000001011010001
11111111101100111111
11111111100010011001
11111111001110110011
00000000001000010011
00000000001101101011
00000000001111101110
11111111101001110000
11111111110000011101
11111111101010110100
00000000000011111001
00000000101100111011
00000001001010100110
00000000111111001011
00000000100111010011
00000000001010010100
00000000001011010010
00000000001011010001
00000000001011001100
00000000001010101011
00000000001010010101
00000000001010010101
00000000001010010101
00000000001010010101
00000000001010010101
00000000001010010101
00000000001010010101
00000000001010010101
11111111111110100100
11111111100111101100
11111111010010110001
11111111100010100000
00000000010110110000
00000000100111000010
00000000010100110011
11111111101011101110
11111111101111100110
11111111011010100111
11111111110010001100
00000000001111010100
00000001000101111101
00000001001110110110
00000000101101100110
00000000001001010110
00000000001100001101
00000000001010100011
00000000001011111011
00000000001010110101
00000000001010010101
00000000001010010101
00000000001010010101
00000000001010010101
00000000001010010101
00000000001010010101
00000000001010010101
00000000001010010101
11111111111010101111
11111111011111100010
11111111001001000101
11111111101110000011
00000000101000011110
00000000111101101111
00000000100010000110
11111111111110001101
11111111100000010001
11111111010101100011
11111111010001011000
00000000001001111101
00000000101011010101
00000001000111111000
00000000100100111000
00000000001010100010
00000000001010101110
00000000001100111111
00000000001100010101
00000000001011001001
00000000001010010101
00000000001010010101
00000000001010010101
00000000001010010101
00000000001010010101
00000000001010010101
00000000001010010101
00000000001010010101
11111111110010010000
11111111010111011111
11111111000011000001
00000000000011110010
00000000110101110101
00000001011001100111
00000000110100001010
00000000001111010110
11111111110011011010
11111111011101100111
11111111010111101000
00000000000011000100
00000000101100111110
00000000111101001001
00000000100010011110
00000000001001111100
00000000001010110110
00000000001100111111
00000000001011011111
00000000001011010000
00000000001010010101
00000000001010010101
00000000001010010101
00000000001010010101
00000000001010010101
00000000001010010101
00000000001010010101
00000000001010010101
11111111110011001100
11111111010111010011
11111111000011100101
11111111111100011001
00000000111010110101
00000001010101000000
00000000111111101101
00000000101101101100
00000000001011001011
11111111110101110000
11111111100011001001
00000000000000011100
00000000111011100001
00000001000110111100
00000000110011010111
00000000001000110100
00000000001011001000
00000000001010111100
00000000001100000110
00000000001010101010
00000000001010010101
00000000001010010101
00000000001010010101
00000000001010010101
00000000001010010101
00000000001010010101
00000000001010010101
00000000001010010101
11111111101010010010
11111111100000011110
11111110111101010100
11111111101110011011
00000000100111111011
00000001000011001111
00000000111100000001
00000000100110110000
00000000010000000111
00000000001010001010
11111111111101111000
00000000100000101110
00000000111011101001
00000001000101111110
00000000101100101001
00000000001001100000
00000000001010001101
00000000001011101100
00000000001011101101
00000000001011000001
00000000001010010101
00000000001010010101
00000000001010010101
00000000001010010101
00000000001010010101
00000000001010010101
00000000001010010101
00000000001010010101
11111111110001110000
11111111011011111010
11111111001001011111
11111111011101000110
00000000000100010001
00000000100001011110
00000000110100001111
00000000100100011010
00000000011010101010
00000000010010000100
00000000000111101011
00000000100000011010
00000000111001100011
00000001000110110010
00000000101011101010
00000000001001000010
00000000001010110111
00000000001011011111
00000000001011001100
00000000001010111111
00000000001010010101
00000000001010010101
00000000001010010101
00000000001010010101
00000000001010010101
00000000001010010101
00000000001010010101
00000000001010010101
11111111111111001000
11111111100001000110
11111111001101001110
11111111001100100110
11111111101011111111
11111111111000101110
00000000010000100001
00000000001001110111
00000000000100001101
11111111110010011010
11111111110100101001
00000000010000001110
00000000111111000010
00000001010100001100
00000000110011111011
00000000001010011100
00000000001011001100
00000000001010011010
00000000001011010101
00000000001010011010
00000000001010010101
00000000001010010101
00000000001010010101
00000000001010010101
00000000001010010101
00000000001010010101
00000000001010010101
00000000001010010101
00000000000010000110
11111111110110100101
11111111011010010011
11111111011000001001
11111111100001100100
11111111110011111111
11111111110100010010
11111111110010011101
11111111110011101011
11111111100101111001
11111111101011010000
00000000000110110000
00000000111111110011
00000001010011010010
00000000110100111001
00000000001010011110
00000000001010100110
00000000001010101100
00000000001011011110
00000000001010100111
00000000001010010101
00000000001010010101
00000000001010010101
00000000001010010101
00000000001010010101
00000000001010010101
00000000001010010101
00000000001010010101
00000000001001111101
00000000000010010110
11111111110100001111
11111111101001001101
11111111100011000001
11111111110101111011
11111111111000111110
11111111111001100101
11111111101100110001
11111111100011000001
11111111011101110111
00000000001000001111
00000000111111110010
00000001010011111111
00000000110011100011
00000000001011010000
00000000001010000010
00000000001100000100
00000000001011010100
00000000001010100101
00000000001010010101
00000000001010010101
00000000001010010101
00000000001010010101
00000000001010010101
00000000001010010101
00000000001010010101
00000000001010010101
00000000001010100111
00000000001000011011
00000000000001110011
11111111111000111001
11111111110100110011
11111111111011001001
00000000000001011101
00000000000001101110
11111111110001101111
11111111011110010010
11111111010000010111
00000000000010011000
00000000111111010000
00000001010011001010
00000000110100100101
00000000001011000000
00000000001010101100
00000000001100001011
00000000001010111101
00000000001010010110
00000000001010010101
00000000001010010101
00000000001010010101
00000000001010010101
00000000001010010101
00000000001010010101
00000000001010010101
00000000001010010101
00000000001001111010
00000000001000110110
00000000001001011010
00000000001000001000
00000000001100000000
00000000001010110001
00000000001011010111
00000000001001101010
11111111110011000011
11111111010111000110
11111111000100110010
11111111111010101011
00000000111110111011
00000001010011001000
00000000110101111011
00000000001010110010
00000000001011000001
00000000001010111101
00000000001011100101
00000000001010011100
00000000001010010101
00000000001010010101
00000000001010010101
00000000001010010101
00000000001010010101
00000000001010010101
00000000001010010101
00000000001010010101
00000000001001100010
00000000001001101110
00000000001001000100
00000000001001011101
00000000001010101011
00000000001010000010
00000000001011000000
00000000001010101111
11111111110010001110
11111111011000011001
11111111000011101011
00000000000010100010
00000000110110000110
00000001011010100011
00000000110011010000
00000000011000000000
00000000001010110001
00000000001101010001
00000000001011010001
00000000001010011101
00000000001010010101
00000000001010010101
00000000001010010101
00000000001010010101
00000000001010010101
00000000001010010101
00000000001010010101
00000000001010010101
00000000001001111010
00000000001001111101
00000000000111111011
00000000001010100100
00000000001001100101
00000000001010111110
00000000001010010110
00000000001010000111
11111111110011000111
11111111010110110111
11111111000011110101
11111111111011001010
00000000110001111110
00000001010101010111
00000000111010101100
00000000100101011111
00000000001011011000
00000000001101110010
00000000001010101000
00000000001010100011
00000000001010010101
00000000001010010101
00000000001010010101
00000000001010010101
00000000001010010101
00000000001010010101
00000000001010010101
00000000001010010101
00000000001001111000
00000000001001011101
00000000001000111101
00000000001010010001
00000000001010000001
00000000001011100101
00000000001001110010
00000000001001101101
11111111110010111011
11111111011000000110
11111111000011000101
11111111101111101010
00000000110010110010
00000001001101001110
00000001000111000000
00000000100110111100
00000000001100000111
00000000001010110001
00000000001011000000
00000000001010101110
00000000001010010101
00000000001010010101
00000000001010010101
00000000001010010101
00000000001010010101
00000000001010010101
00000000001010010101
00000000001010010101
00000000001010001011
00000000001001101000
00000000001001110001
00000000001001010111
00000000001001110101
00000000001010101000
00000000001010000110
00000000001010000011
11111111101010011010
11111111100000101110
11111110111101101110
11111111101001101101
00000000011101111101
00000001000101100111
00000001001100111100
00000000101100001110
00000000001100001011
00000000001011111100
00000000001010111010
00000000001010100000
00000000001010010101
00000000001010010101
00000000001010010101
00000000001010010101
00000000001010010101
00000000001010010101
00000000001010010101
00000000001010010101
00000000001010010101
00000000001010001011
00000000001001100111
00000000001001100011
00000000001010011000
00000000001010100101
00000000001010010101
00000000001010001100
11111111110010001011
11111111011011111101
11111111000000111101
11111111010110101001
00000000001010110010
00000000101001110011
00000001000110010011
00000000100101101010
00000000001100100110
00000000001100001100
00000000001011010010
00000000001010011011
00000000001010010101
00000000001010010101
00000000001010010101
00000000001010010101
00000000001010010101
00000000001010010101
00000000001010010101
00000000001010010101
00000000001010010101
00000000001001111111
00000000001010000000
00000000001010000110
00000000001010010111
00000000001010011111
00000000001010001101
00000000001010011101
11111111111110001110
11111111100010111111
11111111010011011010
11111111011001111110
00000000001010000001
00000000010111111001
00000000110000100111
00000000010111101010
00000000001100111000
00000000001010100110
00000000001011011000
00000000001010100000
00000000001010010101
00000000001010010101
00000000001010010101
00000000001010010101
00000000001010010101
00000000001010010101
00000000001010010101
00000000001010010101
00000000001010010101
00000000001010010101
00000000001010010101
00000000001010010101
00000000001010010101
00000000001010010101
00000000001010010101
00000000001010010101
00000000000010101001
11111111110110010000
11111111101000100001
11111111100011010011
11111111111100111000
00000000010100100001
00000000100010110011
00000000011000011001
00000000001011111000
00000000001011001110
00000000001010011011
00000000001010011001
00000000001010010101
00000000001010010101
00000000001010010101
00000000001010010101
00000000001010010101
00000000001010010101
00000000001010010101
00000000001010010101
00000000001010010101
00000000001010010101
00000000001010010101
00000000001010010101
00000000001010010101
00000000001010010101
00000000001010010101
00000000001010010101
00000000001001111011
00000000000001110110
11111111111010010000
11111111110100110000
00000000000000111011
00000000010000000100
00000000010100111011
00000000010010101101
00000000001010011111
00000000001011001100
00000000001010100111
00000000001010010101
00000000001010010101
00000000001010010101
00000000000000000001
00000000000000000001
00000000000000000001
00000000000000000001
00000000000000000001
00000000000000000001
11111111111111111011
00000000000000011101
11111111111111101100
00000000000000001101
00000000000001100011
00000000000000000000
11111111111111100100
00000000000001011111
00000000000000100101
00000000000000010110
00000000000000000110
00000000000000101001
00000000000000001001
00000000000000000111
00000000000001000000
11111111111111110110
00000000000000010100
00000000000000110111
11111111111111101001
11111111111111101010
00000000000000000001
00000000000000000001
00000000000000000001
00000000000000000001
00000000000000000001
00000000000000000001
00000000000000000001
00000000000000000001
00000000000000010101
11111111111111011101
00000000000001010010
00000000000001101101
00000000000000001011
00000000000001000000
00000000000001100011
00000000000000111110
00000000000000110001
00000000000000010011
11111111111111100110
00000000000001011101
11111111111111110100
00000000000000010110
11111111111111110101
00000000000001101111
00000000000000010111
11111111111111111101
00000000000000100001
11111111111111010011
00000000000000000001
00000000000000000001
00000000000000000001
00000000000000000001
00000000000000000001
00000000000000000001
00000000000000000001
00000000000000000001
11111111111111101111
00000000000010000001
00000000000001000001
00000000000001110100
00000000000010010001
00000000000000000111
00000000000001010100
00000000000000011000
11111111111111101001
00000000000001111000
00000000000001011000
00000000000001101110
00000000000000100001
11111111111111111111
00000000000010001010
00000000000000110010
11111111111111110111
00000000000000010111
11111111111111101011
11111111111111011101
00000000000000000001
00000000000000000001
00000000000000000001
00000000000000000001
00000000000000000001
00000000000000000001
00000000000000000001
00000000000000000001
00000000000001100001
00000000000000001010
00000000000010111011
00000000000010001000
00000000000000000000
11111111111111110110
00000000000010110110
00000000000001110100
00000000000011000011
00000000000000000100
11111111111111111010
11111111111111111111
00000000000000000000
00000000000010010101
00000000000000011011
00000000000011011010
00000000000000000110
00000000000000001101
11111111111111101110
11111111111110110111
00000000000000000001
00000000000000000001
00000000000000000001
00000000000000000001
00000000000000000001
00000000000000000001
00000000000000000001
00000000000000000001
00000000000000001010
00000000000011001011
00000000000000111001
11111111111101011110
11111111111001011110
00000000000100010000
11111111111111110101
11111111111101111111
11111111111111110001
00000000000001000011
00000000000100000101
00000000001001000100
11111111111101011100
00000000000010010011
00000000000001001110
00000000000000100111
11111111111111111011
00000000000000001110
11111111111111011011
11111111111111101011
00000000000000000001
00000000000000000001
00000000000000000001
00000000000000000001
00000000000000000001
00000000000000000001
00000000000000000001
00000000000000000001
00000000000001001010
00000000000000111001
11111111111000100111
11111111110111000100
00000000001100001001
00000000001101111101
00000000000101110111
00000000000110001110
00000000000111011000
00000000001010100100
00000000001001001001
00000000000000011101
00000000000010010001
11111111111111001001
11111111111111111110
00000000000001110010
11111111111110111111
11111111111111110110
11111111111111100111
11111111111111011100
00000000000000000001
00000000000000000001
00000000000000000001
00000000000000000001
00000000000000000001
00000000000000000001
00000000000000000001
00000000000000000001
00000000000000100100
11111111111100001110
00000000001011111010
00000000010100111000
00000000101101001110
00000000100111001111
00000000011011101101
00000000011010000100
00000000011010110110
00000000001000101111
00000000001101001001
00000000000001110101
11111111110100110000
00000000000000010001
11111111111100111001
00000000000000101111
00000000000000010010
11111111111111100111
11111111111111101111
11111111111111101111
00000000000000000001
00000000000000000001
00000000000000000001
00000000000000000001
00000000000000000001
00000000000000000001
00000000000000000001
00000000000000000001
11111111111111111001
00000000000111110000
00000000001011001100
00000000110100000111
00000001000001101111
00000000101110100001
00000000100000111100
00000000100100101011
00000000100001110101
00000000011010101111
00000000001111101010
00000000001010001100
00000000000100101101
11111111110111110010
11111111110011010100
00000000000000001110
11111111111111100111
00000000000000010100
11111111111111111111
11111111111111101011
00000000000000000001
00000000000000000001
00000000000000000001
00000000000000000001
00000000000000000001
00000000000000000001
00000000000000000001
00000000000000000001
11111111111011000101
00000000001100100000
00000000101111101110
00000001011110100011
00000001011011011100
00000000111111001011
00000000100110011110
00000000101011111110
00000000101111000100
00000000100100011100
00000000010111011101
00000000000011010011
00000000000011011100
11111111111011001011
11111111100111010111
00000000000001011010
00000000000000010101
11111111111111011110
11111111111111111111
11111111111111101111
00000000000000000001
00000000000000000001
00000000000000000001
00000000000000000001
00000000000000000001
00000000000000000001
00000000000000000001
00000000000000000001
00000000001011101010
00000000100001011110
00000001000100101111
00000001010111011011
00000000110100000110
00000000011001011111
00000000000100000111
00000000101110100010
00000000101011010000
00000000110011000011
00000000101100000111
00000000010101100011
11111111111111100100
11111111110011000001
11111111100110001100
00000000000000110100
11111111111111100010
00000000000000111111
11111111111111010010
11111111111111101111
00000000000000000001
00000000000000000001
00000000000000000001
00000000000000000001
00000000000000000001
00000000000000000001
00000000000000000001
00000000000000000001
00000000001110010011
00000000100110110010
00000001001001010010
00000001010011111000
00000000101000011010
00000000001101110001
11111111111010110110
00000000010110000111
00000000101000010111
00000000110000010101
00000001000011011111
00000000101100010111
11111111111111001010
11111111100010001000
11111111100001001111
00000000000001001011
00000000000001011101
11111111111111111111
11111111111111101011
11111111111111011110
00000000000000000001
00000000000000000001
00000000000000000001
00000000000000000001
00000000000000000001
00000000000000000001
00000000000000000001
00000000000000000001
00000000100000110101
00000000110100001111
00000001001100100001
00000000111000101001
11111111111111001100
11111111100101010101
11111111101010010111
00000000010000001110
00000000110001010000
00000000111011001011
00000000111011111101
00000000011101101000
11111111111100100110
11111111101100101010
11111111101001011110
00000000000001111011
00000000000000001011
00000000000000000011
11111111111110101111
11111111111111100011
00000000000000000001
00000000000000000001
00000000000000000001
00000000000000000001
00000000000000000001
00000000000000000001
00000000000000000001
00000000000000000001
00000000100001000100
00000000110011111100
00000001001101001010
00000000110011010001
00000000000000110001
11111111101100100101
11111111100111111111
11111111110111111100
00000000001110100110
00000000100101001011
00000000111000011110
00000000100100011000
00000000000000101001
11111111110010100010
11111111101010110111
00000000000010110011
00000000000001000001
11111111111111100100
11111111111111110011
11111111111111001011
00000000000000000001
00000000000000000001
00000000000000000001
00000000000000000001
00000000000000000001
00000000000000000001
00000000000000000001
00000000000000000001
00000000100000001000
00000000111000010100
00000001001111010111
00000000111000011111
00000000000011011000
11111111110101010111
11111111110101111100
11111111110111100011
00000000100111011011
00000000110111011011
00000001000101100000
00000000100100010010
00000000000011011000
11111111101100111110
11111111100010001111
00000000000001001110
00000000000000011101
11111111111111010111
11111111111111000010
11111111111111110010
00000000000000000001
00000000000000000001
00000000000000000001
00000000000000000001
00000000000000000001
00000000000000000001
00000000000000000001
00000000000000000001
00000000100110001011
00000000110110010111
00000001001010000111
00000000111010011111
00000000010110101101
00000000001101010111
00000000001111101110
00000000011000011000
00000000011100100101
00000000100100011000
00000000100110101011
00000000010111001110
00000000001111010001
11111111111011011011
11111111100110110110
00000000000010001110
00000000000000000101
11111111111111101101
11111111111111100001
11111111111111010101
00000000000000000001
00000000000000000001
00000000000000000001
00000000000000000001
00000000000000000001
00000000000000000001
00000000000000000001
00000000000000000001
00000000010100001100
00000000111000010000
00000000111101011011
00000001000000101111
00000000110101000111
00000000100011110101
00000000010011110001
00000000011100000011
00000000110111001011
00000000111111010110
00000001000000000001
00000000100001011101
00000000000010100010
11111111101010010101
11111111011110111011
00000000000000101100
00000000000000000011
11111111111111110010
11111111111111101010
11111111111111110100
00000000000000000001
00000000000000000001
00000000000000000001
00000000000000000001
00000000000000000001
00000000000000000001
00000000000000000001
00000000000000000001
00000000010010011101
00000000100010010110
00000000111100111111
00000000111011100010
00000000111101000100
00000000111101111010
00000000110000110111
00000000110001010000
00000000101100000001
00000000101011000001
00000000110001010010
00000000100010111110
00000000000010110011
11111111101010000100
11111111011110100011
00000000000000000001
00000000000000000011
00000000000000101010
11111111111111011100
11111111111111111000
00000000000000000001
00000000000000000001
00000000000000000001
00000000000000000001
00000000000000000001
00000000000000000001
00000000000000000001
00000000000000000001
00000000000000011110
00000000010010011000
00000000100011111011
00000000101101101011
00000000100111110010
00000000011101010011
00000000011011111000
00000000011101101101
00000000101000010011
00000000101001001000
00000000111010000100
00000000101110110010
00000000000010101010
11111111101011000001
11111111011110010011
11111111111111100010
00000000000001010100
11111111111111111111
11111111111111010011
11111111111111110101
00000000000000000001
00000000000000000001
00000000000000000001
00000000000000000001
00000000000000000001
00000000000000000001
00000000000000000001
00000000000000000001
00000000000000001001
00000000000000111110
00000000010011000001
00000000100001010001
00000000100100011101
00000000011010000001
00000000010011100010
00000000010010011010
00000000100000101101
00000000100111110101
00000000111100110000
00000000110000001111
00000000000011000001
11111111101010111001
11111111011110111001
00000000000000100100
00000000000000101110
11111111111111110101
11111111111111001111
11111111111111111100
00000000000000000001
00000000000000000001
00000000000000000001
00000000000000000001
00000000000000000001
00000000000000000001
00000000000000000001
00000000000000000001
00000000000000010010
00000000000001011100
00000000000010111001
00000000000010101110
00000000000000101101
11111111111111100100
00000000000000101010
00000000000001101001
00000000100000110110
00000000110100111111
00000001001101001110
00000000111010010010
00000000000010111001
11111111101011000011
11111111011110100001
11111111111111110001
00000000000000100111
11111111111111011100
11111111111111100010
00000000000000000000
00000000000000000001
00000000000000000001
00000000000000000001
00000000000000000001
00000000000000000001
00000000000000000001
00000000000000000001
00000000000000000001
00000000000000110011
00000000000001010100
00000000000001011100
00000000000000110011
11111111111111101100
00000000000000110110
11111111111111110110
00000000000000011110
00000000100001010000
00000000110011110100
00000001001101101000
00000000110111100001
11111111111111111001
11111111100111110100
11111111101000101011
11111111111100101111
00000000000010001011
11111111111111010111
11111111111111000001
11111111111111111100
00000000000000000001
00000000000000000001
00000000000000000001
00000000000000000001
00000000000000000001
00000000000000000001
00000000000000000001
00000000000000000001
00000000000000011110
00000000000001010011
00000000000001011011
00000000000001001010
00000000000010011100
00000000000001001101
11111111111111111100
00000000000001000101
00000000100001101111
00000000110100100011
00000001001100111101
00000000110110100000
00000000000001011100
11111111110001101101
11111111101111100001
11111111110101010001
00000000000000001000
11111111111110011010
11111111111111110000
11111111111111111011
00000000000000000001
00000000000000000001
00000000000000000001
00000000000000000001
00000000000000000001
00000000000000000001
00000000000000000001
00000000000000000001
00000000000000111100
00000000000000100001
00000000000001010010
00000000000000100000
00000000000000010111
00000000000000000100
00000000000000001101
00000000000001000001
00000000100000001100
00000000110101000111
00000001001101100100
00000001000001011001
00000000000100111101
11111111111100011011
11111111110011000101
11111111101010100010
00000000000000100111
11111111111110010000
11111111111111111000
11111111111111110111
00000000000000000001
00000000000000000001
00000000000000000001
00000000000000000001
00000000000000000001
00000000000000000001
00000000000000000001
00000000000000000001
00000000000000011000
00000000000001000000
00000000000001001101
00000000000001001001
00000000000001001110
11111111111111110110
00000000000000111010
00000000000000101100
00000000100001000110
00000000110110110100
00000001010000111001
00000000111101111111
00000000001101011010
11111111111111100101
11111111110011000110
11111111100101101010
00000000000000010101
11111111111111101000
11111111111111101111
11111111111111101111
00000000000000000001
00000000000000000001
00000000000000000001
00000000000000000001
00000000000000000001
00000000000000000001
00000000000000000001
00000000000000000001
00000000000000000001
00000000000000001000
00000000000001000110
00000000000000101110
00000000000000001111
11111111111111101110
11111111111111111111
00000000000000101110
00000000100100100001
00000000110110011101
00000001001001101000
00000001001110101010
00000000011111111101
00000000000001000000
11111111100100101001
11111111100011110001
11111111111110001001
11111111111111001000
11111111111111110100
11111111111111111010
00000000000000000001
00000000000000000001
00000000000000000001
00000000000000000001
00000000000000000001
00000000000000000001
00000000000000000001
00000000000000000001
00000000000000000001
00000000000000110100
00000000000000100100
00000000000000001110
00000000000000000101
11111111111111111111
00000000000000001000
11111111111111110101
00000000010101101110
00000000110111000010
00000001000011100111
00000001000011011110
00000000011000010110
11111111111000011011
11111111100101000111
11111111101011101000
00000000000000001110
11111111111111101001
11111111111111010111
11111111111111111001
00000000000000000001
00000000000000000001
00000000000000000001
00000000000000000001
00000000000000000001
00000000000000000001
00000000000000000001
00000000000000000001
00000000000000000001
00000000000000000001
00000000000000000001
00000000000000000001
00000000000000000001
00000000000000000001
00000000000000000001
00000000000000000001
00000000010001011011
00000000100001100001
00000000101100000110
00000000101000010111
00000000001011110110
11111111110101001011
11111111101111011000
11111111110111000101
11111111111110101011
00000000000000001011
11111111111111010010
11111111111111111110
00000000000000000001
00000000000000000001
00000000000000000001
00000000000000000001
00000000000000000001
00000000000000000001
00000000000000000001
00000000000000000001
00000000000000000001
00000000000000000001
00000000000000000001
00000000000000000001
00000000000000000001
00000000000000000001
00000000000000000001
00000000000000000001
00000000000000111110
00000000010010101100
00000000011111010001
00000000100011101010
00000000001010011101
11111111110101011010
11111111110000101011
11111111111000110001
11111111111110101010
11111111111111100010
11111111111111111100
00000000000000000001
00000000000000000001
00000000000000000001
00000000000110101111
00000000000110101111
00000000000110101111
00000000000110101111
00000000000110101111
00000000000110101111
00000000000110110001
00000000000101101101
00000000000111001110
00000000000101111001
00000000000101100101
00000000000111001011
00000000000111010010
00000000000101110001
00000000000110111101
00000000000101010110
00000000000111001001
00000000000110010100
00000000000111000000
00000000000111001110
00000000000110010000
00000000000111001001
00000000000110101101
00000000000110101000
00000000000110101110
00000000000111001110
00000000000110101111
00000000000110101111
00000000000110101111
00000000000110101111
00000000000110101111
00000000000110101111
00000000000110101111
00000000000110101111
00000000000110000010
00000000000111010110
00000000000101000011
00000000000110000101
00000000000110101011
00000000000110100100
00000000000101001100
00000000000110010010
00000000000111000000
00000000000111011111
00000000000111000001
00000000000101101110
00000000000110000101
00000000000101110110
00000000000111010001
00000000000100101000
00000000000111100110
00000000000111001100
00000000000110110000
00000000000111011011
00000000000110101111
00000000000110101111
00000000000110101111
00000000000110101111
00000000000110101111
00000000000110101111
00000000000110101111
00000000000110101111
00000000000110111000
00000000000100000010
00000000000111010010
00000000000101011110
00000000000101111101
00000000000111001000
00000000000111001011
00000000000110011111
00000000000110010000
00000000000100010100
00000000000110101000
00000000000101111100
00000000000111110000
00000000000110110100
00000000000101010001
00000000000110101101
00000000000110110000
00000000000111000111
00000000000110101100
00000000000111100111
00000000000110101111
00000000000110101111
00000000000110101111
00000000000110101111
00000000000110101111
00000000000110101111
00000000000110101111
00000000000110101111
00000000000101101110
00000000000111011111
00000000000100000101
00000000000101101011
00000000000110110001
00000000000111011001
00000000000100000001
00000000000110111100
00000000000110000010
00000000001000111110
00000000000111010101
00000000000111100101
00000000000101101111
00000000000101011111
00000000001000000001
00000000000100110110
00000000000111101110
00000000000111000111
00000000000111101111
00000000000111010101
00000000000110101111
00000000000110101111
00000000000110101111
00000000000110101111
00000000000110101111
00000000000110101111
00000000000110101111
00000000000110101111
00000000000110110000
00000000000100010101
11111111111111001011
00000000000011011111
00000000000101111010
11111111111011100000
00000000001001010111
00000000001010011110
00000000000111110000
00000000001101101111
00000000001001100111
00000000000110111111
00000000010011110101
00000000000100100101
00000000000111010000
00000000000110010000
00000000000111100011
00000000000110110110
00000000000110110101
00000000000110111111
00000000000110101111
00000000000110101111
00000000000110101111
00000000000110101111
00000000000110101111
00000000000110101111
00000000000110101111
00000000000110101111
00000000000101110111
11111111111111001000
00000000000100011101
11111111111010101111
11111111101110110101
11111111110010101100
11111111111011110101
11111111111010110101
11111111111011110010
11111111111100010011
00000000001111000100
00000000001110001000
00000000010010001100
00000000010010001011
00000000001000001110
00000000000110110100
00000000000111100011
00000000000111010101
00000000000111011101
00000000000111001110
00000000000110101111
00000000000110101111
00000000000110101111
00000000000110101111
00000000000110101111
00000000000110101111
00000000000110101111
00000000000110101111
00000000000110011010
11111111111111101110
11111111101110011110
11111111110100010101
11111111100011001110
11111111111011111100
11111111111101010010
00000000000000001111
11111111111110101011
00000000001001100000
00000000000001010000
00000000010010001010
00000000001110111100
00000000010010100000
00000000010001111101
00000000000110001110
00000000000111011010
00000000000111101010
00000000000110111000
00000000000111001011
00000000000110101111
00000000000110101111
00000000000110101111
00000000000110101111
00000000000110101111
00000000000110101111
00000000000110101111
00000000000110101111
11111111111111011001
11111111111010000000
11111111111010111010
11111111101011101000
11111111100101111001
11111111101101100010
11111111111010000001
11111111100101000101
11111111101001100000
11111111101001011000
11111111110010100111
00000000001000111001
00000000001111100011
00000000001101101110
00000000011111000110
00000000000111001011
00000000000110110011
00000000000111001111
00000000000111001001
00000000000110111110
00000000000110101111
00000000000110101111
00000000000110101111
00000000000110101111
00000000000110101111
00000000000110101111
00000000000110101111
00000000000110101111
00000000000000000000
11111111110010110011
11111111100000011100
11111111001010101100
11111111110010010101
00000000000011001101
00000000011010100010
00000000000110111101
11111111110011010010
11111111111111111101
11111111111001000001
00000000001011010011
00000000010101100100
00000000010010101010
00000000011110110010
00000000000101110000
00000000000111000111
00000000000111001000
00000000000110111101
00000000000111000010
00000000000110101111
00000000000110101111
00000000000110101111
00000000000110101111
00000000000110101111
00000000000110101111
00000000000110101111
00000000000110101111
11111111110101011110
11111111101011100011
11111111100001110111
11111111100001001000
00000000000011011011
00000000001011101111
00000000011010010100
11111111110110111010
11111111111000010010
11111111110010011100
00000000000010000110
00000000000001001100
00000000010110100000
00000000010100111110
00000000100001100011
00000000000111001110
00000000000111101000
00000000000101111001
00000000000111110110
00000000000111000100
00000000000110101111
00000000000110101111
00000000000110101111
00000000000110101111
00000000000110101111
00000000000110101111
00000000000110101111
00000000000110101111
11111111111001000000
11111111100011011000
11111111010101111011
11111111011010101111
00000000001100001100
00000000011011000101
00000000101011111000
00000000010110000110
00000000000100011001
11111111110101011010
11111111101111011111
00000000000000000111
00000000011100100110
00000000011110100101
00000000011011010010
00000000000011111101
00000000000110010101
00000000000111011101
00000000000111101001
00000000000111011110
00000000000110101111
00000000000110101111
00000000000110101111
00000000000110101111
00000000000110101111
00000000000110101111
00000000000110101111
00000000000110101111
11111111101100010011
11111111100000000001
11111111100000100100
11111111101100111010
00000000100011110101
00000000100100011011
00000000011101100001
00000000000100101110
11111111101000101101
11111111110011010100
11111111111010101000
00000000010010001010
00000000100001010000
00000000011111110111
00000000011001111001
00000000000111111000
00000000000111000100
00000000001000000001
00000000000110111000
00000000000111010111
00000000000110101111
00000000000110101111
00000000000110101111
00000000000110101111
00000000000110101111
00000000000110101111
00000000000110101111
00000000000110101111
11111111101011110100
11111111100000111000
11111111011111100110
11111111101111100010
00000000010011011110
00000000011101000100
00000000010001111100
00000000010010010010
00000000000001100111
11111111101001010000
11111111100100010101
11111111110101001110
00000000011010001001
00000000011011100011
00000000100110001000
00000000000100100001
00000000000110110101
00000000000110100100
00000000000111101101
00000000000111000100
00000000000110101111
00000000000110101111
00000000000110101111
00000000000110101111
00000000000110101111
00000000000110101111
00000000000110101111
00000000000110101111
11111111110011111010
11111111011011001111
11111111011110001000
11111111101100100111
00000000001100011000
00000000010100000010
00000000001001101111
11111111111111101101
11111111100100110000
11111111101000100101
11111111110011000111
00000000100001110111
00000000101011001101
00000000100010110110
00000000100011100110
00000000000110101010
00000000000110111001
00000000001000001001
00000000000110111101
00000000000111001100
00000000000110101111
00000000000110101111
00000000000110101111
00000000000110101111
00000000000110101111
00000000000110101111
00000000000110101111
00000000000110101111
11111111110010000010
11111111101110010001
11111111011101011000
11111111110111100000
11111111111010000111
11111111111011101010
00000000000010010111
00000000000001110010
00000000000010010010
11111111111000101011
11111111101111100111
11111111111001100010
00000000000101011111
00000000001110000011
00000000100000100001
00000000000110001110
00000000000111100010
00000000000111110110
00000000000111100110
00000000000111001110
00000000000110101111
00000000000110101111
00000000000110101111
00000000000110101111
00000000000110101111
00000000000110101111
00000000000110101111
00000000000110101111
11111111111101101100
11111111100111001001
11111111101100010010
11111111101101100100
00000000000001010111
11111111111011010011
00000000000000101110
11111111110010101011
11111111011001000001
11111111011010011111
11111111100110110101
00000000000100010100
00000000100000100111
00000000100001100100
00000000100110110011
00000000000111010111
00000000000111100001
00000000000110110000
00000000000111010010
00000000000110110011
00000000000110101111
00000000000110101111
00000000000110101111
00000000000110101111
00000000000110101111
00000000000110101111
00000000000110101111
00000000000110101111
11111111111001101000
11111111111001100010
11111111110000110010
11111111111000000000
11111111111100011111
00000000000100001000
00000000000110011011
00000000000100111100
11111111111110101101
11111111110111101100
11111111110101110111
11111111111101101010
00000000100000110111
00000000100001000011
00000000100110010100
00000000000110111010
00000000000110110000
00000000000110010110
00000000000111100100
00000000000110111100
00000000000110101111
00000000000110101111
00000000000110101111
00000000000110101111
00000000000110101111
00000000000110101111
00000000000110101111
00000000000110101111
00000000000110011100
11111111111001100011
11111111111000110110
11111111111011000011
11111111111110000000
00000000000001101111
00000000000001101110
00000000000001101001
11111111110010011000
11111111110001100000
11111111110001100001
11111111111100100111
00000000100010001111
00000000100000100111
00000000100111001111
00000000000111010000
00000000000110001000
00000000000111011111
00000000000111011110
00000000000110111010
00000000000110101111
00000000000110101111
00000000000110101111
00000000000110101111
00000000000110101111
00000000000110101111
00000000000110101111
00000000000110101111
00000000000110011100
00000000000101111111
11111111111001101100
11111111110101101000
11111111111111000100
00000000001101011110
00000000010010111101
00000000010010111100
00000000000100100000
11111111111011111001
11111111110001010110
11111111111010100011
00000000011111100011
00000000100000101010
00000000100101011000
00000000000111100010
00000000000110100100
00000000000111101000
00000000000111010000
00000000000110110000
00000000000110101111
00000000000110101111
00000000000110101111
00000000000110101111
00000000000110101111
00000000000110101111
00000000000110101111
00000000000110101111
00000000000110010011
00000000000101110011
00000000000101000001
00000000000101100100
00000000001000010110
00000000000111111001
00000000000111001001
00000000000110000001
11111111101100111100
11111111100000111000
11111111100000110000
11111111110010111010
00000000100010010111
00000000100001100100
00000000100111110100
00000000000111110110
00000000000110111000
00000000000110010011
00000000000111100001
00000000000110110100
00000000000110101111
00000000000110101111
00000000000110101111
00000000000110101111
00000000000110101111
00000000000110101111
00000000000110101111
00000000000110101111
00000000000110001100
00000000000110010100
00000000000101111100
00000000000110100011
00000000000111000011
00000000000101001111
00000000000110110111
00000000000110000010
11111111101011101101
11111111011111111101
11111111011111011001
11111111101110101010
00000000100010100001
00000000100001110100
00000000011100111000
00000000010001100101
00000000000101101111
00000000001001000111
00000000000111011110
00000000000110110101
00000000000110101111
00000000000110101111
00000000000110101111
00000000000110101111
00000000000110101111
00000000000110101111
00000000000110101111
00000000000110101111
00000000000110101100
00000000000101011101
00000000000101111001
00000000000110011100
00000000000101111100
00000000000111011111
00000000000111111111
00000000000110111001
11111111101100001111
11111111100001100001
11111111011111101101
11111111101101001010
00000000011100011011
00000000011111111100
00000000010101000000
00000000011100111110
00000000000110101001
00000000001000101101
00000000000110110011
00000000000110111100
00000000000110101111
00000000000110101111
00000000000110101111
00000000000110101111
00000000000110101111
00000000000110101111
00000000000110101111
00000000000110101111
00000000000110001100
00000000000110011111
00000000000110001011
00000000000110111101
00000000000110011001
00000000000110110110
00000000000110011000
00000000000101100111
11111111101100111011
11111111011111011000
11111111100000000000
11111111100101100111
00000000011101111110
00000000011111000111
00000000011000010011
00000000011111000011
00000000000111100001
00000000000110111101
00000000000110110111
00000000000111000001
00000000000110101111
00000000000110101111
00000000000110101111
00000000000110101111
00000000000110101111
00000000000110101111
00000000000110101111
00000000000110101111
00000000000110011111
00000000000110001101
00000000000110101110
00000000000110100110
00000000000110011110
00000000000111000001
00000000000110110111
00000000000111010000
11111111110011000111
11111111011110000101
11111111011101000111
11111111101111000000
00000000001100111111
00000000011001000000
00000000010100111010
00000000100000011101
00000000000110100110
00000000001000001110
00000000000111000000
00000000000110111000
00000000000110101111
00000000000110101111
00000000000110101111
00000000000110101111
00000000000110101111
00000000000110101111
00000000000110101111
00000000000110101111
00000000000110101111
00000000000110111001
00000000000101110011
00000000000110001011
00000000000111000100
00000000000111001110
00000000000110100101
00000000000110001101
11111111110011101010
11111111101101000101
11111111100101001001
11111111101101110011
00000000000000101110
00000000011010000110
00000000011101100100
00000000011011111011
00000000001001000111
00000000000111011111
00000000000111010110
00000000000110110011
00000000000110101111
00000000000110101111
00000000000110101111
00000000000110101111
00000000000110101111
00000000000110101111
00000000000110101111
00000000000110101111
00000000000110101111
00000000000110001011
00000000000110101000
00000000000111001001
00000000000111000000
00000000000110111011
00000000000110111101
00000000000111000011
11111111111100011111
11111111101000101010
11111111101100000111
11111111110111111110
00000000010110100000
00000000011101110011
00000000011101011011
00000000001110001111
00000000001000011011
00000000000110100011
00000000000111100011
00000000000110110110
00000000000110101111
00000000000110101111
00000000000110101111
00000000000110101111
00000000000110101111
00000000000110101111
00000000000110101111
00000000000110101111
00000000000110101111
00000000000110101111
00000000000110101111
00000000000110101111
00000000000110101111
00000000000110101111
00000000000110101111
00000000000110101111
11111111111010101111
11111111111001101011
11111111111010010111
11111111111101011101
00000000000111110110
00000000010111001010
00000000010111110001
00000000001110101100
00000000000111110111
00000000000111001011
00000000000110111100
00000000000110110010
00000000000110101111
00000000000110101111
00000000000110101111
00000000000110101111
00000000000110101111
00000000000110101111
00000000000110101111
00000000000110101111
00000000000110101111
00000000000110101111
00000000000110101111
00000000000110101111
00000000000110101111
00000000000110101111
00000000000110101111
00000000000110101111
00000000000110000100
11111111111010000100
11111111110111010110
00000000000000001001
00000000011001100011
00000000100001111011
00000000011001001011
00000000001100011001
00000000000111010000
00000000000110110111
00000000000110111000
00000000000110101111
00000000000110101111
00000000000110101111
00000000000000010110
00000000000000010110
00000000000000010110
00000000000000010110
00000000000000010110
00000000000000010110
00000000000000111011
00000000000001100010
00000000000011110010
00000000000101010011
00000000000110011100
00000000000111011011
00000000001000000001
00000000001000001001
00000000001000101001
00000000000110111100
00000000000101010101
00000000000101111110
00000000000101010000
00000000000101100000
00000000000101101111
00000000000101110001
00000000000101001000
00000000000100011110
00000000000011000101
00000000000001001100
00000000000000010110
00000000000000010110
00000000000000010110
00000000000000010110
00000000000000010110
00000000000000010110
00000000000000010110
00000000000000010110
00000000000000111100
00000000000011101111
00000000000111000001
00000000001000111110
00000000001010111101
00000000001001100111
00000000001010000101
00000000001000101001
00000000001010010101
00000000001001010100
00000000001001101111
00000000001000111000
00000000001000001011
00000000000110101011
00000000001000100010
00000000001001100101
00000000000111011001
00000000000110011111
00000000000100010100
00000000000010000000
00000000000000010110
00000000000000010110
00000000000000010110
00000000000000010110
00000000000000010110
00000000000000010110
00000000000000010110
00000000000000010110
00000000000010101100
00000000000100100101
00000000000111100111
00000000001011001100
00000000001100101000
00000000001001010101
00000000001001111010
00000000001000101001
00000000001100100001
00000000001010101000
00000000001010001110
00000000000111100000
00000000001001001111
00000000000111110010
00000000001001001110
00000000001010100001
00000000001000101111
00000000000111011011
00000000000100101101
00000000000010011010
00000000000000010110
00000000000000010110
00000000000000010110
00000000000000010110
00000000000000010110
00000000000000010110
00000000000000010110
00000000000000010110
00000000000010011001
00000000000101110100
00000000000111010001
00000000001001111001
00000000001011100100
00000000001011110100
00000000001010101100
00000000001000010000
00000000001001000000
00000000001000000011
00000000001000111001
00000000000111110000
00000000001010100010
00000000001010000001
00000000001100001111
00000000001011111000
00000000001001010000
00000000000110011001
00000000000100000010
00000000000001111100
00000000000000010110
00000000000000010110
00000000000000010110
00000000000000010110
00000000000000010110
00000000000000010110
00000000000000010110
00000000000000010110
00000000000001101110
00000000000100001110
00000000000101111111
00000000001110011100
00000000100101101101
00000000111111000111
00000001001011000110
00000001001011010101
00000001001100010011
00000001001011010001
00000001001001000010
00000000101110111110
00000000011001111110
00000000001010011100
00000000001010111001
00000000001001111010
00000000001000010110
00000000000101100111
00000000000011010111
00000000000001110101
00000000000000010110
00000000000000010110
00000000000000010110
00000000000000010110
00000000000000010110
00000000000000010110
00000000000000010110
00000000000000010110
00000000000001000000
00000000000010000000
00000000100101100111
00000001011000111111
00000010011100100011
00000011001101000111
00000011011110010001
00000011011101101100
00000011011101011010
00000010111111110101
00000010101100101111
00000001111100000111
00000001000110100100
00000000010101111110
00000000001000111110
00000000000101110011
00000000000101000110
00000000000010111000
00000000000010011010
00000000000001000100
00000000000000010110
00000000000000010110
00000000000000010110
00000000000000010110
00000000000000010110
00000000000000010110
00000000000000010110
00000000000000010110
00000000000001011100
00000000011101101011
00000001011011000110
00000010110101001101
00000100011110101100
00000101011110110011
00000101110101001011
00000101110011111010
00000101110100111111
00000101010100010111
00000100100100100010
00000011011110101101
00000010010100111001
00000001000010111110
00000000010101100010
00000000000100111000
00000000000011111111
00000000000010011001
00000000000001101010
00000000000000111110
00000000000000010110
00000000000000010110
00000000000000010110
00000000000000010110
00000000000000010110
00000000000000010110
00000000000000010110
00000000000000010110
00000000000000010010
00000001000001101101
00000010011011000010
00000100100000000011
00000110000101000101
00000110110001101010
00000110101101000111
00000110011110101010
00000110100011101001
00000110101000011001
00000110001111001100
00000101001101100101
00000011101011100011
00000001110111101011
00000000100110100000
00000000000110001011
00000000000101011110
00000000000011110110
00000000000001111000
00000000000000111011
00000000000000010110
00000000000000010110
00000000000000010110
00000000000000010110
00000000000000010110
00000000000000010110
00000000000000010110
00000000000000010110
00000000011101001011
00000001101100000000
00000011010010100010
00000100110110111001
00000101101110110100
00000101011100000010
00000100100010100101
00000100100000111001
00000100111000111100
00000101101110110000
00000110010110101011
00000101111000100101
00000100110011101101
00000010101010010000
00000000111101000100
00000000000110111010
00000000000101111001
00000000000100010110
00000000000010010010
00000000000001001100
00000000000000010110
00000000000000010110
00000000000000010110
00000000000000010110
00000000000000010110
00000000000000010110
00000000000000010110
00000000000000010110
00000000111110000010
00000001111100011100
00000011111101010010
00000100101111111111
00000101010010000011
00000011111000010101
00000010100011010110
00000010001101110011
00000011000000111100
00000100001001010000
00000101101111000101
00000101110010011101
00000101010100011111
00000011000101001010
00000001010000111100
00000000000111110110
00000000001000011001
00000000000110011011
00000000000011011111
00000000000001000011
00000000000000010110
00000000000000010110
00000000000000010110
00000000000000010110
00000000000000010110
00000000000000010110
00000000000000010110
00000000000000010110
00000001010001001100
00000010001111111011
00000100010111110110
00000100110111100101
00000101000001111101
00000010111000111010
00000001001001000100
00000000010001001001
00000001100001000010
00000010101010110000
00000100011011111010
00000100100100000111
00000100010000110110
00000010100010101100
00000001000111001000
00000000001010001001
00000000001011011001
00000000001000100100
00000000000100110101
00000000000001100000
00000000000000010110
00000000000000010110
00000000000000010110
00000000000000010110
00000000000000010110
00000000000000010110
00000000000000010110
00000000000000010110
00000001001011001100
00000010001101000100
00000100010001011110
00000101000001001111
00000101001111000101
00000011011110100000
00000001101011110110
00000000001111101001
00000000101111010110
00000001010111000000
00000010111100001000
00000011100010100101
00000011101111111110
00000010010110000110
00000001000001100100
00000000001011001110
00000000001011110110
00000000001000110000
00000000000101000110
00000000000001101110
00000000000000010110
00000000000000010110
00000000000000010110
00000000000000010110
00000000000000010110
00000000000000010110
00000000000000010110
00000000000000010110
00000001001001100100
00000010001100101001
00000100010000001100
00000101011101010111
00000101100110111000
00000100001100101110
00000010100110100011
00000001011100100101
00000001110001011111
00000010011001001110
00000011011000110001
00000011110000000001
00000011101110000101
00000010010111100100
00000000111110110000
00000000001011010101
00000000001010001100
00000000001000011100
00000000000100110101
00000000000001101010
00000000000000010110
00000000000000010110
00000000000000010110
00000000000000010110
00000000000000010110
00000000000000010110
00000000000000010110
00000000000000010110
00000001001010001100
00000010001000111010
00000011111001010011
00000101100101000110
00000110001110000100
00000101101110001010
00000100100011010111
00000011110000011111
00000011110100011011
00000100001000011010
00000100101111100000
00000100011100000001
00000100000011111011
00000010011011100011
00000000111100111100
00000000000111001011
00000000000110111101
00000000000110100011
00000000000011011001
00000000000001110010
00000000000000010110
00000000000000010110
00000000000000010110
00000000000000010110
00000000000000010110
00000000000000010110
00000000000000010110
00000000000000010110
00000000101101010110
00000001110001011010
00000011001011000011
00000100111111010010
00000110010011000110
00000110110100000010
00000110100000011010
00000110000101011100
00000110000100011101
00000110010110011011
00000110110011000010
00000101111100111001
00000101001011101101
00000011000000101010
00000001001101111011
00000000000100011010
00000000000101000011
00000000000011011110
00000000000010011011
00000000000000111110
00000000000000010110
00000000000000010110
00000000000000010110
00000000000000010110
00000000000000010110
00000000000000010110
00000000000000010110
00000000000000010110
00000000001110000001
00000000111111000010
00000010001010011011
00000011110000000100
00000101010100011100
00000110001110011010
00000110100100011111
00000110011110110100
00000110010110100110
00000110011000010000
00000110101010011001
00000101111110001010
00000101001100000111
00000011001000100011
00000001010000000110
00000000000101001010
00000000000011110010
00000000000011011101
00000000000001110111
00000000000000111010
00000000000000010110
00000000000000010110
00000000000000010110
00000000000000010110
00000000000000010110
00000000000000010110
00000000000000010110
00000000000000010110
11111111111011010000
00000000001011100111
00000000111101000011
00000001110110010001
00000010111111010111
00000011101111000110
00000100000011100111
00000100000001010101
00000100011110100000
00000100111011001001
00000101111101000000
00000101101110000010
00000101001100110111
00000011001000111011
00000001010001000011
00000000000100100011
00000000000100101110
00000000000011111001
00000000000010010110
00000000000000110001
00000000000000010110
00000000000000010110
00000000000000010110
00000000000000010110
00000000000000010110
00000000000000010110
00000000000000010110
00000000000000010110
00000000000001010110
11111111111101000011
00000000010000100100
00000000011110111010
00000001000010101000
00000001011011010100
00000001101111000101
00000001101011101001
00000010101000110000
00000011011010001111
00000101001010010010
00000101011001010010
00000101001101100111
00000011001001101011
00000001010010110111
00000000000110100111
00000000000110010001
00000000000100001001
00000000000010010001
00000000000000100001
00000000000000010110
00000000000000010110
00000000000000010110
00000000000000010110
00000000000000010110
00000000000000010110
00000000000000010110
00000000000000010110
00000000000000111110
00000000000100001101
00000000000000110111
00000000000000110101
11111111111100000111
11111111111111000001
11111111111111101111
11111111111110110110
00000001001101111011
00000010010010010010
00000100011110111000
00000101001000001011
00000101001111011100
00000011001100001000
00000001010100001000
00000000000111110001
00000000000110010010
00000000000100101010
00000000000010010010
00000000000000100001
00000000000000010110
00000000000000010110
00000000000000010110
00000000000000010110
00000000000000010110
00000000000000010110
00000000000000010110
00000000000000010110
00000000000001101001
00000000000100001101
00000000000100010111
00000000000111101111
00000000001000000000
00000000000111101110
00000000000101111110
00000000000110100011
00000001010000010100
00000010010001100010
00000100010111100111
00000101000110000011
00000101001110100111
00000011001101100001
00000001010101101101
00000000001000110100
00000000000110000111
00000000000101001010
00000000000010100000
00000000000000100011
00000000000000010110
00000000000000010110
00000000000000010110
00000000000000010110
00000000000000010110
00000000000000010110
00000000000000010110
00000000000000010110
00000000000010011100
00000000000010100100
00000000000101011111
00000000000101110100
00000000001000101100
00000000000111100101
00000000000111001100
00000000000110101111
00000001010001001010
00000010010010010111
00000100011000000111
00000101001000110101
00000101010101010010
00000011100100010101
00000001101101111101
00000000010111110100
00000000001000110110
00000000000101111000
00000000000001101101
00000000000000011011
00000000000000010110
00000000000000010110
00000000000000010110
00000000000000010110
00000000000000010110
00000000000000010110
00000000000000010110
00000000000000010110
00000000000001111001
00000000000001010111
00000000000101011001
00000000000100110110
00000000000111010011
00000000000100111110
00000000000101101011
00000000000100110000
00000001001110011101
00000010001111110110
00000100010101110101
00000101011111010110
00000101101001001010
00000100001101110110
00000010001110111111
00000000101010011011
00000000001000110000
00000000000101100101
00000000000010001000
00000000000000101001
00000000000000010110
00000000000000010110
00000000000000010110
00000000000000010110
00000000000000010110
00000000000000010110
00000000000000010110
00000000000000010110
00000000000000011100
00000000000001110101
00000000000100000000
00000000000100110111
00000000000110101000
00000000000101010000
00000000000101011000
00000000000100011010
00000001001101110111
00000010001111000000
00000100010011001000
00000101111101000000
00000101111110010001
00000100111001101011
00000010101100110101
00000001000001000100
00000000000111101011
00000000000101110000
00000000000010000010
00000000000000110101
00000000000000010110
00000000000000010110
00000000000000010110
00000000000000010110
00000000000000010110
00000000000000010110
00000000000000010110
00000000000000010110
00000000000000001110
00000000000001101100
00000000000001110010
00000000000011000100
00000000000011010100
00000000000010111111
00000000000010001001
00000000000001101111
00000001001010100000
00000010001000010111
00000011111010011011
00000101110100001011
00000110000001000111
00000101010010000011
00000011000100101001
00000001010001011011
00000000000111100101
00000000000101011101
00000000000001011010
00000000000000110110
00000000000000010110
00000000000000010110
00000000000000010110
00000000000000010110
00000000000000010110
00000000000000010110
00000000000000010110
00000000000000010110
00000000000000010110
00000000000001001011
00000000000000111010
00000000000001011011
00000000000001101100
00000000000001110111
00000000000001000000
00000000000000101111
00000000101110001000
00000001101111101000
00000011001011110111
00000100110101001111
00000100111000000011
00000100001110111101
00000010100010111111
00000001000100011100
00000000000111000001
00000000000100000101
00000000000001111101
00000000000000110100
00000000000000010110
00000000000000010110
00000000000000010110
00000000000000010110
00000000000000010110
00000000000000010110
00000000000000010110
00000000000000010110
00000000000000010110
00000000000000000101
00000000000000001100
00000000000000000110
00000000000000011011
00000000000000010101
00000000000000001101
00000000000000011101
00000000001110000011
00000000111100111010
00000001101011010110
00000010110111011011
00000011000000110100
00000010110001111001
00000001110010011101
00000000110100011110
00000000000111101101
00000000000011100100
00000000000001101110
00000000000000100001
00000000000000010110
00000000000000010110
00000000000000010110
00000000000000010110
00000000000000010110
00000000000000010110
00000000000000010110
00000000000000010110
00000000000000010110
00000000000000010110
00000000000000010110
00000000000000010110
00000000000000010110
00000000000000010110
00000000000000010110
00000000000000010110
11111111111011110110
00000000001100010001
00000000011010100110
00000000111011110011
00000001001110001110
00000001010000100101
00000000111110000101
00000000011101000000
00000000000111001000
00000000000010111110
00000000000001100000
00000000000000010110
00000000000000010110
00000000000000010110
00000000000000010110
00000000000000010110
00000000000000010110
00000000000000010110
00000000000000010110
00000000000000010110
00000000000000010110
00000000000000010110
00000000000000010110
00000000000000010110
00000000000000010110
00000000000000010110
00000000000000010110
00000000000000010110
00000000000000000010
11111111111100010111
11111111111000111011
11111111110100111101
00000000000010101001
00000000000101110001
00000000001101011010
00000000000110101000
00000000000101000101
00000000000001110001
00000000000001010110
00000000000000010110
00000000000000010110
00000000000000010110
