00000000000010110110
00000000000010110110
00000000000010110110
00000000000010101111
00000000000011100110
00000000000010111101
00000000000001000010
00000000000001000111
00000000000001001100
00000000000001000111
00000000000001001001
00000000000010010101
00000000000010100110
00000000000010110110
00000000000010110110
00000000000010110110
00000000000010110110
00000000000011110100
00000000000010110011
00000000000000000000
00000000000000000000
00000000000000000000
00000000000000000000
00000000000000000000
00000000000000000000
00000000000001011011
00000000000010101111
00000000000010110110
00000000000010110110
00000000000010110110
00000000000010110110
00000000000100110101
00000000000001000100
00000000000110000010
00000000011000010001
00000000011110110110
00000000100000110000
00000000010101000100
00000000000101000001
00000000000000000000
00000000000010110101
00000000000010110110
00000000000010110110
00000000000010110110
00000000000010110110
00000000001001011100
00000000011000000111
00000000110111001110
00000001000011011101
00000001001111011111
00000001001101010111
00000000111101100101
00000000010101001001
00000000000001110100
00000000000011001111
00000000000010110110
00000000000010110110
00000000000010110110
00000000000010110110
00000000001000011110
00000000011000111111
00000000110101001101
00000000101010100111
00000000011101001001
00000000010111111011
00000000101000111011
00000000100111111100
00000000010101001001
00000000000010110000
00000000000010110110
00000000000010110110
00000000000010110110
00000000000010110110
00000000000111011110
00000000010111110000
00000000011111001010
00000000001001110101
00000000000010100110
00000000000001110110
00000000010000000101
00000000100011011011
00000000001110000011
00000000000010110010
00000000000010110110
00000000000010110110
00000000000010110110
00000000000010110110
00000000000011010001
00000000000100000101
00000000000101100001
00000000000010010011
00000000000000000000
00000000001011000001
00000000101011011110
00000000100111000000
00000000001100011011
00000000000011001001
00000000000010110110
00000000000010100110
00000000000010100010
00000000000010110001
00000000000011111010
00000000000100001100
00000000000001101010
00000000000000000000
00000000001100000000
00000000110010100010
00000001000000000010
00000000101000001011
00000000001000101010
00000000000011010000
00000000000010110110
00000000000010100111
00000000000010010010
00000000000100011110
00000000000001111010
00000000000000000000
00000000000000000000
00000000001101000011
00000000101110100011
00000000101100000011
00000000010110111000
00000000000010001011
00000000000000000000
00000000000010000000
00000000000010110110
00000000000011100101
00000000000011110011
00000000000010010011
00000000000000000000
00000000000001111011
00000000010110100000
00000000101011101011
00000000100001101111
00000000000101110101
00000000000000000000
00000000000000000000
00000000000000000000
00000000000001010010
00000000000010110110
00000000000011011010
00000000000100101101
00000000000110010100
00000000010010101001
00000000100111100001
00000000110100110000
00000000110111101011
00000000111101100000
00000001000010010001
00000001000010011101
00000000110110111000
00000000100001011011
00000000000110001001
00000000000010110110
00000000000011111111
00000000001001011111
00000000011110111110
00000001000100100100
00000001001101000001
00000001001011110100
00000001001110101000
00000001001110010000
00000001001110101110
00000001001111010111
00000001001010010101
00000000110001111100
00000000001100011000
00000000000010110110
00000000000011011011
00000000000110000101
00000000010011100010
00000000100100100010
00000000101001000100
00000000100111001000
00000000011010001100
00000000001000011110
00000000000011111101
00000000000011100101
00000000000100010010
00000000000100010011
00000000000011001100
00000000000010110110
00000000000010110110
00000000000010110110
00000000000010110110
00000000000010110110
00000000000010110110
00000000000010110110
00000000000010110110
00000000000010110110
00000000000010110110
00000000000010110110
00000000000010110110
00000000000010110110
00000000000010110110
00000000000010110110
00000000000010101010
00000000000010101010
00000000000010101010
00000000000110011100
00000000001100100000
00000000010111010100
00000000011101011111
00000000011100111010
00000000011100101100
00000000010011100111
00000000000111101110
00000000000100011111
00000000000011001000
00000000000010101010
00000000000010101010
00000000000010101010
00000000000010101010
00000000010011110001
00000001010101011011
00000010101111001011
00000011011001110111
00000011011110011000
00000011011110000110
00000010101001011111
00000000111101000111
00000000000110111000
00000000000011000101
00000000000010101010
00000000000010101010
00000000000010101010
00000000000010101010
00000000101111011010
00000011011111101010
00000101011011000111
00000101100000101010
00000101000011001110
00000101011001110111
00000101000101100111
00000010001101101110
00000000010110011010
00000000000011001001
00000000000010101010
00000000000010101010
00000000000010101010
00000000000010101010
00000000111001100100
00000011110101110110
00000100000010110110
00000010101111101000
00000001111111000100
00000011101110000001
00000101100100010100
00000011010011100101
00000000100110100001
00000000000011001000
00000000000010101010
00000000000010101010
00000000000010101010
00000000000010101010
00000000101110000111
00000010010110000110
00000001010111111100
00000000010110001010
00000000100000101111
00000011001011011101
00000101011100111000
00000010111000111010
00000000010001111111
00000000000011001010
00000000000010101010
00000000000010101010
00000000000010101010
00000000000010101010
00000000010010011011
00000000100111111000
00000000010000100110
00000000010111100110
00000010000100111010
00000100110111011011
00000101011000110001
00000010000110000100
00000000001011010111
00000000000011011110
00000000000010101010
00000000000010101010
00000000000010101010
00000000000010101010
00000000000101101010
00000000001000001101
00000000011011110011
00000010000100110111
00000100110000010000
00000101111011011100
00000100001010110101
00000001001100010001
00000000000100110000
00000000000011001100
00000000000010101010
00000000000100010000
00000000000011100010
00000000000011010010
00000000001000100010
00000000011111100010
00000010000110001100
00000100110001110001
00000101101000100000
00000100000100111111
00000001100100111000
00000000001100010000
00000000000100000000
00000000000010100001
00000000000010101010
00000000000111010100
00000000000110001001
00000000010000100110
00000001000011011100
00000010110011010011
00000100111110111101
00000110001100001010
00000100111011101001
00000010101101110011
00000001100111100101
00000001000110111111
00000000010110011001
00000000000010001110
00000000000010101010
00000000001001000001
00000000010110000011
00000001110010110100
00000011111111111011
00000101101000110010
00000110001100100100
00000110010000011101
00000101101011110011
00000101000001110111
00000101000110000100
00000011111111101001
00000001011100101111
00000000001000001110
00000000000010101010
00000000001001101011
00000000101111010001
00000011100110011111
00000101101011110010
00000101111011110010
00000101110010110110
00000101001011111100
00000100110010111111
00000100110001101110
00000100110010001101
00000100000011111101
00000001011010110101
00000000000110100011
00000000000010101010
00000000000111000001
00000000100010011000
00000010001100100010
00000010111100110011
00000010111001001101
00000010101010111110
00000001101111111000
00000001010001111000
00000001010000010010
00000001010001011100
00000001000111110001
00000000010100000111
00000000000001001011
00000000000010101010
00000000000011101100
00000000000110010001
00000000010010011011
00000000011000000111
00000000010101101101
00000000010011111000
00000000000110110011
00000000000010011100
00000000000011011010
00000000000011110111
00000000000100011001
00000000000011011011
00000000000010100010
00000000000010101010
00000000000010101010
00000000000010101010
00000000000010101010
00000000000010101010
00000000000010101010
00000000000010101010
00000000000010101010
00000000000010101010
00000000000010101010
00000000000010101010
00000000000010101010
00000000000010101010
00000000000010101010
00000000000010101010
00000000000010001011
00000000000010001011
00000000000010001011
00000000000011111010
00000000000111001100
00000000001010100110
00000000011011010100
00000000100010011010
00000000100010000111
00000000100011100111
00000000011010010101
00000000000110001111
00000000000011101011
00000000000010001011
00000000000010001011
00000000000010001011
00000000000010001011
00000000000010011001
00000000100101010111
00000010011001100001
00000011101101010110
00000011111111110011
00000011111111010100
00000011101110010111
00000010010111011101
00000000011011011000
00000000000100110111
00000000000010001011
00000000000010001011
00000000000010001011
00000000000010001011
00000000010010111000
00000010010011001101
00000110000000100010
00000111001110000010
00000110111001000010
00000110011000101111
00000110100011111010
00000100110100000100
00000001100010100010
00000000000100111000
00000000000010001011
00000000000010001011
00000000000010001011
00000000000010001011
00000000011001001001
00000011001000000110
00000110000110101110
00000100101010110110
00000011100111000111
00000011110110001011
00000110010001111010
00000110010110101101
00000010011110010101
00000000000100111000
00000000000010001011
00000000000010001011
00000000000010001011
00000000000010001011
00000000011100000101
00000010001111101001
00000010111001001101
00000001000110111011
00000000011010110010
00000010001000000011
00000110000111011000
00000110001001100110
00000001111101110001
00000000000101010100
00000000000010001011
00000000000010001011
00000000000010001011
00000000000010001011
00000000001100000011
00000000110001100011
00000000110001001110
00000000001001011111
00000001000101101100
00000100011011111011
00000111000110010001
00000101010000001110
00000001001000101001
00000000000110010100
00000000000010001011
00000000000010001011
00000000000010001011
00000000000010001011
00000000000100001010
00000000000111111101
00000000000111100100
00000001000110100010
00000100010110001010
00000111010011001000
00000111001001111000
00000011011100111110
00000000100101000010
00000000000110000110
00000000000010001011
00000000000011100101
00000000000100011101
00000000000010101111
00000000000010111110
00000000000110010110
00000001010001101110
00000100010110010100
00000111001110001100
00000110110111100110
00000011110101110111
00000001001001010101
00000000001011111010
00000000000100011101
00000000000010001011
00000000000110010110
00000000000111100111
00000000000100111101
00000000011000100011
00000010001011110010
00000100111111110110
00000111001110111110
00000111010110100111
00000101000110111101
00000010100111101001
00000001111001001000
00000001001001001110
00000000001010101010
00000000000010001011
00000000001000000011
00000000001000110100
00000000110101100011
00000011100011010011
00000110000111001111
00000111101110001111
00001000001010110101
00000111101110111101
00000110101010100011
00000110000101101001
00000101100010001111
00000011100010100101
00000000101000011000
00000000000010001011
00000000001000011110
00000000011011011001
00000010100101101010
00000110001111101001
00000111101010000110
00000111110101110011
00000111100000111101
00000110101010111111
00000110100000010010
00000110100000010111
00000110000010010011
00000011100111010110
00000000101011110111
00000000000010001011
00000000000110110101
00000000011011100010
00000010000101010011
00000011111111011110
00000100011000100100
00000100001101110000
00000011011101101011
00000010100000010100
00000010010000111111
00000010010001100110
00000010001100000011
00000001010010011111
00000000001110010010
00000000000010001011
00000000000011010110
00000000000101010001
00000000010101111000
00000000100111100111
00000000101010000110
00000000101001101100
00000000011001010011
00000000000110011101
00000000000011101010
00000000000011110011
00000000000101001110
00000000000100011011
00000000000010101100
00000000000010001011
00000000000010001011
00000000000010001011
00000000000010001011
00000000000010001011
00000000000010001011
00000000000010001011
00000000000010001011
00000000000010001011
00000000000010001011
00000000000010001011
00000000000010001011
00000000000010001011
00000000000010001011
00000000000010001011
00000000000010001011
00000000000010001011
00000000000010001011
00000000000010110001
00000000000101010111
00000000001000101011
00000000000100100111
00000000000011001000
00000000000011001110
00000000000001010011
00000000000000100101
00000000000001111011
00000000000001111111
00000000000010001011
00000000000010001011
00000000000010001011
00000000000010001011
00000000001001111000
00000000011000011111
00000000001100001001
00000000000011000100
00000000000001100110
00000000000001111111
00000000000000000000
00000000000000000000
00000000000000110101
00000000000010001001
00000000000010001011
00000000000010001011
00000000000010001011
00000000000010001011
00000000010001111000
00000000010010100101
00000000000000000000
00000000000000101010
00000000000001101011
00000000001110010010
00000000001000100000
00000000000000000000
00000000000000000000
00000000000001111111
00000000000010001011
00000000000010001011
00000000000010001011
00000000000010001011
00000000010001010010
00000000000001111001
00000000000000000000
00000000000000010001
00000000000011110100
00000000001111111101
00000000000110110010
00000000000000000000
00000000000010100110
00000000000010001000
00000000000010001011
00000000000010001011
00000000000010001011
00000000000010001011
00000000001010010111
00000000000000000000
00000000000110011110
00000000000011001100
00000000001011011101
00000000010001110010
00000000000000000000
00000000000000000000
00000000001000000100
00000000000001111101
00000000000010001011
00000000000010001011
00000000000010001011
00000000000010001011
00000000000001101100
00000000000000000000
00000000000101000101
00000000001011110110
00000000011111110010
00000000000010101010
00000000000000000000
00000000000001111000
00000000000001011000
00000000000010000010
00000000000010001011
00000000000010001011
00000000000010001011
00000000000010001011
00000000000010000001
00000000000010011111
00000000001011111000
00000000011111110000
00000000000011000010
00000000000000000000
00000000000000000000
00000000001010001011
00000000000100111110
00000000000010001101
00000000000010001011
00000000000010001111
00000000000001111000
00000000000010010001
00000000000101000011
00000000001101100000
00000000011011101000
00000000000011000110
00000000000000000000
00000000000000000000
00000000000011100100
00000000001000110011
00000000000001111100
00000000000010010000
00000000000010001011
00000000000010000111
00000000000010010001
00000000000111010101
00000000010111101101
00000000010001110110
00000000000010101100
00000000000000000000
00000000000000000000
00000000000010001101
00000000001001011110
00000000000000000000
00000000000000000000
00000000000001100110
00000000000010001011
00000000000010000101
00000000001001011100
00000000011101011010
00000000001010111001
00000000000000000000
00000000000000000000
00000000000000000000
00000000000101010011
00000000001011100001
00000000000101110110
00000000000011010110
00000000000000000000
00000000000001000000
00000000000010001011
00000000000001111000
00000000001111001001
00000000001100000001
00000000000000110100
00000000000000000000
00000000000000000000
00000000000000000000
00000000000000000000
00000000000000000000
00000000000000000000
00000000000000000000
00000000001000100011
00000000000100001110
00000000000010001011
00000000000010010010
00000000000100000110
00000000000000000000
00000000000000000000
00000000000000000000
00000000000000010011
00000000000010100001
00000000000000000000
00000000000000000000
00000000000000000000
00000000000000100101
00000000001010111011
00000000000100001011
00000000000010001011
00000000000010000111
00000000000001100100
00000000000000111100
00000000000000111011
00000000000000111111
00000000000000110111
00000000000001101000
00000000000001101101
00000000000010001001
00000000000001111011
00000000000001110000
00000000000010010100
00000000000010010011
00000000000010001011
00000000000010001011
00000000000010001011
00000000000010001011
00000000000010001011
00000000000010001011
00000000000010001011
00000000000010001011
00000000000010001011
00000000000010001011
00000000000010001011
00000000000010001011
00000000000010001011
00000000000010001011
00000000000010001011
00000000000111010000
00000000000111010000
00000000000111010000
00000000001001010000
00000000001001001100
00000000001010101111
00000000000111111000
00000000000100100111
00000000000100110100
00000000000110000000
00000000000100000111
00000000000111110011
00000000000111010010
00000000000111010000
00000000000111010000
00000000000111010000
00000000000111010000
00000000001000001010
00000000011110110000
00000000111011001111
00000001001111010110
00000001001111000011
00000001001110001010
00000000111101101100
00000000010001101101
00000000000100010000
00000000000111010111
00000000000111010000
00000000000111010000
00000000000111010000
00000000000111010000
00000000011101001111
00000010000101010100
00000011101110010101
00000100000110000111
00000011111111110111
00000100000011010011
00000011001111111001
00000001001101010100
00000000000010001111
00000000000111100100
00000000000111010000
00000000000111010000
00000000000111010000
00000000000111010000
00000000110000010010
00000011011011011111
00000100010111011000
00000011100111001110
00000011001011111110
00000011111100000001
00000100101110100001
00000010010011000110
00000000011001010111
00000000000111110101
00000000000111010000
00000000000111010000
00000000000111010000
00000000000111010000
00000000110011000111
00000010101000000011
00000001111111010000
00000000111111010101
00000000100101100011
00000010101000010101
00000100100001111010
00000010100110100010
00000000011111000001
00000000000111010110
00000000000111010000
00000000000111010000
00000000000111010000
00000000000111010000
00000000011111001101
00000001000101111001
00000000101000010010
00000000001011100000
00000000110111111110
00000011001010100101
00000100001000100110
00000001111010010010
00000000010000010100
00000000000111101100
00000000000111010000
00000000000111010000
00000000000111010000
00000000000111010000
00000000001010100110
00000000001100000101
00000000001010100110
00000000110110111011
00000010111010001000
00000100100001111000
00000011111100010000
00000001011001001000
00000000010000011101
00000000000111101110
00000000000111010000
00000000000111101000
00000000000111001111
00000000000111010010
00000000000111011110
00000000001011010011
00000000110101011011
00000010111011001000
00000100011110101011
00000100001010100100
00000010010011111100
00000000101101001000
00000000001100110100
00000000000111010100
00000000000111010000
00000000001001110100
00000000001000011011
00000000001000101000
00000000010011000100
00000001000011110010
00000010111111011111
00000100100000001010
00000011111110011000
00000010001001011000
00000000101111101111
00000000010101010100
00000000000001101011
00000000000101011001
00000000000111010000
00000000001011011000
00000000001000110110
00000000101011101001
00000010000010101100
00000011100101111101
00000100100101010101
00000100111011001011
00000011111011101101
00000010110110100110
00000010100010011100
00000001110110100010
00000000100111101011
00000000000011011011
00000000000111010000
00000000001101000100
00000000100001011101
00000010100001000111
00000100011010110010
00000100111000000101
00000101000100100011
00000100111001111000
00000100110100010101
00000100111001010011
00000100111001110010
00000011111111101100
00000001011111111110
00000000001000000100
00000000000111010000
00000000001100000010
00000000101110001111
00000010110101001111
00000011111001001001
00000011111100001001
00000011101111010111
00000010111110110111
00000010100110010110
00000010100111010000
00000010101000001110
00000010010100001001
00000000111010111101
00000000001100001111
00000000000111010000
00000000001001000001
00000000010000111011
00000000101111010100
00000001000000100100
00000001000011110010
00000000111101000010
00000000011110011010
00000000001011111111
00000000001000111101
00000000001001100011
00000000001010111001
00000000001000111100
00000000000111011011
00000000000111010000
00000000000111010000
00000000000111010000
00000000000111010000
00000000000111010000
00000000000111010000
00000000000111010000
00000000000111010000
00000000000111010000
00000000000111010000
00000000000111010000
00000000000111010000
00000000000111010000
00000000000111010000
00000000000111010000
00000000000000000000
00000000000000000000
00000000000000000000
00000000000000000000
00000000000000000000
00000000000000000000
00000000000000000000
00000000000000000011
00000000000000000000
00000000000000111011
00000000000010000101
00000000000000000001
00000000000000000100
00000000000000000000
00000000000000000000
00000000000000000000
00000000000000000000
00000000000000000000
00000000000000000000
00000000000000000000
00000000000000000000
00000000000000000000
00000000000000000000
00000000000000000000
00000000000000110110
00000000000001100000
00000000000000001110
00000000000000000000
00000000000000000000
00000000000000000000
00000000000000000000
00000000000000000010
00000000000000000000
00000000000000000000
00000000000000000000
00000000000000000000
00000000000000000000
00000000000000000000
00000000000001110001
00000000000001110001
00000000000000000101
00000000000000000000
00000000000000000000
00000000000000000000
00000000000000000000
00000000000000001111
00000000000000000000
00000000000000000000
00000000000000000000
00000000000000000110
00000000000000000000
00000000000000000000
00000000000000000000
00000000000011101010
00000000000000000111
00000000000000000000
00000000000000000000
00000000000000000000
00000000000000000000
00000000000000000000
00000000000001101000
00000000000000101101
00000000000000000000
00000000000000000000
00000000000000000000
00000000000000000000
00000000000000000000
00000000000000000010
00000000000000001010
00000000000000000000
00000000000000000000
00000000000000000000
00000000000000000000
00000000000100101000
00000000000010000101
00000000000000000000
00000000000000000000
00000000000000000000
00000000000000000000
00000000000000000000
00000000000000010101
00000000000000000000
00000000000000011100
00000000000000000000
00000000000000000000
00000000000000000000
00000000000000000000
00000000000000001101
00000000000000001111
00000000000000000000
00000000000000000000
00000000000000000000
00000000000000000000
00000000000000000000
00000000000000000000
00000000000000001101
00000000000000000010
00000000000000000000
00000000000000000010
00000000000000010010
00000000000000000000
00000000000000000000
00000000000000000000
00000000000000000000
00000000000000000000
00000000000000000000
00000000000000000000
00000000000000000000
00000000000000000000
00000000000000010000
00000000000000001001
00000000000000000000
00000000000000000000
00000000000000000000
00000000000000000001
00000000000000000000
00000000000000000000
00000000000000000000
00000000000000000000
00000000000000000000
00000000000000000000
00000000000000000000
00000000000000101111
00000000000011011011
00000000000001111010
00000000000000000000
00000000000000000000
00000000000000000001
00000000000000000000
00000000000000000000
00000000000000000000
00000000000000000000
00000000000000000000
00000000000000000000
00000000000000000000
00000000000000000000
00000000000000000000
00000000000000111101
00000000000000001000
00000000000000000000
00000000000000000000
00000000000000000000
00000000000000000000
00000000000000000000
00000000000000000000
00000000000000000000
00000000000000000000
00000000000000000000
00000000000000000000
00000000000000000000
00000000000000000000
00000000000001101000
00000000000000000001
00000000000000000000
00000000000000000001
00000000000001101001
00000000000001101010
00000000000000000000
00000000000000000000
00000000000000000000
00000000000001000011
00000000000000000000
00000000000000000000
00000000000000000000
00000000000000000000
00000000000000000000
00000000000000000000
00000000000000000000
00000000000000001111
00000000000010110110
00000000000101000000
00000000000000000000
00000000000000000110
00000000000000000000
00000000000000000000
00000000000000000000
00000000000000000101
00000000000000001001
00000000000000000101
00000000000000000010
00000000000000000000
00000000000000000000
00000000000000000000
00000000000000000000
00000000000000000000
00000000000000000000
00000000000000000000
00000000000000000000
00000000000000000000
00000000000000000000
00000000000000000000
00000000000000000000
00000000000000000000
00000000000000000000
00000000000000000000
00000000000000000000
