00000110100000101010
00000100100101000010
11111110010100111011
11111011100000001111
00000011111001110111
11111101010001100000
00000100000111000110
00000001000000111110
00000100101001010111
11111110011001110011
00000100100010010010
11111101010010111011
00000101111011001111
00000001011001000100
11111111110111010011
00000011000111001101
00000100000000010100
11111101110000011001
11111100010000010101
11111111000111110101
00000010011100111001
11111100101101010010
00000000001011111100
11111110101001111111
00000001111011010101
00000001010100101000
00000000000001010100
00000010110101111101
11111101010011101011
00000001111100010000
00000011010111001100
11111101011011000111
00000000100000010000
00000010001000100010
11111101100111111100
00000100001000010100
00000000111000010011
00000010101100000100
00000001111100000011
00000111001100100000
11111110111100110010
11111011011101000110
00000100111000110000
11111110000110100110
00000001110000001101
00000000101100011100
00000011101101001101
00000101100000010001
00000000110110111000
00000100111110101001
11111111000101111111
00000011100110000011
00000010001101101110
00000101010000111010
11111110011110010000
11111111011111100101
11111100100111111101
00000001010111100110
11111111001010100011
00000001001100000101
00000011000000000111
00000001111101101101
00000100100111011000
00000010001101101111
00000111000100010101
00000001010110001111
00000010111100110001
11111101001011001000
00000001100010110101
11111110110110010010
11111111110000111000
11111100110011100011
00000100011101110011
11111101101110001001
00000011110100000010
00000001100100110000
11111101111000011111
00000101110001001111
11111110111101010110
00000100001100000101
00000100101110011101
00000001010010101001
00000001001001111001
00000001011110010010
00000011001111010101
11111111110101011101
00000010101001000100
11111110011101000011
00000110001010110111
00000010111000111001
00000101010110011111
00000010001110101111
11111111000000111101
00000000011110001001
00000001101100111010
00000011011110000111
11111111010100000001
11111101110101000101
00000001010010111011
00000101000111011101
00000010111011111101
11111111011111001110
11111110101100001010
11111101111001101101
00000000111011100101
00000011111100100111
00000010011010010001
00000000110011000110
00000111010111110001
11111110101101100001
11111110101000011110
00000010110000111111
11111111101110100000
00000001000001000011
11111110001100011001
11111100110101011011
00000011110100010001
00000000111010000100
11111100110000011000
11111101101111011000
