00000000000000000000
00000100100110101101
00000111010010101000
00000010011111101000
00000000000000000000
00000110001111000110
00000101011101111110
00000101111100101011
00000000000000000000
00001000100010011101
00000000000000000000
00000100111001001000
00000011011101000010
00000000000000000000
00000000000000000000
00000010010011010110
00000001001001101011
00000100010100010011
00000010000111000101
00000010000000111100
00000001000011100010
00000100100110101101
00000011010110111001
00000110010101001111
00000010011001011111
00001011001000001110
00000110100111101010
00000111000110010110
00000001001001101011
00000101110000011001
00000010111110010101
00000001010101111101
00000000010010011010
00000001011100000110
00000000000000000000
00000000000000000000
00000000111101011001
00000110010101001111
00000000000000000000
00000000000000000000
00000010001101001110
00000011111011101111
00000111000000001101
00000101101010010000
00000010100101110001
00000011011101000010
00000000000000000000
00000001010101111101
00000000000000000000
00000000000000000000
00000001000011100010
00000000110001000111
00000000000000000000
00000000000000000000
00000011011101000010
00000000000000000000
00001101110100001001
00000110111010000100
00000100001110001010
00000110101101110010
00000111011110111010
00000000000000000000
00000111001100011111
00000101101010010000
00000111011000110001
00000001110100101010
00000010101011111010
00000000000000000000
00000000000000000000
00000011010110111001
00000011010000110000
00000101010001101100
00000000000000000000
00000000000000000000
00000000000000000000
00000000110001000111
00000000000000000000
00000000000110001000
00000010111000001100
00000011111011101111
00000000000000000000
00000000000000000000
00000101010111110101
00000111010010101000
