00000000101010010011
00000010010000011111
00000010101101010000
00000001010100000000
00000000001000110110
11111110010111010011
11111100011101000010
11111101010010011011
11111111010100001101
00000000000110100111
00000010011101001011
00000110100000011101
00000110110011010010
00000011101110000001
00000001110101101001
11111111001100110111
11111011000000111011
11111010010110111011
11111101100001011000
11111111011001110001
00000101001101011111
00001010011011000110
00000111101110100101
00000001100011010011
00000001011111100111
00000001010010010000
11111011111010011011
11111001101100101001
11111101000111100111
11111111011010011111
00000111100100100111
00001011101010010000
00000100011110011010
11111100010101010100
11111111010101001111
00000001100101110100
11111011010101010010
11111000100100100001
11111101010111010110
00000000001101000110
00001000101100101101
00001011011001101010
00000010111100110011
11111100011101101000
00000001000110101000
00000010101111000100
11111001101110100011
11110110010001010010
11111100010011000101
00000000001000111100
00000111111100001001
00001010100100111011
00000100101101111110
00000000110011010011
00000100111011000100
00000100101101011001
11111010000011111000
11110101101000110111
11111011100111001010
11111111110111011000
00000101010101000101
00000111111000000111
00000100110010101110
00000010010011101101
00000101010100010000
00000101001100101111
11111011001100001110
11110110000001100001
11111011101111000010
00000000000001011000
00000010101100000011
00000100010110100001
00000011000010001000
00000001110101111101
00000101011001111101
00000101111010111101
11111011111110100000
11110101110111010001
11111011010101010000
00000000000110111101
00000000111111000011
00000001110111010001
00000001011111101011
00000010011101000001
00000111111011110111
00001001000001010001
11111110000001001111
11110101111100010101
11111010010011010101
11111111011000011011
00000000010100011001
00000000011101101010
00000000010111001010
00000010100000101110
00001001000110011000
00001010101110001110
11111111111110110110
11110111000101110010
11111001101110010101
11111110101001101111
00000001100111000010
00000001011110000101
11111110110110100101
11111011111100111000
11111011110101001101
11111100111111010111
11111101100111011001
11111110110000100000
00000000001000101011
00000000100000001000
00000000001100101110
11111101001100010101
11110111001110111001
11110011000110001110
11110100010010111110
11110111000111100000
11111001101001101001
11111100101010001011
11111111011000111101
00000000001001000110
11111111110001001011
11111110101101100100
11111100111101100101
11111101110010100000
00000000011101101011
00000000000111110110
11111111001000111100
11111111111111111000
00000001011011101001
00000000101100001000
00000000001110110011
00000000011000110011
00000010011100010011
00001000000111111110
00001100010110101001
00001001001100100010
00000101000011110010
00000100101001100111
00000100100101000010
00000001111001110110
11111111111100110000
11111101001000011000
11111011001101111001
11111110001111100110
00000010000010001111
00000000011100101101
11111110110000010101
00000001101100111010
00000100010101101001
00000010011000010111
00000001100001011100
11111110010100111100
11111001110110110111
11111010000100101111
11111100100110111111
11111011110101011010
11111011010100001010
11111111100000011101
00000011011111100111
00000010001111101011
00000011010110010010
00000100011000101001
00000011111000110011
00000101010011110110
00000111001111101111
00000101000100100101
00000001101100010000
00000010011100010000
00000100011101111111
00000010011101110110
00000010001000011111
00000100010001101000
00000110000101001111
00001000011100110100
00001010010000000001
00000111101110111000
00000011101100100000
00000011110100100010
00000101001010011001
00000010110001010011
00000000011101110100
00000001000110000011
00000001100011100000
00000010100100000011
00000011011010111111
00000000101111111110
11111110000101010001
00000000010100010000
00000011010110010010
00000010001000001100
00000000001100100000
00000000001001111100
00000000001100000110
00000000100000111010
00000000000101000011
11111100100000101111
11111010001101100001
11111110000101011100
00000010100001111001
00000010001101110010
11111111110010101010
11111110101100110001
11111011110111111100
11111000011101100111
11110110110011011101
11110110110000001110
11111000000110011100
11111011001011110101
11111110011101010011
11111111111100001000
00000000010001110111
11111111100011110010
11111101110101011010
11111110010011100011
00000000110100110100
00000000010001111111
11111101100111001101
11111101011101100110
11111111010011100010
00000000000001110011
00000001101111100010
00000010000000000000
00000010001010011110
00000110001110001000
00001011001100001110
00001001101010000101
00000100010100010100
00000001111011011011
00000001110010000011
00000000111001001111
00000011101101001100
00000100010001100100
00000011001010011010
00000100011110111101
00000101111001101101
00000011100011111111
00000000000000101110
11111111101101011011
00000001000010101101
00000000111100011011
00000101010001001101
00000111001110000111
00000101100011000010
00000010110111101010
00000000010010101011
11111110001010111011
11111100100100011110
11111101001100110101
11111111000110001101
00000000001110110110
00000101010010010011
00001001001111101100
00001010011011100110
00001001011101110011
00001000000101111110
00000110001010101011
00000010100100100101
00000000001110110010
00000000010010010000
00000000011111011000
00000011101110100011
00000111111011100101
00001011011000111011
00001101010001011110
00001101111001100011
00001011100101001100
00000101101111110100
00000001101011100110
00000000111000110101
00000000101010110011
00000001101001000100
00000011110100110101
00000110001000011010
00001000010110100011
00001001011001000110
00000110100110111100
00000001001010101000
11111110010110110100
11111110111111011000
00000000000010010100
00000000100011000000
00000001000111001110
00000001101011111100
00000011011010000011
00000101100100011110
00000100101101100010
00000000101100000100
11111110001110011001
11111110100100000100
11111111111010011111
00000000001100010110
00000000010101110111
00000000011100011011
00000010001011011011
00000101110000101111
00000111100011111110
00000101110000111010
00000011001010001111
00000001101010111000
00000001010010100001
11111111001110101000
11111110100101100100
11111110011110001100
11111110011110101101
11111110000001101011
11111110001110100110
11111110110110000001
11111111100100100111
11111111110110110000
11111111111101001001
11111110111111011111
11111110110110001100
11111111100001101010
11111111001001110001
11111101111011101011
11111110001100010000
11111110101101111111
11111111001001011111
11111111101010001010
11111111111111100000
11111111001010001101
11111111101110001010
00000000010010101111
11111111000001000010
11111110100111100000
00000000000010110110
00000000001000001011
11111111110101000100
00000000001011011011
00000000011100010011
11111111101000000110
11111111110010011100
11111110111011010110
11111101001000011100
11111110011100101100
00000000110110100010
00000000011011100111
00000000001111000110
00000001000001101111
00000001000001011111
11111111111011001000
11111111010101011100
11111101011100000000
11111100000111110001
11111101111001010100
11111111011100101011
11111110100001001100
11111110110101111111
00000000111001101101
00000001001111101100
00000000001110100010
00000000000001100010
11111110111011010110
11111110010000110110
11111111011011001100
11111111100110001000
11111110011001011001
11111110011000001001
00000000011101101001
00000001001110110100
00000000010001010111
00000000010111101001
11111111111111100111
11111111011011100010
00000000000111100100
00000000011010100011
11111111100100100100
11111111000011011101
00000000101101000000
00000001010101100110
11111111111110110001
00000000000001111110
11111111110001010101
11111111000001011111
11111111001001010000
11111111111000110010
11111111101000110000
11111111001000110010
00000001000001000101
00000001100011101010
11111111110101100110
11111111100100101111
11111111010011010000
11111110110010110010
11111110101110101000
11111111001000011011
11111110101110011010
11111110001101101110
00000000100000110000
00000001010110111000
11111111111001110110
11111111110110011010
11111111110001111011
11111111110011100100
11111111101101101110
11111111110001101110
11111110110000011101
11111101110100111001
00000000000110001001
00000001010000010110
00000001101101011011
00000011111010000010
00000101000110001111
00000101011011010000
00000101000000000111
00000011001110111011
00000000110011011010
11111111110000010100
11111111111011101101
00000000000110111110
00000011100010111101
00000110001001000100
00000110101110010011
00001000000011100011
00001010010000000001
00001001100001111010
00000101010101111011
00000001111010010010
00000000101000100100
00000000010001011001
00000100111000110100
00000111001100011011
00000110000100000110
00000110001111010100
00001000100101100011
00001000101100011010
00000110000010110011
00000011101101111101
00000001111100000111
00000000100011001110
00000101010111011110
00000111000101110001
00000100011010011110
00000010101001110000
00000010111110111110
00000010110111011011
00000001111110000001
00000010001110101110
00000001111101001000
00000000111100011110
00000100001101011111
00000101101010100011
00000101000011110101
00000101101100001000
00000110001001001000
00000011101101011100
00000000011110000100
00000000100011010001
00000001011001110101
00000001000111000110
00000010000001110101
00000011000100100001
00000100010001001011
00000111110111010011
00001011000001001011
00001001000110010001
00000011111000101111
00000001110101111010
00000001011110001110
00000000111011111001
00000000010000010001
11111111110111001000
11111111111100111011
00000011011011011001
00001000001000110011
00001000010100100001
00000100001111011100
00000010010010011110
00000001101100010101
00000000111111101010
11111111011010011010
11111110010100001110
11111100101110101111
11111101111010111111
00000001101110111101
00000011011110001000
00000001111110100010
00000001101011101011
00000001100011100010
00000001000101100011
11111111101010100100
11111110111001100100
11111101100101110001
11111110011000001000
00000001111110110010
00000011101100000001
00000010010101000110
00000001110011111011
00000001101010000001
00000001001111100110
11111111111101011101
11111111110110100100
11111111101010111101
00000000101110010111
00000011011001010011
00000100000100011011
00000010110010100000
00000010111000101010
00000010110100100111
00000001101110010111
11111110110111101110
11111101101101000000
11111101001110101011
11111100100110010001
11111011011100010001
11111011010000111100
11111100100011000110
11111110011010010111
11111111110101111000
00000000011111111101
11111111011000110000
00000000100101100010
00000010010010111101
00000010001001111000
11111111010000000001
11111100100001101111
11111011011100111001
11111100001100001110
11111110000000001011
11111111110000100001
00000001100000110010
00000100001100010000
00000101110110010000
00000101110000110111
00000100101110011110
00000010101011001100
11111111100100101111
11111101100101000001
11111101110001000110
11111111010010101011
00000100001001100001
00000101010111100001
00000010110111101001
00000000101011100111
00000010001011000010
00000011110011101111
00000010001110011100
00000000000010000010
11111111011110110000
11111111110111111100
00000110000100011000
00000110001111011000
00000001100010111010
11111110000110011000
11111110111110000001
11111111111101100100
11111111000101011001
11111110100111001100
11111111011010110010
00000000001101010001
00000110010100011100
00001000101110000110
00000111001000100110
00000100111110000101
00000011010001101100
00000000011111000100
11111101010101101010
11111100110000011001
11111110010100010001
11111111111100111101
00000100100000001101
00000111101001010010
00001001001010001010
00001001100000001010
00001000101111111010
00000101010100000011
00000000001011011010
11111101101011101010
11111110010001111100
11111111110101010100
00000001111011001001
00000011100110101101
00000100110011111011
00000110000000000000
00000111010010111010
00000101110010100100
00000001011100010111
11111110011111101001
11111110101110111110
11111111111100000101
00000000100101010001
00000000100110110111
00000000100010110110
00000001111111010100
00000100111100010100
00000101001011101101
00000001100000001100
11111110010111010000
11111110010010000111
11111111011100111001
00000000011010010011
00000000011001000100
00000000010010010110
00000010010110000000
00000110010010110001
00000111011011001110
00000011100011011110
11111111010011111011
11111110000110101111
11111110111011010100
00000000001001001000
00000000010100011100
00000000100101101110
00000000111011010001
00000001001010001000
00000000101000001111
00000000000100111001
00000000011011011100
00000000100010001110
00000000001000010001
00000000001101011000
00000000010100011110
00000000101011100111
00000001110000101011
00000011010100011111
00000011101101010010
00000010011110110001
00000001101001000111
00000001001011101110
00000000011011001000
00000000000111110110
00000000001101010011
11111111111010011010
00000000011001111101
00000010011100101010
00000011111010101101
00000011011111101011
00000010101111000000
00000001111110000110
00000000110000111110
11111111100100000111
11111111011011000100
11111110110000111101
11111110000100001111
11111110011110011010
11111111011010110011
00000000010010000110
00000001011110111111
00000001110111100011
00000000110100010101
11111110101101100100
11111110111100101110
11111111110110101001
11111111101100011111
11111110111110110010
11111110100000000110
11111111000001101111
00000000001101110101
00000001000101110011
00000000011011000001
11111110000100001000
11111101111000010001
11111111110011010111
00000001010100001000
00000001101011101010
00000001100000000001
00000001010110110011
00000001100000010110
00000001100110111000
00000000100010111010
11111110001000111010
11111100111111010001
11111101101001011101
11111110110001001100
00000000000010101111
00000001011011110110
00000010000001100100
00000001111111000110
00000001111100111001
00000000110000101111
11111110101001000011
11111101001101110000
11111100010000010100
11111011110110110100
11111100001010100111
11111101101100010100
11111111001101010000
00000000011100101011
00000001011111111000
00000000110000001100
11111111100101110101
11111110110110111011
11111110000111011010
11111101001110010011
11111100101101010000
11111101101110010101
11111111010110011010
00000000011111011011
00000001011011011010
00000000110101100011
11111111111010111010
11111111110101111010
11111111110000111101
11111111000111100101
11111110000100011110
11111110100101100101
00000000011010000101
00000001001111000001
00000001101010011010
00000001000000010010
11111111001111011000
11111110011101001011
11111111010001010101
00000001001010111111
00000011010000011001
00000100110000111110
00000101001100011100
00000011101101110000
00000001110011011000
00000000110001010011
11111110000111111110
11111100110000010110
11111101111110000110
00000000010100101111
00000001111001100101
00000011111010000001
00000110100001010011
00000110000010011001
00000010110011010001
00000000101011111000
11111100011001100001
11111010010110011111
11111101011000000101
00000000110001111010
00000000111010110101
00000010000010110011
00000111010000101011
00001000100100100001
00000100011110100011
00000000101011010000
11111010110100001000
11111001001100110000
11111111010000110001
00000101001011100010
00000011101111000000
00000010000101010001
00000111011001001010
00001010001000010000
00000110001111011011
00000001001010110101
11111010110110111010
11111001010010010111
11111111100111001010
00000101111100000111
00000100011101110110
00000001111110110000
00000111000011000101
00001001111001000011
00000110011001010010
00000001010010001000
11111011111110000001
11111001101000000101
11111101000100011101
00000010000011010000
00000001111011001000
00000001001111100010
00000110110000101100
00001001110001010101
00000110010101011010
00000001000110100111
11111101110011100110
11111011011010001111
11111100001000110100
11111110001000001101
11111110010010000101
11111111111011011010
00000111001100101101
00001011000001001111
00000111010001000000
00000001010001101011
11111111100011101010
11111110010010011110
11111110011001011111
11111110110011010100
11111101000111111001
11111110010000111100
00000110011001001100
00001011011110110110
00001000000011111010
00000001100111100001
00000000011000010111
00000000001101101010
00000000011000010000
11111111010011100110
11111011011110110110
11111011001011100000
00000011100010011000
00001010100000100101
00001000011011011110
00000001111110000110
00000000010011010000
00000000010001101000
00000000010111000000
11111111000100100011
11111011000010100101
11111001101111111100
00000001001001000111
00001000101111101001
00001000000010000010
00000010000101010110
00000001010100100100
00000010000010011010
00000001010111101100
11111111111100010000
11111111101011010101
11111111111110100001
11111111010000100000
11111110110000111111
11111111100010110011
00000000010011110001
00000001001000111111
00000000001011000001
11111101100000011110
11111100000010010000
11111101101101000010
00000000001001111011
00000000100100000000
00000000000001010001
00000000001101010011
00000000100001100111
00000000000101101110
11111110010100011000
11111100100011010010
11111100010111001000
11111110010000011100
00000000101101010000
00000001101010100000
00000001111000001101
00000001101011000011
00000001000001100001
11111111000110110000
11111110100000010001
00000000010000110011
00000010011111010110
00000011110001101111
00000011011011111010
00000010101101101101
00000010110100001011
00000010110000011111
00000001100101100101
11111110100100010001
11111110101101011000
00000001100110000101
00000100011011001011
00000101000001100110
00000011101011110010
00000010110100101000
00000010111100110101
00000011001001000110
00000001110000111111
11111110101110100101
11111101111111110001
11111111001011011111
00000001001000011001
00000010011001001000
00000010010110101110
00000010100111111000
00000011000101101101
00000011010100001111
00000001111001011001
11111111100111001001
11111111000111001001
11111111101001000110
00000001000010010010
00000010011000001111
00000010111010110000
00000011011100110010
00000011100000110110
00000011011000100010
00000001111011000101
00000000011111101100
00000000101101100000
00000001110100111111
00000011011100100001
00000100010111101010
00000100110011000110
00000100111101011110
00000100010011100110
00000011100111001010
00000001110110111101
00000000100111100111
00000000111101111010
00000001110010111011
00000010100111011001
00000010100101111100
00000010101000001110
00000011011011010110
00000011110100111101
00000011101011110110
00000001111110101100
00000000011100110011
00000000100000101010
00000000101000101001
00000000011000100100
11111111000011011111
11111110100011000010
00000000100110100101
00000011010111010110
00000100100000001000
00000010100110100011
00000000100101110010
00000010000011101001
00000100011001110000
00000110011011000010
00001000000100011110
00001000001001011011
00000101101001001100
00000010111100111100
00000001111011001000
00000001001001111110
00000000101001111000
00000010111111001110
00000110100000011011
00001001010010000000
00001011111100011111
00001101010000100001
00001001111110100101
00000101100000101100
00000010110100111110
00000001100010100110
00000000101010110010
00000101001000010101
00001010010101111001
00001011101010011001
00001011111000100000
00001101000101011111
00001010110100110011
00000101111000001001
00000010101010010110
00000001011000110111
00000001001110000010
00001000100011111101
00001111010001011111
00001110000000110011
00001010111011110101
00001100010001001010
00001011001101000101
00000101101111000001
00000010000110010110
00000001000110110111
00000001011111000011
00001001001100100111
00001111110001100101
00001110000100011011
00001011110111111100
00001110101110110011
00001110000110100011
00000111001110110101
00000010011101001111
00000001010000011100
00000001000110010110
00000110101001000111
00001011010101001001
00001010111110000101
00001011000011111011
00001111100001011010
00001111000001110011
00000111111111111100
00000010110100011111
00000001011000010001
00000001001001111011
00000100011110011001
00000111111001000111
00001000011001101100
00001001100100101000
00001110001011000011
00001110000110100110
00000111010100100101
00000010010011100101
00000001001110010000
00000001000000011111
00000011000001000010
00000101010100101011
00000101110010100110
00000110111001100101
00001100000100010011
00001101011000101110
00000111010011100111
00000010001111000111
00000001010000110110
00000000100011110101
00000001010100001111
00000010010000101101
00000001110101011100
00000011100110111010
00001010110010100110
00001110011101000001
00001001001001011010
00000011010000110101
00000001100101101001
00000000010101100000
00000000100000101101
00000000101010100001
00000000000101101010
00000001110111101100
00001001001110101011
00001101111000100010
00001001101100010100
00000011101010111010
00000001011010001001
11111111111101010110
11111110110001100101
11111101000011111001
11111011101111101001
11111011000010101011
11111010110110001010
11111010100000000001
11111011001001111110
11111101010010100001
11111111001111110001
00000000000110101111
00000000001111100001
00000001110010100001
00000100101001110111
00000111110001110010
00001000000010110001
00000100111001111010
00000000110011010011
11111111001101001011
11111111011111111001
00000001100101001011
00000011100101101000
00000101111000110101
00000111011111100111
00001001010111010010
00001010000000110111
00001000000110111100
00000100110011100000
00000010000101000000
00000000011111111101
00000010110001000001
00000100001010001100
00000010110000100111
11111110110010111000
11111011100110010101
11111011000100110010
11111100101001111111
11111110110000011000
00000000001000111100
00000000011011100001
00000010101101001110
00000011110100111111
00000010101010001101
00000000001010001010
11111101001011110101
11111010111010001101
11111010100101110100
11111011111001111010
11111110011000101111
11111111111010100011
00000010000011100110
00000011100111110000
00000101111111011101
00001001010000000001
00001011100000110010
00001001011011001111
00000100110100011001
00000000110111011001
11111111111011110111
00000000000110000101
00000000101101101011
00000001001100010101
00000010110001111101
00000101110111011110
00001001001010000010
00001000101110011001
00000101010111100100
00000001011101100001
00000000000100111000
00000000000011111011
11111111101010010011
11111110011111100110
11111100111011110100
11111100010100101111
11111101011100000100
11111110010011110001
11111110010101011110
11111101110000000001
11111110011000111110
11111111011100001100
11111111110000111000
11111110111010110000
11111101011101001000
11111100101101110011
11111101100110100010
11111110100110101000
11111111001001110101
11111110111110000011
11111111001010010100
11111111110001110000
11111111111111101101
11111111111001001100
11111111101111010100
00000000010100100111
00000001110100111001
00000011010011011011
00000100010011110101
00000100010111101111
00000011100000111111
00000001111010001011
00000000000111100010
00000000000010111010
11111111100101100011
11111110110111110100
11111110000111010001
11111101010111111011
11111101101011011001
11111111000011010111
00000000001110001000
00000000011011000011
00000000000100100110
11111111110011101010
11111111011011000101
11111110011011010011
11111100111010010000
11111011100010000010
11111011001010110011
11111100010110010011
11111110010111001100
11111111100110101111
11111111111111001101
00000000000111101000
00000000101110101111
00000001000011100001
00000010011000100110
00000011001011110000
00000001101101000010
11111111011101101001
11111111001011111101
11111111100111100011
00000000001001011111
00000001000011010101
00000001011111001011
00000000111110010101
00000011101100100110
00000110101010010110
00000110001000000100
00000011100000110011
00000010000111011110
00000000110001001101
00000000100100101001
00000001110101010000
00000001000011010100
11111110011011001100
11111110101101011011
11111111111010101101
00000000000000001111
00000000001111001111
00000001011001110111
00000000111100111101
00000000110011001010
00000010010111100000
00000010100010111101
00000001000101001011
11111111111111111100
11111110101000001010
11111101011010110000
11111101111000001111
00000000000111100100
00000000100011000110
00000000100011101010
00000001111011110100
00000011011110011001
00000100110001001110
00000101111010001000
00000101011111010010
00000011001100100010
00000000111100010000
00000001000110101110
00000000110001010000
00000000010001010001
00000000110100100010
00000001110111111000
00000011001000100001
00000100111010011110
00000110000001110010
00000100100010101101
00000001111011111011
00000001110001010110
00000001001000100011
00000000001110101001
00000000010011110011
00000000011010100111
00000000011000011000
00000001000111110001
00000010100001010101
00000001110110001000
11111111111110011110
00000000011100111010
00000000011010111001
00000000001011100100
00000000001101110101
00000000001100111111
00000000001000110111
00000000101011010111
00000001110111011001
00000001001111101100
11111111010100010010
11111111011011100111
11111111101111001110
11111111100000011011
11111111001111110101
11111111000000100001
11111110100101001001
11111110010100101110
11111110101111111011
11111111111010101011
00000000011010010010
00000000010010100010
00000000000011011011
11111111101101111010
11111111101001110011
11111111101001010010
11111110111011001111
11111101100001000101
11111100010100111100
11111100111111100100
11111110101110110011
11111111110011011000
00000000000001010100
00000000001001001111
11111111101001110001
11111111000001111011
11111111000100111100
11111110110000110001
11111101000001101100
11111100100011000010
11111101100101010000
11111110110110000101
11111111100101001101
00000000110010010011
11111111011000010100
11111101010010010000
11111110001000010100
11111111011111011101
11111110101011011010
11111110000001100010
11111110011111100100
11111111000010111101
11111111100010101010
00000001010011111100
11111111101101001101
11111100111010000100
11111100110101001101
11111101110000010110
11111101010001100110
11111101100010110111
11111110101111011000
11111111010100001010
11111111011111100011
00000001011010010100
00000000101100011101
11111110101000011011
11111101110011001010
11111100111000001101
11111011011101010101
11111011101010001100
11111101011100001100
11111110101100100100
11111111010111101110
00000000111110100101
00000000111000010000
00000000000110001010
11111111110000001000
11111110101110001001
11111100100100001100
11111100000000111111
11111101100111010001
11111110110010101110
11111111010110100010
00000000010110011010
00000000011111110101
00000000001101011011
00000000010101100010
00000000000100110001
11111110000101001100
11111100101001111101
11111101110110100100
11111110111011101111
11111111011010001000
11111111111100010011
11111111111011110110
11111111101011011111
00000000001000011100
00000000010010100011
11111110001100111010
11111100000111011101
11111101010110100010
11111110110100000000
11111111011010111111
11111111111010010000
11111111111001011101
11111111110100101100
00000000100001111100
00000001010000110011
11111111100010100010
11111100111000101011
11111101000011010110
11111110000100010010
11111110110110100011
11111111010000000101
11111101000011101110
11111001110100001101
11110110111100011011
11110101011010110000
11110110001111001001
11111001100011100100
11111101000010100111
11111111010110101101
00000000000000100001
11111111001101001000
11111101100101111010
11111100000111010011
11111011111110010111
11111011111100111110
11111010111100100010
11111011010010110010
11111101100000000111
11111111010111011001
11111111111111011000
00000000100111110100
00000000100001011111
00000010001001000011
00000110110111111100
00001001011010001010
00000101101100111001
00000001010101100010
00000000101000011100
00000000111101000101
00000000100101101101
00000010001000101001
00000000111111111101
11111111110101011000
00000011000000100110
00000101101100111010
00000011110001111111
00000000101110011110
00000000011001101100
00000000110000010011
00000000011010011111
00000011100110011111
00000010010011000100
11111101110000010000
11111011001010111011
11111010110110001001
11111010101100101111
11111011110001000011
11111110000011011101
11111111100111010010
11111111111100111000
00000100101110011111
00000110111011110110
00000101110111111011
00000011100011111101
00000001011110011110
11111111001111110100
11111110111101100011
11111111111110010101
00000000101011110010
00000000010011101000
00000011010010101101
00000111001111010111
00001010100101101001
00001011110011010100
00001010101000110011
00000110000000110100
00000001111101101010
00000000110001110110
00000000110011011111
00000000011000001011
00000000100111100011
00000010001110001011
00000100011100110101
00000110101011100000
00000111000010100110
00000011000011011100
11111111000001110010
11111110110100101010
11111111110000111111
00000000000100000100
11111111111100000110
11111111110100001001
11111111110100000111
00000001001101101000
00000010100100010100
00000000100111101110
11111101100001101000
11111101011111110011
11111110101101101100
11111111100100111011
00000000000111000110
00000000000111010101
00000000000010111110
00000001011001010010
00000011110011010010
00000011100000000000
00000001001000001101
00000000000111011000
00000000010111001100
00000000011011000110
11111110110110010101
11111101111100011110
11111110111000010110
00000000000001001111
11111111101100101010
11111111111110111010
00000000101100010011
00000000100000001011
00000000001001111111
00000000010010110111
11111110000100111001
11111110011010100101
00000001011001011101
00000001101110100000
11111111000111110010
11111110111101101001
00000000000011000100
11111111011111101101
11111110111010011011
11111111101111001111
11111110000100000000
00000000110111101110
00000110100100000101
00000111000001110111
00000100000111111101
00000011101100011001
00000011000110010000
11111111110101000101
11111110000011101110
11111111001100100010
11111111001010100011
00000011100101110110
00001000111001010100
00001000011010100011
00000110100001011100
00001000010011100101
00001000000000100011
00000010011110111100
11111110011111001001
11111111000001001100
00000000110100100010
00000100111100011111
00000111001010000001
00000011110011000010
00000001010101011110
00000100111011011100
00000111000111010010
00000010100100001010
11111110100011111011
11111110111011010000
00000010000110100101
00000110001110010111
00000111101001010001
00000011101100111001
00000000000001010111
00000010010110011100
00000100111011101010
00000001011111100101
11111110000111111001
11111110110100011011
00000010001111101101
00000110010010100010
00001001011111000010
00001000001101011001
00000101100010001110
00000110010101000011
00000110111111100110
00000010000100110100
11111101111111010100
11111110101010100011
00000001010110010101
00000011110101010010
00000110111100001011
00000111100001000111
00000110101101101100
00001000100010010010
00001000111000010110
00000011010001100100
11111110011100011110
11111110101000000000
00000000100011010101
00000001010111000100
00000010010101111111
00000010000100010101
00000010010011110110
00000110001101101101
00001000010101101100
00000011100010111111
11111110011011110101
11111110001101011111
00000000010001101100
00000000011010101100
00000000100010111010
00000000001101101110
00000001011001010011
00000110001000001100
00001000010000111011
00000011011010100011
11111110001000011111
11111101101110110000
00000000001111011110
11111111011100100100
11111101101110001000
11111100011101111011
11111011101111010010
11111011100010111010
11111100110100010100
11111111000001111000
00000000010111100001
00000000010100101100
00000000000000001111
11111110110011101110
11111100101101001000
11111010101110111011
11110111111111101100
11110101100000100000
11110110011101001000
11111001111000111111
11111101010110100010
11111111011000010000
00000000011101000000
00000000001000101101
11111111111101001110
00000000100010001011
00000000010111101010
11111110001100100100
11111011111011001100
11111011100010010001
11111100101000010110
11111110100001110111
00000001010010011100
00000000111110010001
00000000110100100010
00000010101001110111
00000101101110100001
00000110001101110000
00000100000100101100
00000001100000010111
11111111101110101011
11111111001111001110
00000010000101100110
00000001001000100001
11111110000111000111
11111100110010111101
11111101110110100111
11111110011010000111
11111110110001111100
11111111100111001010
11111111111001111100
11111111100011001100
00000011000101001100
00000011100011110010
00000001010000000000
11111110011001110100
11111011111111010010
11111001001110101010
11111001000001001011
11111011110011111100
11111110000111100101
11111111000100111100
00000010111000011110
00000101010110011000
00000110100100010011
00000111000011110000
00000101101110110111
00000001101110010000
11111110011000110010
11111110001101001111
11111110110001010011
11111111000111010000
00000001010101111100
00000011010101010101
00000101100000001100
00000111110010111100
00001000111101110010
00000110011000010001
00000010010011111011
00000000001110000110
11111111100110100011
11111111011101011011
00000000001111011000
00000000110011101111
00000001100000001110
00000011001011111111
00000100101000101101
00000010111110011000
11111111100110000010
11111110000111011100
11111110001010001011
11111110100110001010
00000000000110111001
00000000001000010011
00000000001100110110
00000001001010001011
00000010100110010000
00000001101100111000
11111110110000010010
11111101000000100001
11111100101000011001
11111101010010101001
