00000000000010110110
00000000000010110110
00000000000010110110
00000000000010111001
00000000000010011100
00000000000010010000
00000000000010001100
00000000000010001111
00000000000010001100
00000000000010010110
00000000000010001101
00000000000010010001
00000000000010011111
00000000000010110110
00000000000010110110
00000000000010110110
00000000000010110110
00000000000010111110
00000000000011010010
00000000000010111011
00000000000011101000
00000000000100010000
00000000000011100101
00000000000011000111
00000000000011010000
00000000000010111011
00000000000011000101
00000000000010110110
00000000000010110110
00000000000010110110
00000000000010110110
00000000000100011100
00000000000100101001
00000000000001010111
00000000000000000000
00000000000000000000
00000000000000000000
00000000000001001110
00000000000100000000
00000000000100000010
00000000000011010110
00000000000010110110
00000000000010110110
00000000000010110110
00000000000010110110
00000000000100011011
00000000000010100000
00000000000000000000
00000000000000000000
00000000000000000000
00000000000000000000
00000000000000000000
00000000000001111011
00000000000011010010
00000000000011000110
00000000000010110110
00000000000010110110
00000000000010110110
00000000000010110110
00000000000111000101
00000000001110010010
00000000100011101001
00000001000011110110
00000001001001100000
00000000100111111000
00000000000101001110
00000000000001101000
00000000000010100111
00000000000010101010
00000000000010110110
00000000000010110110
00000000000010110110
00000000000010110110
00000000001011100111
00000000011100011010
00000000100011101100
00000000100100000111
00000000110110110000
00000000111110010000
00000000100100111100
00000000000111100000
00000000000011001110
00000000000010100101
00000000000010110110
00000000000010110110
00000000000010110110
00000000000010110110
00000000010000111010
00000000100011100111
00000000010111100111
00000000000001001101
00000000000010100000
00000000010111100100
00000000011011000001
00000000000100001011
00000000000011110001
00000000000011001110
00000000000010110110
00000000000010110110
00000000000010110110
00000000000010110110
00000000010001000001
00000000101011110110
00000000101001111000
00000000000101101101
00000000000011000100
00000000001011000111
00000000001101011000
00000000000010101001
00000000000100001110
00000000000011010100
00000000000010110110
00000000000010110110
00000000000010110110
00000000000010110110
00000000001101101000
00000000100111110111
00000001001001110110
00000001001100101010
00000001001101010011
00000000111100010001
00000000011001111011
00000000000010101101
00000000000011001001
00000000000010110111
00000000000010110110
00000000000010110110
00000000000010110110
00000000000010110110
00000000000011000110
00000000001011110010
00000000011011010110
00000000101001010000
00000000101111010010
00000000101111101011
00000000011010010001
00000000000010110100
00000000000010111011
00000000000010110011
00000000000010110110
00000000000010110110
00000000000010110110
00000000000010110110
00000000000011000010
00000000000011101011
00000000000100001001
00000000000011100110
00000000010010011011
00000000100010101000
00000000010111000100
00000000000001100011
00000000000011010011
00000000000010111101
00000000000010110110
00000000000010110110
00000000000010110110
00000000000010110110
00000000000011001110
00000000000011011110
00000000000011101100
00000000000011100111
00000000010001100101
00000000100101100011
00000000010110011110
00000000000001000010
00000000000010111101
00000000000011000010
00000000000010110110
00000000000010110110
00000000000010110110
00000000000010110110
00000000000010111100
00000000000011011011
00000000000011101111
00000000000011011011
00000000010001011111
00000000101110100000
00000000111000001111
00000000010111101101
00000000000011101111
00000000000010110100
00000000000010110110
00000000000010110110
00000000000010110110
00000000000010110110
00000000000010110110
00000000000010110110
00000000000010110110
00000000000010110110
00000000001101010010
00000000101000000111
00000000111010111011
00000000100000011010
00000000000011011110
00000000000010111011
00000000000010110110
00000000000010101010
00000000000010101010
00000000000010101010
00000000000100101110
00000000000111111011
00000000001000100010
00000000001001011001
00000000001000111101
00000000000111110111
00000000000111011001
00000000000111110001
00000000000110000000
00000000000011011110
00000000000010101010
00000000000010101010
00000000000010101010
00000000000010101010
00000000000111000011
00000000001011110100
00000000001010101111
00000000001010010100
00000000001010111001
00000000001001001111
00000000001010010001
00000000001011000101
00000000000111111010
00000000000011100110
00000000000010101010
00000000000010101010
00000000000010101010
00000000000010101010
00000000001001100011
00000000110101000100
00000001011111100011
00000001101000110100
00000001011111011000
00000000110001011001
00000000001110010101
00000000001010001001
00000000000101101010
00000000000010111110
00000000000010101010
00000000000010101010
00000000000010101010
00000000000010101010
00000000100100100110
00000010111101101100
00000100101000110100
00000100110101001000
00000100110011100000
00000011001000111010
00000000111110100000
00000000000111111000
00000000000100011011
00000000000010111000
00000000000010101010
00000000000010101010
00000000000010101010
00000000000010101010
00000001101100011001
00000100100011101101
00000100001010101101
00000011001110100100
00000100101000110100
00000100101111101110
00000001110000111101
00000000001110111010
00000000000101111100
00000000000010111111
00000000000010101010
00000000000010101010
00000000000010101010
00000000000010101010
00000010011110110011
00000100110110001101
00000010011000110010
00000000101001100100
00000010101001000001
00000100000001010000
00000001101000010100
00000000001011100010
00000000001000011100
00000000000011100011
00000000000010101010
00000000000010101010
00000000000010101010
00000000000010101010
00000010011101110100
00000101001010100111
00000011100000001100
00000001110101011010
00000010110100001111
00000011110011001110
00000001100101000101
00000000001011001101
00000000000111100000
00000000000011000110
00000000000010101010
00000000000010101010
00000000000010101010
00000000000010101010
00000001100010010110
00000100010111011110
00000101000011110101
00000100101101000010
00000101010101101001
00000101001100010000
00000001111110001110
00000000001011000111
00000000000101010000
00000000000010111110
00000000000010101010
00000000000010101010
00000000000010101010
00000000000010101010
00000000010110100111
00000001111000110001
00000010110101010111
00000010111010010001
00000100001010000110
00000100111101111011
00000010000010111110
00000000001000110100
00000000000101000000
00000000000010111010
00000000000010101010
00000000000010101010
00000000000010101010
00000000000010101010
00000000000101110101
00000000010010011100
00000000011101011000
00000000011001101110
00000010110010010000
00000100111000011001
00000010000101000000
00000000001010100101
00000000000101110010
00000000000010101110
00000000000010101010
00000000000010101010
00000000000010101010
00000000000010101010
00000000000101011101
00000000001000011000
00000000000111110111
00000000000111101010
00000010101000001100
00000101000110010011
00000010011110111011
00000000010110001000
00000000000110000010
00000000000010110001
00000000000010101010
00000000000010101010
00000000000010101010
00000000000010101010
00000000000011111010
00000000000110101111
00000000000110000001
00000000000101011111
00000010011110011101
00000101011010110010
00000011011010001110
00000000101011100011
00000000000101011101
00000000000010110111
00000000000010101010
00000000000010101010
00000000000010101010
00000000000010101010
00000000000011000100
00000000000011101101
00000000000011011000
00000000000011000000
00000001100001100011
00000011111100111100
00000010110011111011
00000000100001110110
00000000000101001110
00000000000010110101
00000000000010101010
00000000000010101010
00000000000010101010
00000000000010101010
00000000000010101010
00000000000010101010
00000000000010101010
00000000000010101010
00000000010101100101
00000001000110111011
00000000110011000010
00000000000110100101
00000000000100001011
00000000000010101101
00000000000010101010
00000000000010001011
00000000000010001011
00000000000010001011
00000000000010101000
00000000000110001100
00000000001001110100
00000000001001011111
00000000001001110101
00000000001000101100
00000000001000000001
00000000001000000001
00000000000111101100
00000000000101001101
00000000000010001011
00000000000010001011
00000000000010001011
00000000000010001011
00000000000100010110
00000000001010100110
00000000001110001000
00000000001100011001
00000000001101001101
00000000001011101100
00000000001010110001
00000000001100100100
00000000001011101010
00000000000110001111
00000000000010001011
00000000000010001011
00000000000010001011
00000000000010001011
00000000000011011011
00000000001110010000
00000001001110101000
00000001111011110111
00000001111100010111
00000001101000010010
00000000101100010011
00000000001101100101
00000000001001011010
00000000000100110010
00000000000010001011
00000000000010001011
00000000000010001011
00000000000010001011
00000000000111000010
00000001110110101111
00000100111101011011
00000101110011001111
00000101100100000010
00000100110100011100
00000010100110110101
00000000011100010001
00000000000110111101
00000000000011101101
00000000000010001011
00000000000010001011
00000000000010001011
00000000000010001011
00000000101101001101
00000011111111100011
00000110100101011011
00000101000011101000
00000101001111100010
00000110010000110011
00000100100001110001
00000000111011010111
00000000001000100100
00000000000100100100
00000000000010001011
00000000000010001011
00000000000010001011
00000000000010001011
00000001010011111110
00000100101111000011
00000101011010101010
00000001111011110001
00000010010011110101
00000100101100110011
00000100001011001011
00000000111011101111
00000000001101010011
00000000000110010100
00000000000010001011
00000000000010001011
00000000000010001011
00000000000010001011
00000001011001101010
00000100110100110111
00000101110110000100
00000011000011011110
00000010101011000101
00000100100111001111
00000100000010001111
00000000111000111010
00000000001011110110
00000000000101101011
00000000000010001011
00000000000010001011
00000000000010001011
00000000000010001011
00000001000111101100
00000011111001010111
00000110010110000100
00000110001010100011
00000110000000111100
00000110100111000001
00000100110101101010
00000001000010101101
00000000000111100011
00000000000100000110
00000000000010001011
00000000000010001011
00000000000010001011
00000000000010001011
00000000010000010110
00000001110100110101
00000011101010001100
00000100011010100101
00000100110001000011
00000110001110111011
00000101001011100010
00000001000101011011
00000000000111001110
00000000000011111100
00000000000010001011
00000000000010001011
00000000000010001011
00000000000010001011
00000000000011111000
00000000010000010001
00000000101000010000
00000000101111011001
00000001111110111100
00000101001001010000
00000101001110001010
00000001001001000011
00000000000111111111
00000000000011110111
00000000000010001011
00000000000010001011
00000000000010001011
00000000000010001011
00000000000011111001
00000000000111100100
00000000001010011110
00000000001000110001
00000001011111110101
00000100111100101000
00000101100001100010
00000001110000101100
00000000001010111001
00000000000011100111
00000000000010001011
00000000000010001011
00000000000010001011
00000000000010001011
00000000000011000010
00000000000110001111
00000000000111011001
00000000000110100000
00000001011100100010
00000101000001110101
00000110010001001011
00000010101100101011
00000000001010000101
00000000000011100000
00000000000010001011
00000000000010001011
00000000000010001011
00000000000010001011
00000000000010011110
00000000000011011111
00000000000011111011
00000000000010111111
00000001000111101100
00000011110110010000
00000100111010001010
00000010001110001000
00000000001001100000
00000000000011100001
00000000000010001011
00000000000010001011
00000000000010001011
00000000000010001011
00000000000010001011
00000000000010001011
00000000000010001011
00000000000010001011
00000000010000010111
00000001010000000110
00000001101101010101
00000000110000111101
00000000000111011110
00000000000011000010
00000000000010001011
00000000000010001011
00000000000010001011
00000000000010001011
00000000000010110110
00000000000010011101
00000000000010001011
00000000000001111101
00000000000010010100
00000000000001111101
00000000000010001111
00000000000010011101
00000000000001101010
00000000000001111000
00000000000010001011
00000000000010001011
00000000000010001011
00000000000010001011
00000000000011000001
00000000000001110101
00000000000010000111
00000000000001110011
00000000000010001101
00000000000001111000
00000000000010101001
00000000000001110111
00000000000001010101
00000000000010001000
00000000000010001011
00000000000010001011
00000000000010001011
00000000000010001011
00000000000101000001
00000000010011011110
00000000001011101101
00000000000011100101
00000000000010001011
00000000000000000000
00000000000000010000
00000000000001011001
00000000000010000011
00000000000010011101
00000000000010001011
00000000000010001011
00000000000010001011
00000000000010001011
00000000010001010010
00000000011000111010
00000000000011001100
00000000000110101111
00000000001100011110
00000000000010101010
00000000000000000000
00000000000001001101
00000000000001101111
00000000000010000110
00000000000010001011
00000000000010001011
00000000000010001011
00000000000010001011
00000000011101101000
00000000000100010110
00000000000000000000
00000000000011010000
00000000001111010011
00000000001011001111
00000000000000000000
00000000000000111100
00000000000001110001
00000000000010000001
00000000000010001011
00000000000010001011
00000000000010001011
00000000000010001011
00000000010110111111
00000000000001101011
00000000000001100110
00000000000000000000
00000000000011001101
00000000000000000000
00000000000100001000
00000000000011001111
00000000000001011000
00000000000001110111
00000000000010001011
00000000000010001011
00000000000010001011
00000000000010001011
00000000010001101110
00000000000011010110
00000000000101001110
00000000000011101000
00000000000110011110
00000000000000000000
00000000000001000000
00000000000001010101
00000000000010001100
00000000000010010111
00000000000010001011
00000000000010001011
00000000000010001011
00000000000010001011
00000000000011011110
00000000000001010110
00000000001110101111
00000000001010010101
00000000000110111000
00000000000010011100
00000000000000000000
00000000000000101100
00000000000001110001
00000000000010001101
00000000000010001011
00000000000010001011
00000000000010001011
00000000000010001011
00000000000001100110
00000000000000000000
00000000000000000000
00000000000000000001
00000000010100011001
00000000000111100110
00000000000000000000
00000000000001000110
00000000000001110000
00000000000010000111
00000000000010001011
00000000000010001011
00000000000010001011
00000000000010001011
00000000000010110010
00000000000001000011
00000000000000111110
00000000000001000101
00000000001101010000
00000000000000010000
00000000000000000000
00000000000000100011
00000000000001111111
00000000000010001101
00000000000010001011
00000000000010001011
00000000000010001011
00000000000010001011
00000000000010010001
00000000000010001100
00000000000001101110
00000000000010010001
00000000010011011001
00000000000000000011
00000000000001011100
00000000000000000000
00000000000001100110
00000000000010000100
00000000000010001011
00000000000010001011
00000000000010001011
00000000000010001011
00000000000010001011
00000000000001100111
00000000000010010011
00000000000010000011
00000000010001011110
00000000000010001011
00000000000000000000
00000000000000000000
00000000000010001111
00000000000010001011
00000000000010001011
00000000000010001011
00000000000010001011
00000000000010001011
00000000000010001001
00000000000001110101
00000000000010001100
00000000000010001100
00000000000011010010
00000000000000000000
00000000000010001011
00000000001001001000
00000000000001101010
00000000000010001100
00000000000010001011
00000000000010001011
00000000000010001011
00000000000010001011
00000000000010001011
00000000000010001011
00000000000010001011
00000000000010001011
00000000000001001101
00000000000000000000
00000000000100110100
00000000001000100100
00000000000010011110
00000000000010010001
00000000000010001011
00000000000111010000
00000000000111010000
00000000000111010000
00000000000111110110
00000000001001011000
00000000001001110111
00000000001010001000
00000000001010001010
00000000001001100000
00000000001000111100
00000000001001101001
00000000001000011100
00000000000111011010
00000000000111010000
00000000000111010000
00000000000111010000
00000000000111010000
00000000001001111011
00000000001101110110
00000000001101001001
00000000001101100000
00000000001110001001
00000000001100010010
00000000001100001010
00000000001100111110
00000000001010101011
00000000001000000101
00000000000111010000
00000000000111010000
00000000000111010000
00000000000111010000
00000000001001101111
00000000010000111110
00000000011010011010
00000000010011001010
00000000010100001111
00000000001011101100
00000000000101110101
00000000001110000111
00000000001010100101
00000000000111111011
00000000000111010000
00000000000111010000
00000000000111010000
00000000000111010000
00000000001110110011
00000001100011001011
00000010100000010100
00000010100100101000
00000010011101010111
00000001011001010110
00000000010001100010
00000000000101011110
00000000001000100011
00000000000111100011
00000000000111010000
00000000000111010000
00000000000111010000
00000000000111010000
00000000111010001111
00000011100100010101
00000100000111001111
00000011111101000100
00000100011010110110
00000011100111011100
00000001000110100110
00000000000101101100
00000000001001001010
00000000000111001101
00000000000111010000
00000000000111010000
00000000000111010000
00000000000111010000
00000001111100000011
00000011110110001010
00000010001100000100
00000001001011001010
00000011001011100100
00000100000000010100
00000001100111000010
00000000001101110010
00000000001010111101
00000000000111011010
00000000000111010000
00000000000111010000
00000000000111010000
00000000000111010000
00000010001001111111
00000011111111010111
00000010000011000101
00000000011110101000
00000001101000011000
00000010110100000111
00000001010011001011
00000000001011011101
00000000001011101000
00000000000111111011
00000000000111010000
00000000000111010000
00000000000111010000
00000000000111010000
00000001111100000000
00000011111010111001
00000011111000000100
00000010110100001101
00000011010011001110
00000011011111010001
00000001010011101010
00000000000110100011
00000000001010001001
00000000000111110101
00000000000111010000
00000000000111010000
00000000000111010000
00000000000111010000
00000000101100111011
00000010101101111100
00000011110011110010
00000011111100001111
00000100010010110100
00000100011000111001
00000001101000010010
00000000000110001111
00000000001000111110
00000000000111010010
00000000000111010000
00000000000111010000
00000000000111010000
00000000000111010000
00000000001001101001
00000000100100100000
00000000111100110111
00000001000110010111
00000010110001101001
00000100000111111100
00000001101001110111
00000000000111011000
00000000001001011010
00000000000111001011
00000000000111010000
00000000000111010000
00000000000111010000
00000000000111010000
00000000001001111101
00000000001100000001
00000000001100100011
00000000001010111101
00000010001111001100
00000011111100001101
00000001110011001111
00000000000111101011
00000000001001100000
00000000000111010111
00000000000111010000
00000000000111010000
00000000000111010000
00000000000111010000
00000000001000111100
00000000001011011100
00000000001010101010
00000000001010101110
00000010001011010011
00000100001111111011
00000010011000101101
00000000011010101110
00000000001001100010
00000000000111100011
00000000000111010000
00000000000111010000
00000000000111010000
00000000000111010000
00000000000111110111
00000000001001000110
00000000001000111001
00000000001000001100
00000001111011011101
00000100000001001000
00000010111001001001
00000000110001000111
00000000001001011101
00000000000111010001
00000000000111010000
00000000000111010000
00000000000111010000
00000000000111010000
00000000000111010000
00000000000111010000
00000000000111010000
00000000000111010000
00000000101100101010
00000010000000100001
00000001100101010111
00000000100010011101
00000000001000101110
00000000000111010011
00000000000111010000
00000000000000000000
00000000000000000000
00000000000000000000
00000000000000000000
00000000000000000000
00000000000000000010
00000000000000000000
00000000000000000000
00000000000000000000
00000000000000000000
00000000000000000000
00000000000000001001
00000000000000000100
00000000000000000000
00000000000000000000
00000000000000000000
00000000000000000000
00000000000000000000
00000000000000000000
00000000000000001000
00000000000000000011
00000000000000000000
00000000000000001011
00000000000000000000
00000000000000000000
00000000000000000000
00000000000000001010
00000000000000000000
00000000000000000000
00000000000000000000
00000000000000000000
00000000000000001000
00000000000000000000
00000000000000000000
00000000000000000000
00000000000000011011
00000000000010010101
00000000000011100101
00000000000000000000
00000000000000000000
00000000000000000100
00000000000000000000
00000000000000000000
00000000000000000000
00000000000000000000
00000000000000000000
00000000000000000000
00000000000000000000
00000000000000000000
00000000000000000000
00000000000000000000
00000000000000000000
00000000000001101100
00000000000000000000
00000000000000000110
00000000000000000000
00000000000000000000
00000000000000000000
00000000000000000000
00000000000000000000
00000000000000000000
00000000000000000000
00000000000000000000
00000000000000000000
00000000000000000000
00000000000011000010
00000000000000000000
00000000000000000110
00000000000000001010
00000000000000000000
00000000000000000000
00000000000000000000
00000000000000000000
00000000000000000000
00000000000000000000
00000000000001101111
00000000000100101110
00000000000000000000
00000000000000000000
00000000000000000000
00000000000000000000
00000000000000011011
00000000000000000011
00000000000000000000
00000000000000000000
00000000000000000000
00000000000000000000
00000000000000000000
00000000000000000000
00000000000000000000
00000000000000000000
00000000000000000000
00000000000000000000
00000000000000000000
00000000000000000000
00000000000000000000
00000000000000000100
00000000000000000000
00000000000000000000
00000000000000000000
00000000000000000000
00000000000001110000
00000000000000000000
00000000000000000000
00000000000000000000
00000000000000000000
00000000000000000000
00000000000011010011
00000000000000000001
00000000000000000000
00000000000000000010
00000000000000000000
00000000000000000000
00000000000000000000
00000000000000000000
00000000000111010000
00000000000010100011
00000000000000000000
00000000000000000000
00000000000000000000
00000000000000000000
00000000000000000000
00000000000000000000
00000000000000001111
00000000000000000001
00000000000000000000
00000000000000000000
00000000000000000000
00000000000000000000
00000000000000000000
00000000000101001010
00000000000010010011
00000000000000000001
00000000000000000000
00000000000000000000
00000000000000000000
00000000000000000000
00000000000000000010
00000000000000000011
00000000000000000000
00000000000000000000
00000000000000000000
00000000000000000000
00000000000000001001
00000000000000001010
00000000000000001000
00000000000000000000
00000000000000000000
00000000000000000000
00000000000000000000
00000000000001010100
00000000000000010000
00000000000000000001
00000000000000000000
00000000000000000000
00000000000000000000
00000000000000000000
00000000000000001011
00000000000000000110
00000000000000000000
00000000000000000010
00000000000000000000
00000000000000000000
00000000000000000000
00000000000010001101
00000000000000010001
00000000000000000001
00000000000000000000
00000000000000000000
00000000000000000000
00000000000000000000
00000000000000001000
00000000000000000111
00000000000000000011
00000000000000001000
00000000000001111001
00000000000000000000
00000000000000000000
00000000000000000000
00000000000000000000
00000000000000001000
00000000000000000000
00000000000000000000
00000000000000000000
00000000000000000000
00000000000000000000
00000000000000000000
00000000000000000000
00000000000000000000
00000000000111001110
00000000000110001001
00000000000000000000
00000000000000000000
00000000000000001011
00000000000000000010
00000000000000000000
