00000001001111110010
00000001011000001100
00000000000000000000
00000000000000000000
00000000000000000000
00000010110110100111
00000011100000110110
00000011111111011111
00000000100101010101
00000000000000000000
00000100010111011000
00000011110010101010
00000001011100011001
00000000011110000111
00000000000000000000
00000010011000100110
00000110101110000110
00000110101100000011
00000001101000101011
00000000000000000000
00000000001010011001
00000001100110000011
00000110010000110001
00000010011001010010
00000000000000000000
00000000000000000000
00000000000000000000
00000000010111011101
00000100111110000110
00000011001111011111
00000000000000000000
00000001010010011100
00000011101101000100
00000111110100110111
00000101101011110111
00000000000000000000
00000001100011010111
00000001001100110001
00001001001001100010
00000110100000010001
00000000000000000000
00000000110011111111
00000000000000000000
00000111111000001010
00000111011001101100
00000000000000001110
00000000010011010101
00000000000000000000
00000101001101100000
00000111111100011001
00000000001110100100
00000011100000111110
00000101101110110111
00000101001111100001
00000001110001110001
00000001010000000101
00000100000001110000
00000011011111111110
00000100000000010110
00000001110110000011
00000000001001010110
00000000111011111010
00000011111110011111
00000101000000011111
00000010010001010100
00000000000010101011
00000000000000000000
00000000001000000011
00000011001101110000
00000010100010100111
00000000000000100011
00000000000000000000
00000000000000000000
00000010011111011011
00000010011110100100
00000010010100100000
00001000101000010001
00001000111101111101
00000101110000100110
00000010100001010010
00000010001110000000
00000000101111000011
00000000001000010010
00000000010100010101
00000000001110111001
00000000010001001010
00000000011010100110
00000010111001111011
00000010010011111010
00000001000001111000
00000000000000000000
00000000000000000000
00000000000000000000
00000000000000000000
00000000111100010001
00000000000111000001
00000000001001100000
00000001001011111110
00000000101111010110
00000000100011110100
00000000000000000000
00000000000000000000
00000000000000000000
00000000000000000000
00000000000000000000
00000001010110110000
00000010010010011100
00000111000111000101
00000010111100100101
00000000110100101011
00000100011101011000
00000110110001101001
00000011111010110001
00000001000111101011
00000000111010011010
00000010001111011101
00001010000010101110
00001100000100110100
00000100011101100011
00000000111000100100
00000000000000100000
00000000101010001000
00000100100011110011
00000100100010010001
00000010000011010001
00000010011100000100
00000000000101111001
00000000000000000000
00000000000000000000
00000000000000000000
00000101001100111010
00000000100101010001
00000000101011110111
00000000000000000000
00000000000000000000
00000110010000000010
00000010000001101011
00000000110000001011
00000000000000000000
00000000000000000000
00000100010110011110
00000110010111101001
00001000010011000010
00000000000000000000
00000000000000000000
00000000110110111101
00000010100001001010
00000111010110101111
00000000000000000000
00000000000000000000
00000000101101000110
00000010100010000101
00000011011111001110
00000001011101101101
00000000000000000000
00000011010010000001
00000111011001011101
00000010100111101110
00000000110111110110
00000000000000000000
00000100010011010101
00000100010000101000
00000100001011111110
00000001100000111011
00000000000000000000
00000010111110001110
00000010100010010000
00000011100011001101
00000001100010010011
00000000000000000000
00000000101001000010
00000000011100111101
00000011001100111010
00000010001111010001
00000000000000000000
00000000000000000000
00000000000000000000
00000000000000000000
00000000000000000000
00000000000000000000
00000000000000000000
00000000000000000000
00000000000000000000
00000000000000000000
00000000000000000000
00000000000000000000
00000000000000000000
00000000000000000000
00000000000000000000
00000000000000000000
00000000000000000000
00000000000000000000
00000000000000000000
00000000000000000000
00000000000000000000
00000000000000000000
00000000000000000000
00000000000000000000
00000000000000000000
00000000000000000000
00000000010111000101
00000010111101111010
00000111011100000101
00000110001100100110
00000001011010100100
00000000000000000000
00000100110111100100
00000011100100110101
00000110010001010110
00000010010001110001
00000000000000000000
00000010110100011100
00000100011010110100
00000110010111010101
00000010000011100111
00000000000000000000
00000000000000000000
00000000111101000000
00000101110001101101
00000010011001101011
00000000000000000000
00000000000000000000
00000000000000000000
00000100011010011010
00000011010100111011
00000001100101111010
00000011010111111010
00000100111110111101
00000011011111101111
00000001010011001001
00000011100111111011
00000100011010010000
00000100111000011100
00000010110101001110
00000001110111101101
00000011001001010001
00000001110000101100
00000110011011100010
00000011000001010001
00000010101111101000
00000001101110010011
00000000101110100001
00000011110101001010
00000001111100110101
00000010111110111001
00000000010001011101
00000000010101111010
00000011000100010011
00000001001010101001
00000011001001010110
00000000000000000000
00000000101000001101
00000101010000001111
00000110001010000101
00000010010111111100
00000000000000000000
00000001110010010001
00000101100000011100
00000111100011110101
00000100011100101011
00000000000000000000
00000011010100111100
00000101101111111010
00001001010111011110
00000100101110100000
00000000000000000000
00000000000100001001
00000000110111100011
00001000010111010101
00000101011000110011
00000000000000100000
00000000000001101100
00000000000000000000
00000110001110001101
00000110010011110000
00000001100011110001
00000010100010100111
00000010101111111100
00000000110000100100
00000000110010101001
00000101000110000011
00000010110101010101
00000011111001110111
00000000100100101100
00000001100010111001
00000101001111000100
00000011101110000011
00000101100001011000
00000000011110010111
00000001101110110000
00000001101110011000
00000010011100010001
00000100100001010001
00000000000101100100
00000001100110110100
00000000000010101111
00000000100110101111
00000100101011000010
00000000100001110110
00000001111101100010
00000000001100001111
00000000000000000000
00000000000000000000
00000000000000000000
00000000001110110101
00000001111111010011
00000001111101110111
00000100011011010010
00000000000000000000
00000000110011001100
00000101001110100110
00000010001010000011
00000000100110111110
00000000000000000000
00000000011110001111
00000100100000000110
00001000101011000101
00000111000010111111
00000000000010110110
00000000011111011001
00000000100111010011
00000010001100011001
00000100001101100000
00000000000100101001
00000000011011111010
00000000000100000001
00000000011010110010
00000000100001111101
00000000001100000011
00000000101100110011
00000001000001011001
00000100001110010010
00000110001111100101
00000010110010100100
00000000001011100000
00000011000101100010
00000110000001101110
00000011010101011110
00000011100000110011
00000000100110100000
00000001111110010100
00000111001000011010
00000111011010111110
00000011110110101110
00000000010101000111
00000000010010010001
00000001011011100001
00000100101100100001
00000100111010010001
00000000001010111110
00000001110111111101
00000011000110100111
00000100011011010111
00000011001100001001
00000010001010000011
00000000100011010001
00000000000000000000
00000001101000110110
00000010000100110101
00000010011101101110
00000000000010101101
00000000100110000101
00000100000111001100
00000011001100000111
00000011110111010000
00000000000001000010
00000000000000000000
00000000101010000010
00000001100010011100
00000100001110001011
00000000010101101011
00000000111011100010
00000001011110001000
00000000111100110010
00000011010110010011
00000001011010101101
00000100011010010001
00000011100101111001
00000000100011101010
00000000000000000000
00000100111101110111
00000100001001100000
00000101011100101110
00000010111111110110
00000000010011101111
00000100010111000100
00000110000011100101
00000100010001111110
00000000101110110100
00000000000000000000
00000000010000111101
00000010110111011010
00000101110000110000
00000010011000100110
00000000000010100011
00000000000000000000
00000000000001101010
00000011000000000100
00000010111010000000
00000000011111100011
