11111111001001110001
00000100100110001111
00000111010010000110
00000010011101110111
11111111011101000010
00000110001110111011
00000101100000110110
00000101111100111101
11111001001101011100
00001000100100111001
11111010011111010000
00000100110110100001
00000011011101010111
11111100110011101110
11111010000100101100
00000010010001010111
00000001001001011110
00000100010010000111
00000010000100101011
00000001111110111100
00000001000100111110
00000100100100001100
00000011011000010001
00000110010100110010
00000010010111100011
00001011001001000111
00000110100100111111
00000111000101111011
00000001001010010110
00000101110000101101
00000010111100111100
00000001010101101101
00000000010000111111
00000001011101111001
11111111111100011101
11111011000001100100
00000000111111110001
00000110010110010011
11111110010101000101
11111110001101101010
00000010001010010001
00000011111001100100
00000111000010011101
00000101101010110110
00000010100110010100
00000011011010001110
11111110010010110110
00000001010100111000
11111111110011111111
11111110101010010100
00000001000101010011
00000000110011001001
11111110111011011100
11111010010111101111
00000011011011000011
11111101101110101000
00001101110110101010
00000110110111011111
00000100001111101001
00000110101111010110
00000111100001100100
11111110011000100000
00000111001001111100
00000101101100011111
00000111010111010000
00000001110110100101
00000010101110111101
11111000111001000011
11111010101111110000
00000011010111000110
00000011001101101100
00000101010010100001
11111101001011011100
11111110000010101001
11111100000111011110
00000000110010110010
11111110111100101000
00000000001000100000
00000010110110000100
00000011111011001110
11110111101100100011
11111110111111011101
00000101011010001000
00000111010100110000
