00000000000010110110
00000000000010110110
00000000000010110110
00000000000010111000
00000000000010110011
00000000000010101100
00000000000010101010
00000000000010101101
00000000000010101010
00000000000010100100
00000000000010110011
00000000000010110101
00000000000010110001
00000000000010100111
00000000000010110110
00000000000010110110
00000000000010110110
00000000000010111001
00000000000011000000
00000000000011000101
00000000000011000001
00000000000010110110
00000000000011000011
00000000000010111011
00000000000010101111
00000000000010100100
00000000000010101101
00000000000010111100
00000000000010110110
00000000000010110110
00000000000010110110
00000000000010111010
00000000000011001110
00000000000100001011
00000000000010111100
00000000000000110111
00000000000000000011
00000000000000000000
00000000000000000010
00000000000000000000
00000000000000000000
00000000000000111010
00000000000010110110
00000000000010110110
00000000000010110110
00000000000010111101
00000000000011011110
00000000000001010011
00000000000000000000
00000000000000000000
00000000000000000000
00000000000000000000
00000000000000000000
00000000000000000000
00000000000000000000
00000000000000001010
00000000000010110110
00000000000010110110
00000000000010110110
00000000000011000101
00000000000011110100
00000000000000111011
00000000000111011000
00000000010111011111
00000000101001000111
00000000101101101110
00000000101111110111
00000000101110110100
00000000100000100011
00000000001001100001
00000000000010110110
00000000000010110110
00000000000010110110
00000000000011110101
00000000000110111101
00000000001111110111
00000000100011011111
00000000101011001010
00000000101010101110
00000000101100011101
00000000110000101011
00000000101111101010
00000000011101011110
00000000001000100011
00000000000010110110
00000000000010110110
00000000000010110110
00000000000011101000
00000000001000010111
00000000011000001000
00000000100000101100
00000000001011101010
00000000000000000000
00000000000000111010
00000000000101101110
00000000000110010100
00000000000101000011
00000000000011001001
00000000000010110100
00000000000011010110
00000000000010001111
00000000000011010100
00000000010110111100
00000000111000110110
00000001000001110000
00000000101011101111
00000000001001101111
00000000000000000000
00000000000010010001
00000000000011001011
00000000000010111111
00000000000010111111
00000000000010110001
00000000000011000101
00000000000000101000
00000000000000000000
00000000000111010111
00000000011010110000
00000000100001111101
00000000100011011001
00000000011100011111
00000000000111010100
00000000000010111110
00000000000011101110
00000000000011101100
00000000000011011011
00000000000011010010
00000000000110000101
00000000001001100001
00000000001001101100
00000000000000000000
00000000000000100100
00000000000010110001
00000000001001010001
00000000011011011001
00000000010011110010
00000000000100010110
00000000000011000111
00000000000010111000
00000000000010111000
00000000000010111100
00000000001000001010
00000000011011010001
00000000101001100010
00000000010000001000
00000000000000000000
00000000000000000000
00000000010010001000
00000000100111010000
00000000010100011100
00000000000011111101
00000000000010111111
00000000000010110101
00000000000010110110
00000000000010110100
00000000000100110010
00000000010100000100
00000000101101010101
00000000110111100001
00000000101000111100
00000000101100011011
00000000110001100010
00000000011110011101
00000000000111010011
00000000000010111111
00000000000010110001
00000000000010111001
00000000000010110110
00000000000011011111
00000000000011111100
00000000000101000101
00000000010000011000
00000000100110100011
00000000111000011101
00000000110000101100
00000000011001010011
00000000000110111100
00000000000011100010
00000000000011010001
00000000000011011011
00000000000011000000
00000000000010110110
00000000000010110110
00000000000010110110
00000000000010110110
00000000000011011010
00000000000101010111
00000000000111100011
00000000000110100111
00000000000100000111
00000000000010111010
00000000000010111010
00000000000010111100
00000000000010111101
00000000000010110110
00000000000010110110
00000000000010101010
00000000000010101010
00000000000010101010
00000000000011000100
00000000000100001001
00000000000100010110
00000000000011100100
00000000000100101100
00000000000101001100
00000000000011101001
00000000000011001000
00000000000011101111
00000000000100011001
00000000000100101110
00000000000010101010
00000000000010101010
00000000000010101010
00000000000011001101
00000000000100100010
00000000000101010001
00000000000101000011
00000000000110010011
00000000000110011100
00000000000100110110
00000000000100110000
00000000000101010000
00000000000101001110
00000000000101001000
00000000000010101010
00000000000010101010
00000000000010101010
00000000000011001010
00000000000100011110
00000000001011001100
00000000011110011000
00000000101111001000
00000000110011010101
00000000110100000001
00000000111111000101
00000000111110001100
00000000011100000010
00000000000101011010
00000000000010101010
00000000000010101010
00000000000010101010
00000000000011100010
00000000010011011110
00000001010010101010
00000010101110111010
00000011011010100100
00000011011100001010
00000011011111001011
00000011110101001010
00000011010100100111
00000001010111111110
00000000001101001101
00000000000010101010
00000000000010101010
00000000000010101010
00000000000110001101
00000000111111011011
00000011010011111000
00000100100011101000
00000011110010100100
00000011000010111011
00000011000001101000
00000011011001010101
00000010101111101000
00000000111010110011
00000000000110010100
00000000000010101010
00000000000010101010
00000000000010101011
00000000010001011100
00000010000000011011
00000100100010001001
00000100000111001000
00000001110111010100
00000000110000011100
00000000101100111000
00000000111010001100
00000000101011100011
00000000001011110000
00000000000011000110
00000000000010101010
00000000000010101011
00000000000010110000
00000000100101110000
00000010111011010001
00000100110000000110
00000100010010110001
00000010110100001011
00000001001011010100
00000000010000110101
00000000001000111010
00000000000111110110
00000000000101000011
00000000000011111010
00000000000011010010
00000000001000000111
00000000010010110101
00000000101000101111
00000001110111110101
00000010010111011001
00000010101110110011
00000011101010010000
00000010010110100001
00000000100011111010
00000000000111100110
00000000000110010110
00000000000101000111
00000000000011111110
00000000000101000001
00000000100001011111
00000001101110101100
00000001011101101011
00000000101001100001
00000000011001101001
00000001001111111001
00000011101111110011
00000010111100001100
00000000100111110010
00000000000110000000
00000000000100011000
00000000000011010010
00000000000011001011
00000000000100100100
00000000110001111111
00000011001001111001
00000011001111000101
00000001011011100001
00000000110001011000
00000010000111110010
00000011111110100110
00000010011111011110
00000000011000010111
00000000000100001101
00000000000011011010
00000000000010101011
00000000000010101011
00000000000100110011
00000000011100100100
00000010010110010110
00000011110101111010
00000011011111110000
00000011011011101010
00000011111111110110
00000011001110111100
00000001000101101110
00000000000100110111
00000000000011100010
00000000000011011100
00000000000010110100
00000000000010101010
00000000000101110011
00000000001000001101
00000000101100100011
00000010001010100110
00000011001111110110
00000011100011000111
00000010101101101111
00000001000101001001
00000000001000111110
00000000000010101100
00000000000100110010
00000000000100000011
00000000000010110011
00000000000010101010
00000000000011101100
00000000000011011011
00000000000101001000
00000000011011010100
00000000111110000001
00000001000001100100
00000000100001100001
00000000000101010010
00000000000010011010
00000000000011001101
00000000000011110101
00000000000010111111
00000000000010101001
00000000000010101010
00000000000010101010
00000000000010101010
00000000000010101010
00000000000011001110
00000000000101000101
00000000000101100100
00000000000011100011
00000000000010010111
00000000000010101101
00000000000010101010
00000000000010101111
00000000000010101010
00000000000010101010
00000000000010101010
00000000000010001011
00000000000010001011
00000000000010001011
00000000000010010111
00000000000011001001
00000000000100001111
00000000000011111000
00000000000011100101
00000000000101000100
00000000000100011110
00000000000010111101
00000000000011000010
00000000000011100111
00000000000100100001
00000000000010001011
00000000000010001011
00000000000010001011
00000000000010011100
00000000000011110100
00000000000101000000
00000000000100111111
00000000000101110010
00000000000111000110
00000000000110000011
00000000000100001101
00000000000101000011
00000000000110100111
00000000000101110011
00000000000010001011
00000000000010001011
00000000000010001011
00000000000010011011
00000000000011001110
00000000000100010100
00000000001100011110
00000000101000110001
00000000111011010000
00000000111011111110
00000000111111010011
00000001010000101101
00000001000101110101
00000000010011111001
00000000000010001011
00000000000010001011
00000000000010001011
00000000000010010001
00000000000100000000
00000000100111011001
00000010010101111110
00000011111000100011
00000100001000011001
00000100000001001100
00000100010001001010
00000100011001101100
00000010111101101010
00000000101100101001
00000000000010001011
00000000000010001011
00000000000010001011
00000000000010110001
00000000011011110100
00000010011101010100
00000101011010110011
00000101110010101110
00000100100100111100
00000100001100001001
00000100011111101110
00000100010111101101
00000010100001111011
00000000100011000100
00000000000010001011
00000000000010001011
00000000000010001011
00000000000100010101
00000001000101101000
00000100001110101011
00000110000100111101
00000100001110110110
00000001111011111000
00000001001101100010
00000001011001100100
00000001010111111011
00000000101111000010
00000000001011001011
00000000000010001011
00000000000010001011
00000000000010001101
00000000010001010011
00000010000110110010
00000101001111001110
00000101110111010000
00000100010011101111
00000010100010010000
00000000110011101011
00000000001100011010
00000000001010111000
00000000001000000010
00000000000100111111
00000000000010101000
00000000000010000101
00000000001001011110
00000000101100100000
00000001110111000010
00000011010001010101
00000011101001001111
00000100000111000111
00000100001100101100
00000001110111100110
00000000001101011101
00000000000111100000
00000000000110000100
00000000000100101010
00000000000100001001
00000000001011110100
00000001000100101001
00000010001101000100
00000001011101110110
00000000101110101110
00000000111110001010
00000011010000100110
00000100111100011110
00000010010111110111
00000000001101110111
00000000000101100111
00000000000011111100
00000000000011010000
00000000000100000011
00000000011101110010
00000010010010110111
00000100000110001111
00000010111110000010
00000001000010000010
00000001100011110011
00000100010001100100
00000100101111111100
00000001101110011110
00000000001001101101
00000000000011111000
00000000000010100110
00000000000010001110
00000000000011101001
00000000010110011011
00000001111101110111
00000100000100101011
00000100100110001010
00000100001000101101
00000100101100111100
00000100111001011110
00000010111000101000
00000000101010001101
00000000000100111001
00000000000011111101
00000000000010110110
00000000000010001011
00000000000100110000
00000000001000000111
00000000101000110010
00000010001101011010
00000011111010101101
00000100110011100101
00000100011001111101
00000010101101001010
00000000110100101110
00000000001000100000
00000000000100010111
00000000000100110000
00000000000010110100
00000000000010001011
00000000000011011001
00000000000011110111
00000000000100101010
00000000011001100100
00000001001011011111
00000001101101001010
00000001010110000110
00000000100001111101
00000000000110011011
00000000000011011000
00000000000011101000
00000000000011101000
00000000000010010111
00000000000010001011
00000000000010001011
00000000000010001011
00000000000010001011
00000000000010100100
00000000000101000011
00000000000111100101
00000000000110000100
00000000000011000100
00000000000010010001
00000000000010001101
00000000000010010011
00000000000010010001
00000000000010001011
00000000000010001011
00000000000010001011
00000000000010001011
00000000000010001011
00000000000010010011
00000000000010010100
00000000000010001100
00000000000010001001
00000000000010011100
00000000000001111101
00000000000001111111
00000000000010001101
00000000000010001101
00000000000010100101
00000000000010000101
00000000000010001011
00000000000010001011
00000000000010001011
00000000000010010011
00000000000010000110
00000000000010001011
00000000000010100001
00000000000010001110
00000000000010000111
00000000000010010010
00000000000010100011
00000000000010000111
00000000000001101010
00000000000001100111
00000000000010001011
00000000000010001011
00000000000010001011
00000000000010001111
00000000000010011110
00000000000101100110
00000000001010100101
00000000000110111011
00000000000011010101
00000000000011111101
00000000000110110101
00000000000001010001
00000000000000000000
00000000000000100010
00000000000010001011
00000000000010001011
00000000000010001011
00000000000010100110
00000000001001000001
00000000010101100111
00000000001100000001
00000000000001100111
00000000000000100010
00000000000010000110
00000000000010110001
00000000000000000000
00000000000000000000
00000000000000100010
00000000000010001011
00000000000010001011
00000000000010001011
00000000000011101101
00000000010001100100
00000000001111010010
00000000000000000000
00000000000000000000
00000000000000111110
00000000000011110110
00000000000010100010
00000000000000000000
00000000001001010101
00000000000101000100
00000000000010001011
00000000000010001011
00000000000010001100
00000000001000010100
00000000010110000011
00000000000010100101
00000000000000000000
00000000000000000000
00000000000000000000
00000000000000000000
00000000000000000000
00000000000000000000
00000000000100010110
00000000000010101001
00000000000010001011
00000000000010001100
00000000000010001110
00000000001011101100
00000000001010011101
00000000000000000000
00000000000110000100
00000000000110011101
00000000000000000000
00000000000000000000
00000000000001000010
00000000000001010001
00000000000010000000
00000000000001111010
00000000000010010001
00000000000101000001
00000000000110000101
00000000000001111010
00000000000000000000
00000000000000000000
00000000001000001101
00000000010010100011
00000000000000011111
00000000000000000000
00000000000001100011
00000000000010000101
00000000000010010000
00000000000010000111
00000000000010010100
00000000001100111111
00000000001110100001
00000000000000000000
00000000000000000000
00000000000000100000
00000000001011100011
00000000000011111000
00000000000000000000
00000000000000100101
00000000000001110100
00000000000001111001
00000000000010000011
00000000000010000100
00000000000010000111
00000000001010100011
00000000001010100010
00000000000110101110
00000000000000111110
00000000000100111101
00000000010001011111
00000000000000000000
00000000000000000000
00000000000110011100
00000000000010010111
00000000000010001110
00000000000010001011
00000000000010001010
00000000000010010111
00000000000001111111
00000000000000000000
00000000001010001001
00000000010010100000
00000000000110000000
00000000000000010111
00000000000000000000
00000000000101101010
00000000000110001110
00000000000010011100
00000000000010000000
00000000000010000110
00000000000010001011
00000000000010000100
00000000000001101100
00000000000000001010
00000000000000000000
00000000000101011101
00000000000010011011
00000000000000000000
00000000000100000110
00000000000101110101
00000000000010101101
00000000000010000000
00000000000001111110
00000000000010001111
00000000000010001011
00000000000001110010
00000000000010000110
00000000000001101011
00000000000000010000
00000000000000000000
00000000000000000000
00000000000001100001
00000000000100000111
00000000000010001100
00000000000010010001
00000000000001111001
00000000000010010110
00000000000010001101
00000000000010001011
00000000000010001011
00000000000010001011
00000000000010001011
00000000000010000001
00000000000001001100
00000000000001000100
00000000000001101011
00000000000010001001
00000000000010001011
00000000000010001011
00000000000010001000
00000000000010001011
00000000000010001011
00000000000010001011
00000000000111010000
00000000000111010000
00000000000111010000
00000000000111011110
00000000001000000101
00000000000111111101
00000000000111100001
00000000001000000001
00000000001000100110
00000000000111100100
00000000000111100011
00000000001000000010
00000000000111111100
00000000001000000111
00000000000111010000
00000000000111010000
00000000000111010000
00000000000111101011
00000000001000110010
00000000001001001000
00000000001000011111
00000000001001100100
00000000001001011010
00000000000111111101
00000000000111011111
00000000000111111100
00000000001000101100
00000000001001000100
00000000000111010000
00000000000111010000
00000000000111010000
00000000000111101101
00000000001000011111
00000000001000110011
00000000001011011001
00000000001100101010
00000000001010011110
00000000001001010001
00000000001010111110
00000000010000010101
00000000000101100111
00000000000100011011
00000000000111010000
00000000000111010000
00000000000111010000
00000000000111011101
00000000001000100000
00000000011100110100
00000001000110110001
00000001100000010110
00000001100100111001
00000001101001000000
00000001111001111010
00000001101101101110
00000000101101000110
00000000000110111000
00000000000111010000
00000000000111010000
00000000000111010000
00000000001000000110
00000000100010011101
00000010000001011011
00000011011000011000
00000011011001111011
00000011010001010110
00000011010100011101
00000011100110110111
00000010111111001010
00000001001001101011
00000000001111000000
00000000000111010000
00000000000111010000
00000000000111010000
00000000001010101011
00000001010001001001
00000011010111011001
00000011011011101011
00000010000010111010
00000001010110011010
00000001011100110001
00000001110000011111
00000001010111100000
00000000100101011110
00000000001100011101
00000000000111010000
00000000000111010000
00000000000111010011
00000000011010101001
00000010001110100001
00000011111100010001
00000011001010010111
00000001101100000000
00000000011111011101
00000000000110110100
00000000001111010001
00000000001110001001
00000000001010100010
00000000001000010101
00000000000111011000
00000000000110011000
00000000001010111000
00000000100111010000
00000010010000010011
00000011001000100101
00000011010000110010
00000010111011110100
00000001100010111101
00000000001110100010
00000000001001101001
00000000001010010110
00000000001001001000
00000000001000010011
00000000001000100001
00000000010000001001
00000000101110100000
00000000110001100101
00000000101000101101
00000000110011011001
00000001011010000111
00000011001100111010
00000010010110101001
00000000100000100011
00000000001001011111
00000000001001100101
00000000001000101100
00000000001000010010
00000000001001011001
00000000101100111001
00000010001100101011
00000001111010011110
00000000100001111110
00000000000110000110
00000001001000001011
00000011000111001001
00000010001101011010
00000000100011110101
00000000001001100000
00000000001000000000
00000000000111010010
00000000000111010100
00000000001000011011
00000000101000110010
00000010100110110110
00000011000110110011
00000010000101011010
00000001100100110110
00000010101010010110
00000010111110000001
00000001011011101101
00000000010110111110
00000000001000111011
00000000000111101111
00000000000111010101
00000000000111010000
00000000001001100011
00000000010000000001
00000001001100110100
00000010110010100000
00000011011101000100
00000011100011011011
00000011000110110100
00000001101010111110
00000000100011010001
00000000001011001000
00000000001000101000
00000000001000010000
00000000000111011011
00000000000111010000
00000000001001001111
00000000001000111111
00000000001101011101
00000000110110000000
00000001101101111000
00000001111101010000
00000001001101100010
00000000011101000001
00000000001010111000
00000000001000011101
00000000001000111001
00000000001000000101
00000000000111011000
00000000000111010000
00000000000111010000
00000000000111010000
00000000000111010000
00000000001000110111
00000000001101000111
00000000001111000100
00000000001011010011
00000000001000001100
00000000000111010110
00000000000111010111
00000000000111011100
00000000000111010110
00000000000111010000
00000000000111010000
00000000000000000000
00000000000000000000
00000000000000000000
00000000000000000000
00000000000000000000
00000000000000000000
00000000000000000000
00000000000000000000
00000000000000000000
00000000000000000000
00000000000000000001
00000000000000000000
00000000000000000000
00000000000000000000
00000000000000000000
00000000000000000000
00000000000000000000
00000000000000000000
00000000000000000000
00000000000000000000
00000000000000000000
00000000000000000000
00000000000000000000
00000000000000000000
00000000000000000000
00000000000000000000
00000000000000001001
00000000000000000011
00000000000000000000
00000000000000000000
00000000000000000000
00000000000000000000
00000000000000000000
00000000000000000000
00000000000000000000
00000000000000000000
00000000000000000000
00000000000000000000
00000000000000000000
00000000000000000000
00000000000001001010
00000000000000111110
00000000000000000000
00000000000000000000
00000000000000000000
00000000000000000000
00000000000000000000
00000000000000000000
00000000000000000000
00000000000000000000
00000000000000000000
00000000000000000000
00000000000000000000
00000000000000000000
00000000000000000000
00000000000000000000
00000000000000000000
00000000000000000000
00000000000000000000
00000000000000000000
00000000000000000000
00000000000000000000
00000000000000000000
00000000000000000000
00000000000000000000
00000000000000000000
00000000000000000000
00000000000000000000
00000000000000000000
00000000000000000000
00000000000000000000
00000000000000000000
00000000000000000000
00000000000000000000
00000000000000000000
00000000000000000000
00000000000000000000
00000000000000000000
00000000000000000000
00000000000000000010
00000000000000010011
00000000000000000000
00000000000000000000
00000000000000000000
00000000000000000000
00000000000000000000
00000000000000000000
00000000000000000000
00000000000000000000
00000000000000000000
00000000000000000000
00000000000000000000
00000000000000000000
00000000000000101011
00000000000000001000
00000000000000000000
00000000000000000000
00000000000000000000
00000000000000000000
00000000000000000000
00000000000000000000
00000000000001001011
00000000000001010110
00000000000000000000
00000000000000000000
00000000000000000000
00000000000000000000
00000000000000000000
00000000000000000000
00000000000000000000
00000000000000000000
00000000000000000000
00000000000000000000
00000000000000000000
00000000000000000000
00000000000001100010
00000000000010001100
00000000000000000000
00000000000000000000
00000000000000000000
00000000000000000000
00000000000000000000
00000000000000000000
00000000000000000001
00000000000000000010
00000000000000000000
00000000000000000000
00000000000000000000
00000000000000000000
00000000000000000000
00000000000000000000
00000000000000000000
00000000000000000000
00000000000000000000
00000000000000000000
00000000000000000000
00000000000000000000
00000000000000000000
00000000000000000001
00000000000000000000
00000000000000000000
00000000000001101110
00000000000000000100
00000000000000000000
00000000000000000000
00000000000000000000
00000000000000000000
00000000000000000000
00000000000000000000
00000000000000000000
00000000000000000001
00000000000000000000
00000000000000000001
00000000000000000000
00000000000000000000
00000000000001101001
00000000000101000101
00000000000000011001
00000000000000000000
00000000000000000000
00000000000000000000
00000000000000000000
00000000000000000000
00000000000000000000
00000000000000000000
00000000000000000111
00000000000000000001
00000000000000000000
00000000000000000110
00000000000000000000
00000000000001010111
00000000000100111011
00000000000001010111
00000000000000000000
00000000000000000000
00000000000000000000
00000000000000000000
00000000000000000100
00000000000000000000
00000000000000000011
00000000000000000000
00000000000000000000
00000000000000000000
00000000000000000000
00000000000000000000
00000000000000011110
00000000000000101010
00000000000000000000
00000000000000000000
00000000000000000000
00000000000000000000
00000000000000000010
00000000000000000000
00000000000000000000
00000000000000000000
00000000000000000000
