0000000000011101
1111111111011011
0000000101111101
0000010010101011
0000010110100010
0000000111100110
1111110010111010
1111101100110111
1111101011000011
1111100010000111
0000000000001011
0000000101010101
0000011000010111
0000100011001001
0000010000011101
1111101010100010
1111010101110111
1111010110101111
1111001111010010
1111000000011100
0000000011000010
0000010101100011
0000101110010101
0000101101000001
0000010010011110
1111111110000000
0000000100110001
0000010000101110
0000001010100001
1111110100010111
0000001011011110
0000100101010001
0000110101100111
0000101001011011
0000010010110111
0000001111110010
0000100001011001
0000110101100101
0000111111010010
0000101100011010
0000010101011101
0000101111101110
0001000000110111
0000111101101101
0000100010001111
0000000011011011
1111111011110010
0000001011000010
0000100010110011
0000100100000111
0000010001011111
0000101000000100
0001001101110100
0001101010011010
0001011010001100
0000011001011010
1111100011110111
1111010111010001
1111101111000110
0000000101011100
1111111101110111
0000000001011101
0000101101000010
0001100111011010
0001111001101111
0000110111001011
1111100011100001
1111001000011101
1111011111000010
1111111000111010
0000001100010001
1111110011000111
1111111100100001
0000011101001000
0000111010100001
0000100011010101
1111101100010101
1111011011000100
1111101001010010
1111111001111001
0001000101110001
0000100010100110
1111111011000100
1111100100001001
1111110101100101
0000001110101010
0000000001111100
1111110011111101
1111110100101110
1111111100100011
0001100001100101
0001011110010111
0000101111101110
0000001011111010
0000010100101101
0000100011010010
0000010000101111
1111111101111111
1111111011110101
1111111111010000
0000000001011100
1111111100100010
1111101100011010
1111010011101110
1111001010011100
1111011100101101
1111110011111110
1111110110110010
1111111000011111
0000010110100011
1111111111011111
1111101110100000
1111000011011001
1110011000110011
1110100111011011
1111100101001001
0000000110111000
1111111000110111
1111110111111110
0000101100101010
1111111011010111
1111011000110001
1110010010000100
1101110001001101
1111000010101101
0000111000111001
0001010100100111
0000101010110100
0000100000011011
0001010100101000
1111110011100011
1110111011010010
1101100011000101
1101101001010100
0000000010110000
0010001100011001
0010010001100101
0001011100000110
0001001010110101
0001100010111110
1111101001011111
1110101111000011
1101101111111010
1110100101001100
0000110110101100
0010001000010000
0010001000110011
0001110000011110
0001010101001110
0001000100001001
1111010011111101
1110111101001100
1111000100111100
0000000010010010
0000101111011001
0000111001000100
0001100101001101
0001111110101101
0001001110010010
0000011110001110
1110101011010010
1111001100111110
0000010101100000
0000101111110111
1111111111011100
0000000000111010
0001101101001100
0010010111101011
0001001000111011
0000001101110101
1110001111110000
1111010001100111
0000100011101100
0000010101011111
1111011011110111
0000010010100110
0010011001110110
0010011110101011
0000110111010100
0000000110001100
1110100010000000
1111010110001011
0000001000110111
1111110011100001
1111101101111100
0001010100110000
0010110011110110
0001111101100111
0000011011110001
0000000000001101
1111010010101111
1111101110001000
0000000001001110
0000000010111100
0000110101100011
0010001011111111
0010010010001110
0001000000001010
0000000101000100
1111111111000100
0000000000101000
1111111111101010
0000000000101011
0000001011011101
0000100010010010
0000111001111110
0001000010001110
0001000010011000
0001000110010110
0001000111111101
1111111111001111
1111111100110010
0000000101000000
0000100010101001
0001001010110101
0001011110001111
0001010100100110
0001001000010001
0001000101111110
0001000000101011
1111111110001010
0000000001000101
0000011100001100
0001001001001010
0001101010001011
0001100100011001
0001000110010011
0000101011000101
0000010101100000
0000001010011010
1111111111000011
0000001010000010
0000100011111001
0000111001011110
0001000000100111
0000111000111010
0000100110100001
0000001110001101
1111110010010110
1111101010110100
0000001001110011
0000011010101000
0000011101000000
0000001101111001
0000001101001011
0000011110101110
0000101100000111
0000011110111000
0000000011101010
1111111010010101
0000011010111010
0000101101001100
0000011101101011
1111111110000111
1111111111100011
0000011111000001
0000111100100100
0000110011011100
0000010101000101
0000000101100101
0000011101011101
0000101110101100
0000100100101100
0000010111011001
0000011100001000
0000110000101101
0000111110001101
0000101100000111
0000010000100010
0000000011100101
0000001111011110
0000011100000001
0000101001110001
0000111100010011
0001001000001001
0000111110000110
0000101010110010
0000010101000100
0000000111000101
0000000001111101
1111111110010010
0000000111111111
0000100111110110
0001000101011010
0000111100011001
0000011100100100
0000000110101110
0000000001010110
0000000010001111
0000000001110011
1111110111111101
1111111110011001
0000010001101101
0000010011101011
1111111011101101
1111101100101110
1111110010101000
1111111101010101
0000000010011100
0000000001110000
0000000001110111
0000000001010000
0000001011101011
0000110001101000
0001101000000111
0010010110101100
0010101001000111
0010100110111101
0010100001001010
0010001010110111
0000000010011001
0000001100001000
0000110111101100
0001111011100001
0010101011110101
0010101011000001
0010000001101101
0001011001001000
0000111010001001
0000010111111000
0000000101010000
0000011110000100
0001010011011000
0001110001010000
0001010110110100
0000001110101111
1111000110011001
1110011110110101
1110000100011001
1101111011001001
0000001100011100
0000101011101010
0001000011110101
0000101001000011
1111101011100000
1110110111101100
1110101011110010
1110101111100000
1110100010100010
1110011111101111
0000011001001010
0000101010010011
0000011001011011
1111100010111110
1110111010011001
1111010000010110
0000000101100010
0000100100001001
0000011001111000
0000000101010001
0000101001010110
0000100011011001
1111110110010000
1111000001111001
1110111000111010
1111100111000001
0000010111000011
0000100010111000
0000011000111010
0000001110011000
0000111011011110
0000110001101100
0000010110101011
0000010100001101
0000101111101011
0000110011010110
0000010111010011
1111110000111110
1111101101011111
1111111100100111
0000100100010000
0000100111111011
0000111111001110
0001110100100111
0010000011001000
0001000000110111
1111101011001111
1111000011001100
1111011101011100
1111111100011011
1111101101011110
1111110000101010
0000000111100000
0000010101111110
1111110110101001
1110110111111100
1110011000111110
1110111000001100
1111101101000101
0000000010100100
1111001110110011
1110111000011101
1110011101101010
1101110111001001
1101011101100101
1101101010000011
1110011111001001
1111100000011111
0000000010100111
0000000100100010
1111111111111001
1111111001001011
1111100000000101
1110110000000010
1101111101101011
1101011011110101
1101010001110010
1101010111100001
1101011101101011
1101110011101111
1111111110000000
1111110000111001
1111001101101011
1110100001000111
1110001110010100
1110101000110100
1111100000111101
0000000111111101
0000001100001011
0000001000100011
1111111110000101
1111110101011110
1111100001011111
1111010100010001
1111110000111011
0001000000000100
0010010111011010
0011000001110100
0010111110001100
0010011111101111
0000000001001000
0000001011010000
0000001110000011
0000001111001110
0000100001100101
0001000011000110
0001100001111011
0001111000000011
0010001010110100
0010000101101001
1111111000101001
0000011000011001
0001000100000011
0001101110100001
0001110011001010
0000111110101111
0000000111101010
1111111010100011
0000010111000011
0000101100000001
1111010001101111
1111100111111001
0000110100010001
0010001101001010
0010011011000110
0001010010111111
0000001001011001
1111110010000111
1111111111010101
0000001000000100
1110111011111001
1110100001001101
1111000100001000
0000000111110001
0000101110110110
0000100111010110
0000011111001111
0000101000100111
0000011111001111
0000001010011110
0000000111100000
1111010101100001
1110110101001101
1110110011100110
1111011001101100
0000011001101101
0001001101001011
0001011011000111
0000110001110100
0000001010101010
0001101100001110
0001101011101110
0001011010000101
0001000001010001
0001001000101010
0001110111001110
0010000111011111
0001100001111111
0000100110010100
0000000101111001
0001111010001110
0010110101100010
0011010010001110
0011001010000011
0010110111001110
0010100110011110
0001111001110111
0000111101001001
0000010001110000
0000000010110011
0000000100100001
0000001111111000
0000011100010100
0000010001011010
1111101110011001
1111001101100010
1110111100010100
1110110011110011
1110100001110010
1110010010011000
0000001001101001
0000011110011111
0000100101010001
1111111101100110
1111000000010100
1110011101101100
1110100000010110
1110101110000101
1110100101010010
1110010101101001
0000010010010100
0000101110100111
0000110000011100
1111111011011111
1110111010111101
1110101001010010
1111010010111101
0000000001110010
0000000001111000
1111101001110100
0000011000110111
0000111011100100
0001000100000111
0000010101010011
1111010101101111
1111000001011100
1111110000000111
0000101010110001
0000110101010001
0000100011001000
0000010111101100
0000111000110010
0001001101011011
0000110101101001
0000000100101100
1111011011000001
1111011100100001
1111111011100101
0000010011000010
0000011011100101
0000010011010011
0000011111100001
0000111000100010
0001001001110100
0000110101101110
1111110101101010
1111000010100000
1111000100101100
1111100110000010
0000000000101000
0000010011000111
1111111011110011
0000000100100011
0000101101110001
0000110001101001
1111110100011110
1110111010011111
1110111111100011
1111100111110001
1111111110110011
0000100001000110
1111110000000101
1111010101110110
1111100111111000
1111101101010111
1111001011011101
1110111001110001
1111011001111001
0000000010010010
0000000111110000
0000111000010010
0000001110010010
1111101100010011
1111101010000110
1111100000010111
1111001110000111
1111011000100110
0000000000001111
0000010101110100
0000001010011111
0001001100100001
0001000001001011
0000111001001010
0000110100001001
0000011010110111
0000000100010010
0000001001010100
0000011010001000
0000010111001011
0000000111011001
0000000100001111
0000001001100110
0000001100111100
0000001101001100
0000001101001011
0000001001000011
0000000111101000
0000001100100100
0000010001000110
0000001100100110
0000000101010010
0000001000101001
0000001010110010
0000010110010110
0000100000011101
0000100010011001
0000101010001101
0000111010010110
0001001010100100
0001000000110011
0000000100111100
0000000110010010
0000011100110101
0001001010010111
0001011001000000
0001000110010111
0000110111000000
0000111110011100
0001001010001101
0000110000010011
1111111111100000
0000001010101010
0001001010100001
0010010000011011
0010000011011001
0000111101001110
0000001011100010
0000000100101010
0000000010111011
1111100011000000
1111111011111000
0000010101000010
0001011111100010
0010001000011000
0001010111000101
0000001110000110
1111101010111110
1111100010010001
1111011011011101
1111001011101100
0000010000111111
0000110000010101
0001011001101110
0001001000011010
0000010001011100
1111111010100101
1111110100000101
1111101110100101
1111110000110111
1111110000001001
0000110110101111
0001001111001010
0001000001111100
0000001001101000
1111110000110001
1111111111100100
1111110010010010
1111101011000111
1111111011001000
0000000010000111
0001001011100010
0001010101101011
0000101111001010
0000001101111111
0000100110100010
0000101110100110
1111111000011010
1111011100100010
1111110001001100
0000000000101000
0001000010101000
0000110101110000
0000100010000011
0001000011000010
0001111000010110
0001010111010110
1111110011110111
1111001011100111
1111101001001010
1111111111111110
0000110101011011
0000011111001001
0000011110001111
0001001110011101
0001100000101110
0000011001010010
1111001010100000
1111001001100111
1111110000011111
0000000001011010
1111111110011100
1111111000101110
1111101011000000
1111011111001000
1111011111000100
1111100001100111
1111011110111000
1111011100111101
1111100011011100
1111110001011010
1111111100011111
1111110000101000
1111011110111100
1111011010110101
1111100100110000
1111101000101001
1111100101010000
1111100011100101
1111100111011010
1111101111100001
1111111001101011
1111101010010011
1111011001111101
1111010110011100
1111011100100100
1111011110101010
1111011110000000
1111011101010101
1111011101001101
1111100101100000
1111110111100001
1111101001101000
1111010110111100
1111001010000010
1111000101011010
1111000101111011
1111001100011001
1111010011011001
1111011011001010
1111100110011000
1111110011111100
1111101101101000
1111011101010010
1111001110010011
1111000001010001
1111000010001100
1111010011011100
1111100000011100
1111101010000111
1111110101000110
1111101001011010
1111100111000001
1111011100110010
1111001111010101
1111000100011011
1111001011100111
1111100000010000
1111101000100000
1111110000101011
1111111100101011
1111011101111000
1111011001100101
1111001101001100
1111000101000100
1111001000011101
1111011000000011
1111101000101100
1111101000000110
1111101101111110
1111111010110111
1111011111101010
1111010110111101
1111001101001101
1111001011111000
1111010100010010
1111100000110111
1111101111110010
1111101100010111
1111101110100110
1111111001101000
1111100110111101
1111100100100111
1111011110010110
1111010111100101
1111010111010101
1111100000110111
1111101101100010
1111101110101011
1111110010010011
1111111011010010
1111101001000000
1111101100101111
1111100110011000
1111011000000101
1111010100111011
1111011110101010
1111101001111110
1111110001010000
1111110111111001
1111111110000101
0000000001101011
0000000110011111
0000001101111011
0000010100101111
0000011110000011
0000101111111111
0000111110111011
0001000010001001
0001000001001110
0001000001101111
0000000011001110
0000000111110100
0000001010100111
0000010011110011
0000110100011100
0001011001100001
0001100011010011
0001011101100010
0001100100101100
0001110000010110
0000000011000100
1111111111111100
1111111101110001
0000011111001001
0001011110001010
0001110010111001
0001001111100011
0000110100001100
0001000000000010
0001001111011000
1111111100110101
1111101011110011
1111110100110101
0000111010000000
0001111000001011
0001100011001000
0000011101001101
1111110011000111
1111110001000110
1111110110000100
1111110110001111
1111011101100111
1111110001101110
0000110100111110
0001011001100110
0001001001100101
0000100111010100
0000000100001000
1111100101111101
1111011100010001
1111111111000010
1111110100111110
1111111101111101
0000001010010001
0000010001101110
0000101101110011
0001010001100011
0001000000110011
0000001110100100
1111110110010111
0000011001001011
0000110011011110
0000101010000000
1111110010010100
1111010111110011
0000010010100110
0001010111011110
0001001110101011
0000011011101111
0000000010010011
0000100000111100
0001010110110111
0001010101001000
0000010101110000
1111111111100100
0000110101000111
0001010010100110
0000110000011000
0000001011111110
0000000001011001
1111111101011101
0000101010100110
0001000010000111
0001000001011000
0001001110000000
0001011001110001
0000110000111010
0000000010010111
1111111100101101
0000000001011101
1111010110101100
1111011111010010
1111111110001101
0000101101100100
0001000100111011
0000101000011100
1111111000000010
1111101011001110
1111111011001111
0000000001101011
0000000001011000
0000000101101111
0000001111000110
0000011000100110
0000100011100011
0000110001011101
0000111100010011
0000111110110001
0000111001010010
0000110000101010
0000000011000010
0000001101000011
0000011101110110
0000101100011100
0000111011101100
0001001011111000
0001001101100000
0001000011010101
0000110101101101
0000101001010100
0000000110111110
0000011011010001
0000110100101010
0001000110101110
0001010010100101
0001010100101011
0001000110001110
0000110010110001
0000011011001011
0000001000111100
0000001100101001
0000101001100000
0001000100100010
0001001010101000
0001000111011011
0000111111100001
0000111000100010
0000101010000111
0000001011011100
1111110111111010
0000010101000100
0000110100001100
0001000000110110
0000101101000000
0000011100110110
0000100010011011
0000110010010011
0000101101101010
0000001101001110
1111111100100000
0000100010101100
0000111101100000
0000111101110110
0000011110111001
0000010011001101
0000100010000110
0000110101001100
0000110011111011
0000010100100100
0000000010001100
0000101001111011
0000111011011000
0000111101000000
0000110000000100
0000101100000001
0000101001000000
0000110000101101
0000110010100111
0000010110100111
0000000010101010
0000100011010101
0000101001100111
0000111001001001
0001001011110110
0001001100000100
0000101110101101
0000011111011110
0000100001001101
0000010011100010
0000000100011001
0000011000000000
0000010011101101
0000110001111110
0001010011110000
0001000111010010
0000010101011011
1111111100111000
0000001100011110
0000010001010100
0000000110011010
0000010010001010
0000001010011010
0000100100101011
0000111000001100
0000011011110101
1111110001000100
1111110000111011
0000001011110111
0000010000000110
0000000101000010
0000000001011100
1111111111111101
1111111101111011
1111111111011100
0000000101101000
0000010011100111
0000100011111111
0000101011111100
0000110010011111
0000110111110000
0000000000101011
1111111010001010
1111110011001010
1111110111100100
0000001101111010
0000110010100010
0001001010011110
0001001100000001
0001010100010011
0001100011101001
1111111101001101
1111101101000100
1111011110111100
1111101011110010
0000011011000011
0001010000001010
0001010100100100
0000111100001100
0001000001010001
0001011011101100
1111110110000010
1111011000110110
1111001000111101
1111101111001100
0001000110110011
0010000001100110
0001100100011110
0000101111110101
0000100110001010
0000110101101010
1111101110101110
1111001010101111
1111000101100000
0000000100100000
0001101000111011
0010010111001101
0001110101000111
0001001001100000
0000101011111111
0000011011101100
1111101111101100
1111010110101010
1111011100111010
0000001011000111
0001000001101101
0001100011101100
0001101000110001
0001100011011000
0000111011101111
0000010011010001
1111111001110100
0000000100110000
0000011101100010
0000011001111001
0000001110111001
0000101110000110
0001011101011011
0001101110101001
0000111111001010
0000001110101001
1111111000101111
0000101011010000
0001010011010010
0000111010100100
0000011001101101
0000111111010100
0001110101001000
0001101101011111
0000101111111010
0000001000110001
1111100110001000
0000011100110001
0001000010110111
0000111111100101
0000111100001101
0001100111100111
0010000001000111
0001010010001011
0000010110010110
0000000010101001
1111011011010010
1111110111101010
0000001100111111
0000100000010110
0001000101011010
0001101011000101
0001011011101110
0000100011100100
0000000011010010
0000000000101011
0000000010011001
0000000011100011
0000000000000100
1111111010100010
1111110100001001
1111110011111110
1111111111110100
0000000111001111
0000000010100110
1111111100110000
0000000101000011
0000001100011000
0000010101011111
0000011101001111
0000100100001001
0000111011101111
0001011001111101
0001100011111110
0001001111111111
0000110000010101
0000001010111101
0000100001100001
0000111110100011
0001000001111111
0000111100010001
0001001011110100
0001100000111010
0001100010111100
0001000100101101
0000100000000101
0000010101111001
0001000010101101
0001100101000000
0001001100110001
0000100001010100
0000010000101010
0000010110110101
0000011000111011
0000000111010111
1111110111010110
0000010111101100
0001001001011111
0001100001010101
0001001011010100
0000011011011011
0000000010001000
1111111101111100
0000000001101110
1111111110110100
1111110111100000
0000001110111101
0000100011111100
0000110000010100
0000110000101100
0000011111001100
0000001010111011
0000000001010000
0000001101111100
0000010011000000
0000000110000010
0000010100010110
1111111111011011
1111111010100110
0000010000001000
0000011101000001
0000001001111001
0000000100111101
0000010111111101
0000011110001000
0000001100011000
0000110110010010
0000010100011100
0000001101000000
0000110001101111
0000111011010100
0000011010110011
0000001101011101
0000010110001011
0000011001010110
0000001011011101
0001001001110111
0001000000010111
0001001101111000
0001101010000010
0001010111010000
0000100101001111
0000001010101000
0000001010011101
0000010000010010
0000001000001110
0000110011101101
0000111110001011
0001001110100101
0001001011011001
0000100111011001
0000000011010111
1111111011101011
0000000110001011
0000001011100011
0000000100100110
0000000010101011
0000000001000110
1111110100000001
1111010101010110
1110101111111100
1110011010011010
1110011011011001
1110011100110000
1110010111111111
1110101001010011
0000000011011110
0000000000100000
1111100110110101
1110110111000001
1110011001011000
1110101001011000
1111001010111111
1111010101011001
1111001001011000
1111010010111010
0000000110101011
0000000111011000
1111101100110111
1111001001111000
1111011010100110
0000011111000110
0001011100010011
0001101011101101
0001010101111001
0000111111001100
0000001101100110
0000011001100000
0000001010101010
1111111001111111
0000010000000010
0000111111001001
0001100111100000
0001110100110001
0001100111111110
0001001010110011
0000010001100001
0000110001001111
0000111110110001
0000111101011000
0000100010101100
0000000000111010
1111111101011011
0000010000111000
0000011101011110
0000010110000001
1111111010001110
0000100100101000
0001011001000101
0001111001110000
0001001001100001
1111110011001100
1111011000110111
1111110100110110
0000001011010000
0000001000010111
1111010101110111
1111100110010011
0000011011000100
0001001001111001
0000101000001001
1111100111110110
1111101010001110
0000001010001001
0000010100010011
0000001001111101
1111101000110110
1111001010011001
1111010001011001
1111101101000000
1111101101011111
1111110011011011
0000010100010110
0000100000010101
0000010011111100
0000000111001111
0000111010100101
0000010101111011
1111111101000001
0000000110010001
0000011000111010
0000110100101001
0001000000010000
0000100110100101
0000001010110011
0000000010100100
0001101000010100
0001101101000110
0001101000011110
0001101000101001
0001100111101100
0001011100010101
0000111100011100
0000010101000000
0000000001011010
0000000000011101
0000000001111110
0000000011011110
1111111100110111
1111101110111100
1111101011010011
1111110011010011
1111111010111010
1111111000111001
1111110010110110
1111111000110001
0000000010110010
0000000001011100
1111110100010000
1111101011110111
1111111000111001
0000001101011011
0000010001110001
0000001001001001
0000000001101100
1111111100100000
0000000010101100
1111111110101100
1111111010100101
0000000111100001
0000100100111001
0000111110101000
0001000100111110
0001000100101000
0001000000011001
0000101010011011
1111111111101011
0000000001011111
0000010010111001
0000110101000000
0001001001101010
0001000101100001
0001001100001101
0001100001011110
0001101011000000
0001001111101011
1111111000000100
0000001101010100
0000111110011010
0001110001011011
0001100110100010
0000101110011011
0000100000110010
0000111000000010
0001001000110011
0000111001001011
1111101110011011
0000001111100110
0001011001010011
0010001100010100
0001110100001000
0000110001001110
0000001111101101
0000001011111011
0000001110111011
0000001101100110
1111110010001111
0000000010001011
0000110101010011
0001011101000011
0001101010100111
0001011001110000
0000111001001111
0000010000111110
1111111010100110
1111111101000111
0000010111100100
0000001100011111
0000000000110010
0000001011001111
0001000001000101
0001100110110001
0001001111101101
0000010110101000
1111110111100101
1111111011100000
0001000011100100
0000111100110011
0000010100110001
0000000100000000
0000101101001101
0001010100101001
0000111101000101
0000001101111100
1111111011001100
1111111110011110
0001001110001010
0001100101010001
0001010111011111
0001000100111011
0001001001100010
0001000111110010
0000100110010101
0000001000011111
0000000000111100
0000000000110010
0000000101000110
0000010000010011
0000011100000001
0000100001001100
0000110011111101
0001010011100110
0001100101101101
0001011101000100
0001001001110100
0001000010010110
0000001011000001
0000011101010000
0000100011001001
0000100101010100
0000111010100011
0001001001110101
0000111010110011
0000011011000111
0000000101101010
0000000001111000
0000010001110010
0000011111000101
0000010100110100
0000001011101101
0000000110011101
1111110110010111
1111100001001011
1111001101100000
1111000010111111
1111000111111111
0000001111111000
0000001101110011
0000000000000110
1111110101010101
1111101010000001
1111110000111010
0000001000110110
0000010001111001
0000000101001110
1111111110000010
0000000110001111
1111111110011101
1111111001101011
1111110000111010
1111101111100100
0000010110001111
0001001011000001
0001011100100100
0001000110001100
0000101110011001
0000000100111101
0000000000110100
0000000000010001
1111110111110011
1111110101100110
0000010101010000
0000111110010001
0001001000111000
0000101110110001
0000010111000111
0000010011011101
0000011011111001
0000101011110100
0000110000001100
0000101110010010
0000110110000011
0000110110011000
0000101100011110
0000010100110101
0000000100000111
0000001000000100
0000010011001010
0000110011110110
0001000101000000
0001000110111011
0000110011000011
0000010111010000
0000011000010011
0000010011010010
0000000110010000
1111100110000001
1111100101010100
1111111011001000
0000000101110100
1111111010101100
1111100011101111
1111101010010111
0000010011111111
0000011010100000
0000001001001010
1111011100111000
1111001101000100
1111001100001100
1111001011101010
1111000101111001
1111010011001101
0000000000111110
0000100011110001
0000011001110010
0000000111000001
0000000000000000
1111111010111001
1111110000111001
1111101100001011
1111101110010010
1111101011110011
1111100111011010
1111101010101101
1111101101011001
1111100111000101
0000000000001001
0000000001111001
0000010011011110
0000110100000011
0001001100100111
0001011000001001
0001101001001000
0001111001110110
0001101011110010
0000111101001010
0000000100001001
0000011100010111
0001001101101100
0001101111010100
0001101010010110
0001100111100001
0010000000001011
0010010011101001
0010000010111000
0001010111001110
0000001111100000
0001000010100011
0001110011001110
0001100101011110
0000100100110001
1111110111001011
1111110100010110
1111111100000100
0000000011001001
0000001010111111
0000010010110000
0001001010001101
0001101110100110
0001011100101111
0000101100011001
1111110111000011
1111001001011101
1110110010001010
1110111101100001
1111011100110000
1111111110100110
0000000111111000
0000010100101011
0000101101010001
0001001010010010
0001000011000111
0000001111011001
1111100111101000
1111100101101101
1111110000111001
0000001010101011
1111001101111000
1110101000100100
1111010010000000
0000100001000010
0000111011101011
0000011101111110
0000001010101101
0000001000011111
0000000011101001
0001010001010111
0000010101001111
1111100111010010
1111110100101010
0000010111111110
0000011001000110
0000001001001001
0000001101110010
0000001111101011
0000000101011011
0001110100111000
0010000110111110
0010001101100010
0001111001100100
0001000111110010
0000011011000010
0000001010011000
0000001110111011
0000001011111111
0000000010101100
0000110100101010
0001101011110100
0010001010011000
0001110000101011
0000110100111110
0000010000111001
0000001010000110
0000001001011011
0000000011101011
0000000000001000
