00000000000000000000
00001110001100010011
00000000000000000000
00000110011110101010
00000001110110011110
00000001110110011110
00000000000000000000
00000000000000000000
00000000000000000000
00000000000000000000
00000000000000000000
00000010100111110101
00000000000000000000
00000000000000000000
00000000010011101111
00000000000000000000
00000011101100111100
00000000000000000000
00000000000000000000
00000010000000010110
00000000000000000000
00000000000000000000
00000010001010001110
00000000000000000000
00000000000000000000
00000000000000000000
00000000000000000000
00000000000000000000
00000000000000000000
00000011100011000100
00000000000000000000
00000001011000110110
00000010011101111101
00000000111011001111
00000011001111010101
00000010011101111101
00000000000000000000
00000011001111010101
00000000000000000000
00000110011110101010
00000000000000000000
00000000000000000000
00000100000000101100
00000011011001001101
00000000000000000000
00000001011000110110
00000000000000000000
00000000000000000000
00000011001111010101
00000010011101111101
00000111000110001001
00000010000000010110
00000001011000110110
00000000000000000000
00000110101000100010
00000000000000000000
00000010010100000101
00000001000101000111
00000000000000000000
00000100101000001011
00000000000000000000
00000101100011011011
00000000011101100111
00000000000000000000
00000000001001110111
00000010111011100101
00000100010100011100
00000000000000000000
00000000000000000000
00000000000000000000
00000001110110011110
00000111101101101001
00000000000000000000
00000110010100110010
00000100011110010100
00000011000101011101
00000000000000000000
00011101010011110110
00000000000000000000
00000000000000000000
00000001100010101110
00000001100010101110
00000000000000000000
00000001011000110110
00000000000000000000
00000010000000010110
00000001100010101110
00000000000000000000
00000011011001001101
00000100111011111011
00000000000000000000
00000000011101100111
00000001100010101110
00000000000000000000
00000000000000000000
00000000000000000000
00000000110001010111
00000110000001000010
00000000110001010111
00000001110110011110
00000000000000000000
00000100111011111011
00000111000110001001
00000010000000010110
00000000000000000000
00000000000000000000
00000010001010001110
00000100011110010100
00000000000000000000
00000000000000000000
00001000000001011000
00000001100010101110
00000000010011101111
00000011001111010101
00000001011000110110
00000000000000000000
00000000000000000000
00000001110110011110
00000100111011111011
00000000000000000000
