00000000000110111010
00000001001010010110
00000001101101101100
00000000110001010100
11111110100100101111
11111101011011010101
11111101110111000110
11111110011011010101
11111110110100010001
11111111011111110000
00000000111100001011
00000010110001101110
00000010101001001001
00000000011000100101
11111101010101100100
11111011111011010110
11111011100011111000
11111100001000110100
11111101001110111010
11111110111110000111
00000001110100000111
00000011100101110000
00000011100000110011
00000010111011111011
00000010100011001100
00000001010100111101
11111110001111100101
11111100010110000001
11111100100101110101
11111110011101100010
00000010001100101101
00000011110011111000
00000011110001001001
00000011110101100001
00000101110011101000
00000110010010001100
00000010010101010100
11111110001100111000
11111100111110001101
11111110010000000101
00000010100100100110
00000101011000010111
00000100101010011011
00000001010100000101
00000001011101000101
00000011011101010101
00000001110011001110
11111110001010001000
11111100111000000000
11111110001100011101
00000010011011100101
00000111000100111111
00000111001001100001
00000010000010100111
11111111101000001101
00000000110111001001
00000000000101010000
11111101100001010101
11111100100111110111
11111110001001011101
00000001001011101110
00000101111000100101
00001000011011110110
00000110010010011100
00000100111101111101
00000101000110001101
00000010000111111111
11111110000101111001
11111100100110101011
11111110000000110101
11111111111010001011
00000010011110000111
00000101011101110010
00000110101100010011
00001000000011101101
00001000101000010111
00000100011010110000
11111110111100101011
11111100101101011010
11111101101110001010
11111111110001001100
00000000011011011000
00000001111000000111
00000011010011101110
00000101111101100110
00001000010011111000
00000100111000011000
11111110110000110101
11111100001111010000
11111101010010101110
00000000000100011101
00000000001001110001
00000000011000011010
00000000110011111111
00000011100101110111
00000111001011110000
00000100101100110001
11111110100100011110
11111100001111101011
11111101010100110001
11111111010011111100
11111100110111111110
11111010100011111001
11111011010010001011
11111110001101000100
00000000111001000011
00000011011001111000
00000100101110010001
00000011010111001101
00000001011110010100
11111110001011011101
11111001101011001001
11110111001010010001
11111010110011001110
11111110111111111111
00000000100100110011
00000100001000111110
00000111100111010001
00000101111001111010
00000010001110100010
11111100110011001001
11110110101110011001
11110110100110001011
11111111100111101110
00000011111110000100
00000001011110011101
00000100101100111100
00001010000010101000
00001000000010010000
00000010101011111011
11111011001101101111
11110100010011111011
11110111111000010011
00000101001001110001
00000111110000001001
00000001100111100100
00000100111001111011
00001011101010000000
00001001001011111101
00000010110101010110
11111010110100001101
11110100110001100100
11111001100010000111
00000100100101110001
00000100100101100111
11111111010100111100
00000101001010101111
00001100110111011110
00001001101110000001
00000010101110101000
11111100001001011010
11111000001010010111
11111011011000011001
00000001100111101011
00000000001101011100
11111101001110100111
00000100111010001100
00001101101001101101
00001010100011101001
00000011000000110000
11111101110000011100
11111011110100010100
11111101110111101001
00000001011010101000
11111111100010101011
11111100101100001101
00000100000000111001
00001101101100010100
00001011010000100010
00000011010101100101
11111110110010100101
11111101111101100001
11111111010110011000
00000001110101010110
11111111011010101001
11111011001000010101
00000001011010111000
00001100011000100011
00001011010110010101
00000011101010010100
11111111100101101101
11111111001110010100
11111111111111100000
00000001001000001101
11111101001110001110
11110111110000111111
11111110001110001011
00001010111101101010
00001011100111111110
00000100010100110110
00000000000000111000
11111111111001110100
00000000000101001000
11111111101110011101
11111011010010011011
11110110011100000001
11111101010000011110
00001001111000010110
00001011010101110001
00000100011110111111
11111111110000110010
00000000000001101000
00000001010010000011
00000011100111111010
00000101011100010110
00000101111010011100
00000101101110001000
00000100011101001101
00000010011011101010
00000000101011000001
11111111101101001100
00000000111000101011
00000011011011011001
00000101101110100001
00000110000011000100
00000101100001100111
00000101101010100011
00000101001000001100
00000011000001001101
00000000111111001101
00000000011001101001
00000010011100100001
00000100101100110011
00000101100000011000
00000100001010010000
00000011000001100101
00000011110001100001
00000100001110010010
00000010110000011100
00000000111011001111
00000000101010110110
00000001011111010011
00000010011001010000
00000011100000100100
00000011100010111001
00000011010001001011
00000011110011110110
00000100001101101110
00000010110001111111
00000000111010100010
00000000010110100111
11111111100000001000
11111111110011010011
00000010001000111001
00000100000011101100
00000100110001101100
00000101000111110100
00000101001001111010
00000011010101100011
00000001000101100000
00000000001110110010
11111111011101101001
11111111100111001010
00000001100110101111
00000011001001010111
00000011111011001110
00000100101001000000
00000101000111001110
00000011011111010101
00000001001010111000
00000000001010101100
11111111100100011110
11111111011101110010
11111111101111100001
11111111111110010111
00000000100000001110
00000010010111110100
00000100001101110101
00000011010100111110
00000001010010010010
11111111101110011000
11111111001111100000
11111110100100101011
11111110000111110010
11111110001010101101
11111111010011011110
00000001111010100000
00000100010110110101
00000011110110000101
00000001101101000101
11111111110011100111
11111111010000111111
11111110111001011100
11111110110011100100
11111111001101111100
11111111111000100111
00000010000000001010
00000100010101001000
00000011111111001111
00000001111011100100
00000000000010001101
11111111111011100100
11111111110110010101
11111111111111111000
11111111111110111100
11111111110101110000
00000000111100101111
00000010101011101011
00000010101000110101
00000001010110101010
00000000001111010011
00000010010000110001
00000110010001000001
00001010000111111100
00001100001111010110
00001011011111010011
00001001010101010011
00000110110100111110
00000100010000000101
00000001100100001111
00000001011110100101
00000101010011011001
00001000110001110000
00001001010110011000
00000111010111110100
00000100110001011000
00000011100011111101
00000011010100001010
00000010110011110010
00000001011101000001
00000010000001100010
00000100000011010101
00000010111100001101
11111111010111111000
11111100001100001111
11111011111001011100
11111100111011010000
11111110001111000110
11111111101110011010
00000000011111001010
00000001011100000000
00000001010111001011
11111111001110100111
11111101000000011110
11111101100000110110
00000000100001001010
00000001000111100111
00000000001001101101
11111111111111001110
00000000011100011100
00000000100001101011
00000000100010111111
00000000010100100010
00000001010101111001
00000100010010111000
00000111010100110110
00000110000111000000
00000011001000100111
00000001100100011011
00000000111110011111
11111111100001110110
11111110110011000101
11111101111010010000
11111101100001100111
11111110001111101110
11111111111001000011
11111111111101111110
11111111111101111101
00000000101010011111
00000000111010000111
11111110110011001110
11111100111100011110
11111010000011000111
11110111010110110110
11110110100100101111
11111000011010110100
11111010110010101111
11111101011010101000
11111111110001100001
00000000111111110010
11111111100000110100
11111110010001000101
11111100010001110111
11111010101100110011
11111011000110101011
11111101000101010101
11111110100111001101
11111111110111010101
00000000111111000000
00000001110010010001
00000000000110000110
00000000000011101101
11111111111100100110
00000000000010000101
00000001000010100111
00000010000110111110
00000001111010111111
00000001000010011010
00000000110001100010
00000001011101101110
00000000001000011111
00000000001001110001
00000000001100100100
00000000010111010111
00000000110011010001
00000000110011000011
11111110111011110111
11111100110111000000
11111100110001010100
11111110110110000011
11111111010110000001
11111100111101001000
11111001000101001101
11110101101110101011
11110011011110010111
11110011010011010000
11110101011010011011
11111001001110100111
11111100110100011000
11111111010001100110
11111111011011100100
11111101110001100101
11111100010001111101
11111101010101011001
11111111000010101000
11111110100000001011
11111100011001111110
11111100001110010000
11111101101011011000
11111111010110110011
00000000111100010111
00000000101110111011
00000001010100011010
00000101100001011110
00001010001000101011
00001001011011100010
00000100111111001010
00000010001100111001
00000000110001010011
00000000001010000101
00000010001010100100
00000001100101001100
00000000011101111001
00000001110110000001
00000100101011001111
00000100001100111000
00000010011010000010
00000010001100001111
00000001101110111010
00000000101000011001
00000010111101110000
00000100000100100100
00000011000110011001
00000001001010000011
11111111010111010001
11111101011100000110
11111101011000110000
11111111101101011101
00000001000101011101
00000000101000001100
00000011001000101110
00000111101010011111
00001011001101000001
00001011101001000101
00001001111000010010
00000101110010110011
00000010101101100010
00000001110001001010
00000001010101111110
00000000100110000010
00000001100000110001
00000110010011101000
00001100001000100000
00001111111011000000
00010000100100000101
00001100101011101010
00000111000111010010
00000011100101000100
00000001111000001001
00000000100000111010
11111111100010110110
00000001001001011010
00000100010111010000
00000111110000000110
00001010001100110010
00001000110110101110
00000100111010111000
00000010001110111110
00000001001001001101
11111111111110011000
11111111011111011010
11111111010001001010
11111111110111101101
00000001101010000110
00000100000100000101
00000100101000101101
00000010111010000011
00000001100001001110
00000001000010110101
00000000000100011000
00000000000010000001
11111111111110100101
00000000000011010001
00000000111011001001
00000011010100100101
00000110001101110110
00000111001100011110
00000110100001010101
00000100111110001001
00000010000111110001
00000001110011100110
00000010100001000010
00000000010111100101
11111101001100010000
11111010100110100110
11111000000100011011
11110111001110011011
11111001100001010000
11111101000000011000
11111111000111110010
00000010101110100101
00000010101101000011
11111110110100001011
11111011101011110111
11111010111010111001
11111001000001011010
11110110101000010101
11110111011100100011
11111011001110110110
11111110011001000111
00000100000001100000
00000100011010110101
00000000000001110111
11111101100000101101
11111111000101110110
11111110110011000011
11111010111010101101
11111001011110101001
11111011111101100111
11111110100111000101
00000101100011001101
00000110110100000101
00000010010011001111
11111111010001110110
00000001010010000000
00000001011101011011
11111100101101001010
11111010110001001101
11111101000001111010
11111111010000110010
00000101111100000110
00000111010010101001
00000010101100100101
11111111001010110011
00000000001100111000
11111110110010011000
11111001010011111101
11111000100110000111
11111100011100000100
11111111011011010010
00000101001110000010
00000110100011011000
00000011101100101001
00000001101101011101
00000010110011110101
11111111111110011000
11111001000101101111
11110111110110101001
11111011111110100000
11111111010001000001
00000100001010010001
00000110001101001101
00000101111110000110
00000110011010100010
00001000100011000110
00000101010100010110
11111100110001001101
11111001001011001000
11111100000100110001
11111111001101011110
00000010100001110110
00000100100000100011
00000101100010000000
00000111100011111100
00001010111001110110
00001000011010110100
11111111010100111111
11111010000001100101
11111011110011111110
11111110111100110000
00000000111101100101
00000001110011010000
00000010011001101110
00000100101101000000
00001000111011111000
00000111110000111101
11111111010101111000
11111001011011001110
11111010110100101000
11111110001111111110
00000000010000110110
00000000011010001010
00000000011110110011
00000010011111000110
00000110011010111111
00000110010011001001
11111111111100010010
11111010111111100110
11111011111100111011
11111110101110000111
00000000101001001101
00000000110111010101
00000001100000000101
00000001111101101010
00000001111010000010
00000001101001010101
00000000100000011111
11111111010101000010
11111111001000100000
11111111101100111110
00000000010011010100
00000001000000100010
00000010111000110000
00000011110001110111
00000100101011101001
00000101101101110111
00000100001001101000
00000001001100101100
11111111101111100110
11111111110100110010
00000000011100100011
00000011111010001000
00000111100011001001
00000110010010110100
00000100010111010100
00000100011100100010
00000011001010100100
00000000010100110011
11111111011011110011
11111111110111101101
00000001010011010000
00000111011110000111
00001010011100001100
00000101010011101011
00000000110111001100
00000000110011110110
11111111011110001110
11111100110001001111
11111101011001110001
11111111011010011111
00000001111001111110
00000111011110001001
00001000000111011111
00000010100101000100
00000001001010011111
00000011100111101000
00000000111110110010
11111100001001111111
11111100011010001110
11111111001011001100
00000010000111101010
00000101101101100010
00000100110101010011
00000001100000101010
00000011110001000001
00001000001100110001
00000101000100111011
11111110001110001110
11111100110110101110
11111111001000100100
00000010001111110100
00000100110111101000
00000100010010000101
00000001110000010011
00000011010010000110
00000111000000101110
00000100010010111001
11111101110011001000
11111100100110111000
11111110111101101110
00000001011110110010
00000011010010101001
00000011010000101000
00000000110110000000
00000000011101101010
00000011011100010111
00000001110110010011
11111100011111000100
11111011111110111110
11111110101011010111
00000000100100000001
00000001011001000011
00000001011000011111
11111111101100110111
00000000010000000000
00000100010101110011
00000011011010101110
11111101101011100001
11111100011110101110
11111110111100101100
00000000001101111001
00000000011001001011
00000000011011010100
11111111111011001001
00000001110010000101
00000110011011101110
00000101100010011000
11111111100101101000
11111101110000001001
11111111101010000010
11111111001101001000
11111101111011101011
11111101100000110010
11111101101100100110
11111101011011101010
11111101011011110010
11111110101011011000
11111111011100001001
11111111100111001001
11111111101110100010
11111110110011101111
11111101101110100001
11111101111110011111
11111110011001111011
11111101010001000101
11111100110001001010
11111110000010011110
11111110111111111001
11111111010000100010
11111111101101011101
11111110101111011001
11111101010001011101
11111101001011001100
11111101100101111101
11111100010110000111
11111011110100110010
11111100111101001001
11111110001000110010
11111110011110010010
11111111010110010101
11111110011100110001
11111100010110111110
11111011100110111000
11111011101110011010
11111010100110010001
11111010101100101001
11111100111100001010
11111110001000001001
11111110000100110111
11111110111111000011
11111110110001000011
11111100110100010101
11111100001010110101
11111100000100101110
11111010101010010100
11111010100100111111
11111101001100110001
11111110110101011010
11111110100000001000
11111110111111010000
11111111000010111101
11111101110101001100
11111101111000111101
11111101110110000101
11111011111000101011
11111010100110011010
11111100110000010001
11111110101011010011
11111110100101001111
11111111000101110000
11111111010010110110
11111110001111100011
11111110001000000110
11111110000001111011
11111100001010110011
11111010100010111011
11111011111111000010
11111101111101011011
11111110000100110010
11111110111101011010
11111111011100001011
11111110101000011101
11111110000011101001
11111110000000001111
11111100100010010110
11111010111100111100
11111100001001011100
11111110000110111111
11111110000101011011
11111110110101011111
11111111110110110111
11111111100110000000
11111111001011010101
11111110111001011011
11111101100100000110
11111011111111000110
11111100111111100001
11111110100111110111
11111110011000110110
11111110110100001001
11111111111101100100
11111111111010010111
11111111111000101100
11111111100111000011
11111110100111101001
11111101001100010010
11111101110010000011
11111110111001001100
11111110011010011001
11111110101101000101
00000000011111000100
00000000111001110101
00000001100111011111
00000011011101001010
00000101101000010101
00000110010011100100
00000101011011010000
00000011011010001110
00000001011101011100
00000000011001100001
00000000000011011100
11111111110100001010
00000001011001110010
00000101011001010000
00001000011010001011
00001001011010010000
00001001001001011111
00000110110011011101
00000011001000000111
00000000101011001101
11111111000000110000
11111111000010000001
00000010101101111110
00000110010110101101
00000110000010101111
00000101110000110010
00000111110101111010
00000111101000000100
00000011111111001110
00000000110100111100
11111110000011001011
11111111100001100000
00000100011111011110
00000101111010000111
00000001111001011001
00000000100110011001
00000100000010100100
00000101100100110100
00000011011001001110
00000000111001101100
11111101011011001111
11111110111001100110
00000011011100101110
00000101001001011111
00000011001010100011
00000010111111100011
00000101001000011011
00000101001111101100
00000011000010111010
00000000111010101011
11111101001010001110
11111101010010000110
11111111111000100011
00000010101011100110
00000100100111001010
00000110111010000000
00001000010010111010
00000110110010010010
00000011011001000110
00000000110111101111
11111101111110101110
11111100110000011101
11111100111000010101
11111110000100101110
00000000001101101000
00000011100110011010
00000110110110011101
00000110111000001111
00000011101011100101
00000000111011111000
11111111001000000111
11111110000100111000
11111101000000100001
11111011110000001011
11111010111100010100
11111101110101010111
00000011011101100101
00000101111010100100
00000011110011111100
00000001001011010010
11111111110110101001
11111111011101000011
11111110110110011001
11111100111111111001
11111011000000011111
11111101000110011010
00000010111100000111
00000110001010110001
00000100100111111010
00000001110001011001
11111111111101101111
11111111111011100100
11111111110111110000
11111110101011110111
11111100101001000010
11111101110101010011
00000010101010110100
00000101110111111100
00000100111010100111
00000001111111110000
00000000101101011001
00000001100100101110
00000010001100010000
00000011010011111110
00000100101111100011
00000100101101000000
00000011111000010110
00000011000111010101
00000001101100101000
00000000011101101011
00000001010111000100
00000010101110011101
00000011010001100110
00000100101101110011
00000101110011001010
00000100101100000110
00000011100001101011
00000011011101100110
00000010010101011101
00000000101100110100
00000010011000000011
00000100001111011000
00000100011101000011
00000101010100000011
00000101101000000110
00000011011111110010
00000010001101101010
00000011000011000100
00000010011100000110
00000000101100100110
00000011001011010100
00000100101100111100
00000011100010110000
00000100010101001011
00000110000001110100
00000100011000000110
00000010100011110010
00000011100000011001
00000011001111100101
00000001000110100011
00000011011010110110
00000011100100100011
00000001010101110111
00000010111101111110
00000111000110001001
00000110001100110010
00000011001100111110
00000011110101010001
00000100000001011010
00000001100111010010
00000010111111110111
00000010100101110101
00000000010111000100
00000010010111110111
00000110110010101011
00000101101000100000
00000010000101110101
00000010111100111110
00000011110001010101
00000001100100011111
00000010010001100001
00000010001111000100
00000000100000010010
00000001101010101101
00000100111110010011
00000100001000110000
00000001000101110011
00000010011111010100
00000011110001010100
00000001100110111001
00000001001000111001
00000001001111101101
00000000001011101011
00000000100011011100
00000011000111101110
00000011000101110110
00000001001100001100
00000011000001111111
00000100011111110111
00000010000011100000
00000000011000000011
00000000011111100011
11111111110111011010
00000000010111110101
00000010111111011110
00000011001010101100
00000001000000001000
00000010100111100011
00000100101001011010
00000010011010000101
00000000000110000010
00000000001000001010
00000000000000001111
00000000111111100011
00000011011000101011
00000010101110010111
11111111110001110001
00000001000010111010
00000011100001111111
00000001111111111011
11111111110000111110
11111111011000011101
11111111111001010101
00000000111101010111
00000011001101111110
00000100110110111010
00000100110110010011
00000011110000100011
00000010001000001110
00000000101101101100
11111111000001010100
11111110010010010000
11111111001101110100
00000001100011011101
00000101010010000001
00000111101010000010
00001000011100000001
00000111100101011111
00000100111110110010
00000001101011000101
11111101110010000100
11111100101010001101
11111110011101111101
00000010001000110101
00000101011100100011
00000110011100110010
00000111111111011000
00001000110000110011
00000110101000111110
00000010010101111000
11111100100000111000
11111011110011111101
11111111111110110101
00000101000000010010
00000101111101100011
00000100001010110111
00000101110010010001
00000111101100111010
00000110011100011000
00000010010111011100
11111011111110001110
11111100000010100100
00000001101111111111
00000110111111011101
00000110110000011111
00000101011110001010
00000111111000111111
00001000111101101010
00000110100110000100
00000010001010110010
11111100010100011001
11111011110111100101
00000000010110110001
00000100001101100100
00000100101111011110
00000110000001100010
00001001111000100011
00001010101110101100
00000111101001101011
00000010011111011111
11111101010101100110
11111100010000011010
11111110010010110111
00000000010000100101
00000000010101101001
00000011001000100101
00001000011100001001
00001010100001001011
00001000000111001001
00000010101110110010
11111110111000001011
11111101111101110111
11111110101001011010
11111111001000000011
11111101111111010001
11111111111000010001
00000101011111000100
00001001000000111101
00000111110111001111
00000010110110000011
11111111110011110011
11111111100100010110
11111111111111011110
11111111100011111110
11111101000011110010
11111101111010111001
00000100000101000110
00001000111101000011
00001000100010010100
00000011101100001010
00000000000001111001
00000000000000001001
00000000000110110010
11111111000001000101
11111100000111000110
11111100101101111001
00000011001101110100
00001000101000110110
00001000101100011111
00000100010100000011
00000000100111101100
00000000101110111100
00000000101110101011
00000000001110110110
00000000000010000101
11111111100101101000
11111111011010110000
11111111110011100101
00000000011101000110
00000000010100001001
00000001101100011100
00000011001100000000
00000100000001101110
00000101001011001110
00000110010100010001
00000100101001011011
00000001111110110100
00000001000011011111
00000001011110100001
00000000111010110110
00000011110010110010
00000101100010100100
00000100100011111110
00000100110110010001
00000110011010101101
00000100110111100101
00000001011100111110
00000000110101110010
00000001110100011011
00000001011000011101
00000101010100001111
00000101101110101000
00000001101010010101
00000000010000110001
00000010001111010101
00000010000101110011
11111111010000001111
11111111011101011101
00000001010111111100
00000001100110110001
00000101011010100101
00000101101110100110
00000010010100101110
00000001101101100101
00000100000000000111
00000011010110110100
11111111101110110101
11111111011101101010
00000001100001000011
00000001110111101110
00000100000111101110
00000101101011011001
00000100111011101110
00000101111010001100
00001000001000011011
00000110100110001000
00000001110010101010
00000000000110110011
00000001101000110101
00000001111001011010
00000010001011010011
00000011011100100111
00000011100011001100
00000100110011001010
00000110101110110100
00000100111100111001
00000000010110010001
11111111010100110100
00000001010111101000
00000001111010010010
00000000100001100101
00000000110000000001
00000000010001100110
00000001001001001000
00000011101001010110
00000010110000000000
11111111001010010110
11111110101110101011
00000001000110000000
00000010000011010110
00000000000001000100
11111111110001010011
11111111010011101100
00000000110101110000
00000100001100101010
00000011111001000100
11111111111101011001
11111110111100100011
00000001000111110110
00000010011010101111
00000000000101101011
00000000000100001101
11111111111101010010
00000001100101001111
00000101000111101100
00000101011110110000
00000001111010011110
00000000001100111010
00000001101111010100
00000010100100010000
00000000001100011101
11111110100001011001
11111011001111101110
11111000011011001010
11110111011000111010
11111000000010000111
11111010010011000010
11111101010010010101
11111111100010111001
00000000011010100000
00000000100100011111
11111110011111011101
11111011100001101011
11111011010101100011
11111011110001011011
11111010110000000101
11111010100110011010
11111101000110000101
11111111100101010011
00000000100000110100
00000001111000011000
00000000010010111010
11111111100010101001
00000011101000111011
00000110001110000001
00000010110100010011
11111111000010100000
11111111001111110101
00000000100010101010
00000000110010011000
00000011110000001011
00000010000001101110
00000000011101000001
00000011110001100000
00000101111101000100
00000010101101110010
11111111011000010011
11111111110100011010
00000000110111010111
00000001000000010110
00000101001110101010
00000011100000000011
11111111110110101000
11111111001111110111
11111111010111000101
11111101000000001010
11111100001011011100
11111110010000011010
00000000000110000000
00000000110011010101
00000101101010001010
00000110100001100000
00000100111001011011
00000011101110110010
00000010011011111010
11111110111111011011
11111101010110011100
11111110110010110001
00000000001101011000
00000000110010001110
00000100011100001101
00000111001111100101
00001001000011011001
00001010100101100100
00001010001011000101
00000100110001101100
00000000001011011011
11111111111001101100
00000000100001010001
00000000110101110010
00000010001000110111
00000100001011110001
00000110001101101000
00001000110101101111
00001001011110000010
00000011110001001000
11111110101010001000
11111110011101110100
11111111101011110101
00000000100110100000
00000000101100110010
00000001000111011100
00000001101011100100
00000011111111110100
00000101110101100101
00000001101110010001
11111101001111000111
11111101010111001110
11111111000100111010
00000000011101100001
00000000010010100110
00000000010110010110
00000000011000111111
00000010101101001101
00000101101010001011
00000011101000000010
00000000010010100111
11111111110101010101
00000000011100111001
00000000110101010000
00000000001110111010
11111111011010110101
11111110100000110010
11111110111011000101
11111111001101101010
11111110110010011100
11111111001111111001
00000000110000001100
00000001010001110001
00000000111010100111
00000000000001001011
11111111010100111111
11111111101010000111
00000001101011001000
00000010000111110101
11111111111010110100
11111110001000000111
11111111000001011111
00000000000011010101
00000000100011011110
00000000010010101101
00000000100111001000
00000010000010101101
00000101001000010000
00000110011100100011
00000100101011000001
00000001101000110101
00000000000010111101
11111111011111001111
11111111110101011100
00000000101011101011
00000010100000000100
00000100001100011000
00000101100001110010
00000110100010001101
00000111010100100101
00000110000111100110
00000011010110110111
00000000101110000010
11111111111100010110
00000001001010100001
00000100100010011010
00000110001011000001
00000100001101110100
00000010110101001101
00000100010011001010
00000101010000000011
00000011111011101000
00000001011000111100
00000000010010110100
00000001001010000101
00000101011111001001
00000111111000000011
00000101110110000010
00000011010001100110
00000010111011111100
00000010110101101111
00000010000001110010
00000000100011100110
00000000001010101011
00000000110011000010
00000100011110001100
00001000000001111100
00001000011010111000
00000111010011111101
00000110000100100001
00000100000001100000
00000010001001110111
00000000010110100100
00000000000010000111
00000000010000011110
00000010010111100110
00000101001010010101
00000110111010011110
00001000000010111110
00001000010000011101
00000110000001111010
00000011001101100110
00000000110001111000
00000000001001111010
00000000000101110000
00000000110000110001
00000010000100111111
00000010111010110000
00000100100100101010
00000110101001000101
00000101111100000000
00000011001011010111
00000000100010010010
11111111111000000100
00000000000101010110
00000000001101001100
00000000011100010000
00000000010010000111
00000001110111100110
00000101101100110001
00000110101111100110
00000011110010000110
00000000001001101000
11111111000011101110
00000001101110111111
00000010001000101011
00000010100010101010
00000100111111101110
00000110110011001111
00000101110110001111
00000100100111101111
00000100011111010001
00000011001111101101
00000001010011011001
00000010001000100101
00000001011111100110
00000001011111101001
00000011011000011100
00000011101011010101
00000001011000101000
00000000111010000111
00000010101111011101
00000010110011001111
00000001010001110110
00000001011111100111
11111111101000010000
11111110000001110011
11111110001111100001
11111111000111000110
11111110001101001110
11111110110100011010
00000001100010101000
00000010100001101011
00000001001010110111
00000000101101011100
11111111100100010010
11111110010111110101
11111111101101110000
00000011001100001011
00000011010111010000
00000010101100111011
00000100000011110011
00000100010011111100
00000001110110011011
00000000001010110101
11111111110100000100
11111111011100110110
00000010011000010100
00000111000011101101
00000110010011010101
00000100011000110001
00000101011110010010
00000101101000011111
00000010011011010110
11111111010111011111
11111110011011111101
11111101010010101101
11111111010011000011
00000010011001010110
00000000101100011000
11111111100111101110
00000010111001011001
00000100111101111101
00000010011011001110
11111111010000010001
11111101111001100100
11111100000100110111
11111100100101110001
11111110010000011100
11111101001111011110
11111101101010101111
00000001111110110001
00000100111000010000
00000010101010010101
00000000000100001001
11111111101111010101
11111111000110010010
11111111111101111101
00000001100110101111
00000001000001011001
00000000101011100011
00000011011111011110
00000101111100101100
00000011011001011010
00000000010111000010
00000000101000011011
00000000111111010100
00000001111101101100
00000011001001110001
00000010001010001100
00000000110001110111
00000011000001010010
00000101100111000011
00000011001101110101
00000000001001100101
00000000001101101000
00000000010100001001
00000000011100111111
00000000100100100100
11111111010111001001
11111101111101110111
11111111111110110001
00000010110101011010
00000001101110111000
11111111110011101001
11111111111011111010
00000000101010110011
00000000101111100001
11111111001101101010
11111101010111001100
11111100110111000010
11111101100001111111
11111110100010100100
11111111011110101000
00000001011000001100
00000100010010101001
00000111011010000110
00001000110100101010
00001000010111110000
00000101111111110101
00000010001110101000
11111111011010111101
11111110110110111010
11111111011000011101
00000011100001010001
00000110110100111011
00000111100010100110
00000111100000001011
00001001010111101110
00001001110000100110
00000110011100110001
00000010011011110111
00000000011100000001
11111111111011110111
00000100001110010010
00000101010010111111
00000001100011010001
11111110001001101001
11111111111110110100
00000010101010100110
00000010001011001000
00000000111011101000
00000000100001111101
00000000010001000000
00000011110100010000
00000101100110001101
00000011101111111101
00000000101111010011
00000000000100010011
11111111110101011011
11111110100011110001
11111110011000001100
11111111011010010101
11111111111101110101
00000010000110100101
00000101111011001111
00001001010010000110
00001010011100111110
00001001111001101111
00000111001001110111
00000010111011010011
11111111111001101101
11111111011101001000
11111111110001111110
11111111010001100101
00000001000011110110
00000100010100010001
00000111001001011010
00001001010000010011
00001000110100100100
00000101001011110111
00000001011001000011
00000000001010001111
11111111111010110001
11111101111011100001
11111100110000000010
11111100100010110101
11111101110000010000
00000001001010011001
00000011110011110001
00000010101011010010
00000000010010001101
11111111110001111010
11111111110000000010
11111111000110110101
11111101101011001011
11111100100001110001
11111100110111001100
11111111111011101010
00000011000110100010
00000010100010101110
00000000001011000110
11111111100100111100
11111111101110100110
11111111111101010111
11111111101110110111
11111111011110101011
00000000000110101001
00000010110001101111
00000110000111111110
00000101111100000000
00000010111110001101
00000001010101110110
00000000101000010101
