00001001111111100110
00000000100101011011
00000000000000000000
00000000000000000000
00000111100000011101
00000000000000000000
00000111100101100111
00000000000000000000
00000000000000000000
00000000000000000000
00000001001001011110
00000000000000000000
00000010111011011100
00000000000000000000
00000000000000000000
00000010000001101000
00000000000000000000
00000000000000000000
00000000000010010011
00000000000000000000
00000000000000000000
00000000000000000000
00000010000100001000
00000010100110111010
00000111011000010100
00000100101110111001
00000011010010100011
00000000000000000000
00000000000000000000
00000010100010010111
00001001000110100001
00000000000000000000
00000001100110010011
00000101011011011110
00000000000000000000
00000000100110011011
00000011100011111011
00001010001001011000
00000000100110000000
00001001111111011010
00000010101100110100
00000000000000000000
00001001100111011000
00000000000000000000
00000110001111110100
00000001110001001111
00001000010011011000
00000000001101010000
00000110011101010100
00000110100011100000
00000000000000000000
00000010011111101111
00000001101101000110
00000000000000000000
00000000000000000000
00000011000010010100
00000000000000000000
00000011001111010010
00000000000000000000
00000000000000000000
00000000000000000000
00000010010001101010
00001001110101011011
00000010110011110101
00000111000001101110
00000000000000000000
00000010001110001000
00000000000000000000
00000000000111111101
00000000000000000000
00000000000000000000
00000000000000000000
00000010011100001011
00000000000000000000
00000001011110001011
00000001011101001111
00000000000000000000
00001001101111110010
00000000000000000000
00001000110101011011
00001011110100111011
00000101000100011100
00000101111010110100
00000110101001000011
00000011010000011011
00000111001001100110
00000000000000000000
00000001001110111111
00000000000000000000
00000110110000001011
00001110100001000101
00000000000000000000
00000000000000000000
00000000000000000000
00000010101000011011
00000101011111001100
00000000000000000000
00000000000000000000
00000010110011010111
00000000000000000000
00001001100011110001
00000000000000000000
00001011000111110101
00000000000000000000
00000000000000000000
00000011101011000011
00000011110000000010
00000000000000000000
00000110010100110110
00000000000000000000
00000000000000000000
00000101101101011010
00000010010011001110
00001010101111100000
00000000000000000000
00000000000000000000
00000000000000000000
00000000000000000000
00000000000000000000
00000000001100111010
