11111100000010011100
11111001100001110000
00000111101110011011
00000001010101100110
11111011101001011011
11111001111000000111
11111000100111110000
11111011000010001001
00000001101000111101
11111111011110011100
00000110101100100101
00000101111000000000
11110111100001001100
11111010000001000100
00000001011110111111
00000010100001011111
11111111100011001110
00000000011000101110
00000110010001010110
11111011011110001000
00001000111010111110
11110111010101000101
11110110111101100011
00001001110100001010
00000010011011101111
00000000110001001011
00001000010010000100
11111011010100111001
00000101010010111100
00000110000100111000
11111010111110110100
00000010101100001010
00000001110100010100
00001001111101000101
00000100101000111000
00001010100110111110
00000111001011100000
11111010111111010001
00000101100101100101
11111000101011111000
11111010110001010001
00000011110100111001
00000001000000100111
00001011001101101111
11111110000011000011
00000011110001011100
11111100001000101001
11111101011111010111
11111110000110000001
00000111110010000101
00000100011000001111
00001111000011000100
11111010111001001010
00000101111110100100
00000011110010101110
00000000110001011110
00001000010100100000
00001010101001000011
00000101000100010010
00000011001101010100
00001000000000011100
11111100000100100110
11111011000111110011
00001011110001011011
00001001110011110111
11111110001001000011
00000101001100000011
11110111001011100110
00000000111111000110
00001010101101111001
00000011100110010110
00001010100011110101
00000100100101010100
11111111010010010111
00000100000100010111
00000010001111110100
00000101000110010110
00001110001101100001
00000011011100011110
00000010101010110000
00000010101100011010
00000001110000111001
00000111111111010000
11110111010001001110
