00000000000010110110
00000000000010110110
00000000000010110110
00000000000010110011
00000000000010110010
00000000000010100001
00000000000010011101
00000000000010011101
00000000000010010100
00000000000010100100
00000000000010010100
00000000000010010101
00000000000010101000
00000000000010110110
00000000000010110110
00000000000010110110
00000000000010110110
00000000000011001000
00000000000011001101
00000000000010111000
00000000000011010111
00000000000011101111
00000000000011011110
00000000000011011111
00000000000011100110
00000000000011011111
00000000000010111111
00000000000010110110
00000000000010110110
00000000000010110110
00000000000010110110
00000000000010111010
00000000000100001001
00000000000011111101
00000000000001101011
00000000000001101011
00000000000001011101
00000000000001001011
00000000000010100000
00000000000011011111
00000000000011000101
00000000000010110110
00000000000010110110
00000000000010110110
00000000000010110110
00000000000101001011
00000000000000101011
00000000000000000000
00000000000000000000
00000000000000000000
00000000000000000000
00000000000000000000
00000000000001100000
00000000000011001010
00000000000010110011
00000000000010110110
00000000000010110110
00000000000010110110
00000000000010110110
00000000000011010111
00000000000001100111
00000000001100100001
00000000011110011000
00000000101011110010
00000000011100100011
00000000001110101011
00000000000011111010
00000000000010110111
00000000000011000001
00000000000010110110
00000000000010110110
00000000000010110110
00000000000010110110
00000000010011011010
00000000101111101111
00000001001000110011
00000000110111000001
00000000100101110100
00000000100001001101
00000000011011001100
00000000001100110110
00000000000010101111
00000000000010011000
00000000000010110110
00000000000010110110
00000000000010110110
00000000000010110110
00000000000110000010
00000000010001100111
00000000010001011101
00000000000101101010
00000000000111111111
00000000010101001110
00000000011000100001
00000000001000000011
00000000000100000011
00000000000011010010
00000000000010110110
00000000000010110110
00000000000010110110
00000000000010110110
00000000000010011100
00000000000010000111
00000000000000101110
00000000000000000000
00000000000101010000
00000000011101000111
00000000001100111100
00000000000000000000
00000000000011110100
00000000000011011100
00000000000010110110
00000000000010110110
00000000000010110110
00000000000010110110
00000000000110011111
00000000010101011010
00000000101011111101
00000000101011111000
00000000100100011100
00000000100001001110
00000000010101100011
00000000000010001110
00000000000011010001
00000000000010110010
00000000000010110110
00000000000010110110
00000000000010110110
00000000000010110110
00000000000101001110
00000000010010101000
00000000100110010110
00000000101000011111
00000000101000101001
00000000101001101101
00000000100000011011
00000000010001100001
00000000000011001011
00000000000010110110
00000000000010110110
00000000000010110110
00000000000010110110
00000000000010110110
00000000000010111111
00000000000011001110
00000000001010100100
00000000010011011010
00000000100010011110
00000000010110011011
00000000000011110001
00000000000011010100
00000000000011010001
00000000000011000000
00000000000010110110
00000000000010110110
00000000000010110110
00000000000010110110
00000000000011000011
00000000000011010000
00000000000110101011
00000000010100011000
00000000010110100111
00000000000011101111
00000000000011111101
00000000000100001101
00000000000011110011
00000000000011010011
00000000000010110110
00000000000010110110
00000000000010110110
00000000000010110110
00000000000011000100
00000000000011100100
00000000010011000000
00000000100101000101
00000000100111011111
00000000000100100100
00000000000011101001
00000000000011100010
00000000000011100110
00000000000011000111
00000000000010110110
00000000000010110110
00000000000010110110
00000000000010110110
00000000000011000001
00000000000011010101
00000000001001000000
00000000011001100000
00000000101000111011
00000000001011110001
00000000000010110110
00000000000010110110
00000000000010110110
00000000000010110110
00000000000010110110
00000000000010101010
00000000000010101010
00000000000010101010
00000000000100011011
00000000000101110011
00000000000110011100
00000000000111010010
00000000000111000001
00000000000111001011
00000000000110110001
00000000000111100000
00000000000110000010
00000000000011010100
00000000000010101010
00000000000010101010
00000000000010101010
00000000000010101010
00000000000101011100
00000000000111111000
00000000000111010000
00000000001000011111
00000000001000110010
00000000001000001000
00000000001000101111
00000000001000101011
00000000000101101110
00000000000011000111
00000000000010101010
00000000000010101010
00000000000010101010
00000000000010101010
00000000000110100110
00000000001101011011
00000000011000001000
00000000011101011110
00000000011101001100
00000000011011010101
00000000001110001000
00000000000110011100
00000000000101010111
00000000000011001001
00000000000010101010
00000000000010101010
00000000000010101010
00000000000010101010
00000000101011010110
00000001101100101101
00000010101000110111
00000011000110010101
00000011000001110111
00000010110011111101
00000001010100011010
00000000001100011111
00000000000101100100
00000000000011000010
00000000000010101010
00000000000010101010
00000000000010101010
00000000000010101010
00000001100110011101
00000011111100101001
00000100000100000001
00000010111111101011
00000011011010011110
00000100010010101101
00000001111011111011
00000000001101100100
00000000000101111101
00000000000011010001
00000000000010101010
00000000000010101010
00000000000010101010
00000000000010101010
00000000110111010100
00000010010001011000
00000001010100101010
00000000100101100110
00000011000100001100
00000100000100111101
00000001010110110010
00000000000111100100
00000000001000000001
00000000000011010001
00000000000010101010
00000000000010101010
00000000000010101010
00000000000010101010
00000000001001110110
00000000110100101011
00000000110111001011
00000001000101111001
00000011111011101000
00000011100000010001
00000000101000010101
00000000001000111011
00000000000111010111
00000000000010111101
00000000000010101010
00000000000010101010
00000000000010101010
00000000000010101010
00000000011010110111
00000010011101100001
00000011011011010111
00000011110011001011
00000101001011101110
00000011101000101100
00000001001000011110
00000000010011010011
00000000000101100110
00000000000010100110
00000000000010101010
00000000000010101010
00000000000010101010
00000000000010101010
00000000011101100000
00000010000101101100
00000010111101000101
00000100010000111110
00000100100111010000
00000010110000100101
00000001000000101001
00000000010001001000
00000000000101010100
00000000000011000111
00000000000010101010
00000000000010101010
00000000000010101010
00000000000010101010
00000000000110101011
00000000010110111101
00000001000101001111
00000011111001010010
00000011011001101011
00000000110101100101
00000000010010101111
00000000000110011011
00000000000101111000
00000000000011001011
00000000000010101010
00000000000010101010
00000000000010101010
00000000000010101010
00000000000100011101
00000000000111011010
00000001010101001001
00000100000001010111
00000010011010010100
00000000001011011111
00000000001000010101
00000000001000101010
00000000000110010001
00000000000011011001
00000000000010101010
00000000000010101010
00000000000010101010
00000000000010101010
00000000000100101101
00000000000110110100
00000001110110111011
00000100001111010010
00000010000101100100
00000000000111111001
00000000000110001101
00000000000110100110
00000000000101010111
00000000000010111001
00000000000010101010
00000000000010101010
00000000000010101010
00000000000010101010
00000000000100101000
00000000000110011001
00000001010001101010
00000011101000010000
00000001110100110100
00000000000110010101
00000000000011010100
00000000000011101111
00000000000011000110
00000000000010101000
00000000000010101010
00000000000010101010
00000000000010101010
00000000000010101010
00000000000100000101
00000000000101111110
00000000100011111111
00000001110010111110
00000000110101111000
00000000000001100000
00000000000010101010
00000000000010101010
00000000000010101010
00000000000010101010
00000000000010101010
00000000000010001011
00000000000010001011
00000000000010001011
00000000000010111111
00000000000100110100
00000000000110110011
00000000000111001100
00000000000111110101
00000000000111100110
00000000000110101010
00000000000111011001
00000000000111111101
00000000000100101011
00000000000010001011
00000000000010001011
00000000000010001011
00000000000010001011
00000000000011101010
00000000000111001111
00000000001000100001
00000000001001101010
00000000001001011110
00000000001001100101
00000000001010100010
00000000001001110001
00000000001000101100
00000000000100011111
00000000000010001011
00000000000010001011
00000000000010001011
00000000000010001011
00000000000011111110
00000000000111110001
00000000001101001011
00000000011100110101
00000000100010110111
00000000100101010011
00000000100011110101
00000000001111010101
00000000000111010011
00000000000100101111
00000000000010001011
00000000000010001011
00000000000010001011
00000000000010001011
00000000000111101101
00000001000101100110
00000010110000000100
00000011100111101110
00000011100000000000
00000011010010010100
00000010101011111100
00000000101101001110
00000000000110111010
00000000000100011000
00000000000010001011
00000000000010001011
00000000000010001011
00000000000010001011
00000000111000110010
00000011010101111000
00000101101000001100
00000100101010101011
00000011110110010001
00000101001011000101
00000100100010001001
00000000111111101011
00000000001000010101
00000000000101001110
00000000000010001011
00000000000010001011
00000000000010001011
00000000000010001011
00000000101100111111
00000010011100111101
00000010110111111110
00000001010111000111
00000010001100010000
00000101001111011100
00000100000111110111
00000000100101001111
00000000001011011110
00000000000110001101
00000000000010001011
00000000000010001011
00000000000010001011
00000000000010001011
00000000000011001010
00000000011011111000
00000001001001101001
00000001000100101100
00000011001000001111
00000101011101110000
00000010110101010000
00000000001110110000
00000000001011011001
00000000000101011111
00000000000010001011
00000000000010001011
00000000000010001011
00000000000010001011
00000000000111100011
00000001100001110010
00000011101001011010
00000100001011100000
00000101100010111011
00000110000001101101
00000011000010111101
00000000110010110010
00000000001000101111
00000000000011111110
00000000000010001011
00000000000010001011
00000000000010001011
00000000000010001011
00000000010101100111
00000001111000100001
00000011100111111100
00000100100011001011
00000110011110110110
00000101011001101001
00000010001110101000
00000000110101100110
00000000000111100101
00000000000100011010
00000000000010001011
00000000000010001011
00000000000010001011
00000000000010001011
00000000000011110111
00000000011000100000
00000000111011111010
00000011001011100101
00000101011101000011
00000010111010001100
00000000101001011000
00000000010100100111
00000000001000010110
00000000000100110010
00000000000010001011
00000000000010001011
00000000000010001011
00000000000010001011
00000000000010111100
00000000000110010000
00000000100100010010
00000011011101110110
00000101000011010011
00000001100001001110
00000000001001101110
00000000001001011111
00000000001000110100
00000000000101001000
00000000000010001011
00000000000010001011
00000000000010001011
00000000000010001011
00000000000011010100
00000000000110001110
00000001000011010010
00000011110111110110
00000100101101111000
00000001000100101001
00000000000111011011
00000000000111100010
00000000000111000110
00000000000100000100
00000000000010001011
00000000000010001011
00000000000010001011
00000000000010001011
00000000000011001111
00000000000101110101
00000000110101100111
00000011011010100110
00000100000111011111
00000000111100001010
00000000000011101110
00000000000011101111
00000000000011100111
00000000000010100111
00000000000010001011
00000000000010001011
00000000000010001011
00000000000010001011
00000000000011010001
00000000000101010100
00000000011100001001
00000001110100000001
00000010000010011101
00000000011101111011
00000000000010001011
00000000000010001011
00000000000010001011
00000000000010001011
00000000000010001011
00000000000010001011
00000000000010001011
00000000000010001011
00000000000010011101
00000000000010100101
00000000000010000010
00000000000010100000
00000000000010000101
00000000000001110100
00000000000010101100
00000000000001111110
00000000000001110011
00000000000010000110
00000000000010001011
00000000000010001011
00000000000010001011
00000000000010001011
00000000000010100100
00000000000010001110
00000000000010000001
00000000000001110000
00000000000010001010
00000000000010010110
00000000000001111100
00000000000001101010
00000000000001110111
00000000000010001100
00000000000010001011
00000000000010001011
00000000000010001011
00000000000010001011
00000000000010101110
00000000000101011011
00000000001000010101
00000000000100001100
00000000000011100011
00000000000001101011
00000000000001000010
00000000000001111110
00000000000010000010
00000000000010000011
00000000000010001011
00000000000010001011
00000000000010001011
00000000000010001011
00000000010001111011
00000000010101001111
00000000000101100101
00000000000011000001
00000000000001000100
00000000000110000001
00000000000000000000
00000000000000111001
00000000000001111000
00000000000010001101
00000000000010001011
00000000000010001011
00000000000010001011
00000000000010001011
00000000010010101011
00000000000111011001
00000000000000000000
00000000000001011100
00000000011110110111
00000000001010000100
00000000000010001101
00000000000001111011
00000000000001100101
00000000000001111100
00000000000010001011
00000000000010001011
00000000000010001011
00000000000010001011
00000000000000011010
00000000000000000000
00000000000100010010
00000000001000101010
00000000010011001000
00000000000000000000
00000000000011010010
00000000000110101011
00000000000001101100
00000000000010000100
00000000000010001011
00000000000010001011
00000000000010001011
00000000000010001011
00000000000100110100
00000000001011101010
00000000000010111101
00000000001110110010
00000000001001000110
00000000000000000011
00000000000010001100
00000000000001011110
00000000000001110100
00000000000010001110
00000000000010001011
00000000000010001011
00000000000010001011
00000000000010001011
00000000001100100111
00000000010001011000
00000000000100001111
00000000000111100010
00000000000000000000
00000000000000100010
00000000000010000001
00000000000000000000
00000000000001111011
00000000000010001000
00000000000010001011
00000000000010001011
00000000000010001011
00000000000010001011
00000000000100111010
00000000000000000000
00000000001001011011
00000000011111111110
00000000000000000000
00000000000010101110
00000000001011101010
00000000001000001000
00000000000001110111
00000000000010000001
00000000000010001011
00000000000010001011
00000000000010001011
00000000000010001011
00000000000010001111
00000000000000101000
00000000001100101011
00000000000111010010
00000000000000000000
00000000000010111101
00000000000001001101
00000000000010000001
00000000000001111001
00000000000010000110
00000000000010001011
00000000000010001011
00000000000010001011
00000000000010001011
00000000000010101001
00000000000001111010
00000000011000110110
00000000000101100010
00000000000000000000
00000000000101101110
00000000000001101110
00000000000010010001
00000000000001100111
00000000000010000011
00000000000010001011
00000000000010001011
00000000000010001011
00000000000010001011
00000000000010100011
00000000000001101101
00000000010100010111
00000000000010000110
00000000000000000000
00000000000000110100
00000000000010000010
00000000000001110110
00000000000010000001
00000000000010011010
00000000000010001011
00000000000010001011
00000000000010001011
00000000000010001011
00000000000010010100
00000000000010010000
00000000000110011100
00000000000001111010
00000000000011011101
00000000000001101101
00000000000010010000
00000000000001111110
00000000000010001111
00000000000010010001
00000000000010001011
00000000000010001011
00000000000010001011
00000000000010001011
00000000000010001000
00000000000010010101
00000000000100010111
00000000000000000000
00000000001100100101
00000000000101110100
00000000000010001011
00000000000010001011
00000000000010001011
00000000000010001011
00000000000010001011
00000000000111010000
00000000000111010000
00000000000111010000
00000000001000001010
00000000001000110100
00000000001001000100
00000000001001011111
00000000001001010111
00000000001001100001
00000000001001010010
00000000001001001110
00000000001000111100
00000000000111100000
00000000000111010000
00000000000111010000
00000000000111010000
00000000000111010000
00000000001001001111
00000000001010110001
00000000001010010101
00000000001011111010
00000000001100000011
00000000001011011010
00000000001011101011
00000000001100011001
00000000001001111011
00000000000111110000
00000000000111010000
00000000000111010000
00000000000111010000
00000000000111010000
00000000001001110011
00000000001010100010
00000000001101001000
00000000001001100011
00000000000110111101
00000000001000100111
00000000000110001001
00000000000111111101
00000000001001100000
00000000000111100011
00000000000111010000
00000000000111010000
00000000000111010000
00000000000111010000
00000000001011110110
00000000100100100111
00000000110100010111
00000001001110100001
00000001010000101100
00000001001010101001
00000000100101011101
00000000000101000110
00000000001001100011
00000000000111100111
00000000000111010000
00000000000111010000
00000000000111010000
00000000000111010000
00000001000111101010
00000010100110100001
00000011010111001100
00000011000101001101
00000010111101011101
00000011010110000111
00000001010110011010
00000000001001101000
00000000001001000101
00000000000111100000
00000000000111010000
00000000000111010000
00000000000111010000
00000000000111010000
00000001011001111010
00000011000100000001
00000010010011100100
00000001001100011001
00000010101010010111
00000011100110101111
00000001010001011010
00000000010001000010
00000000001010011000
00000000000111001111
00000000000111010000
00000000000111010000
00000000000111010000
00000000000111010000
00000000001110001011
00000000101110001010
00000000100011100011
00000000011010100110
00000010110011100011
00000010110101100000
00000000110010001100
00000000010001100000
00000000001011100100
00000000000111100100
00000000000111010000
00000000000111010000
00000000000111010000
00000000000111010000
00000000001101111111
00000001010000111111
00000001101010100010
00000001111001001001
00000011110000100001
00000010100110000100
00000000110001111011
00000000001001001000
00000000001001111110
00000000000111101111
00000000000111010000
00000000000111010000
00000000000111010000
00000000000111010000
00000000100100101100
00000010011111001110
00000011001010111011
00000011101100010000
00000100001100100100
00000010100111101111
00000001000101100000
00000000010011001010
00000000001001010100
00000000000111011001
00000000000111010000
00000000000111010000
00000000000111010000
00000000000111010000
00000000001111111010
00000000110001101010
00000001010101100011
00000011011110001100
00000011000110111100
00000001011001110111
00000000110000000011
00000000010101010011
00000000001001010101
00000000000111101001
00000000000111010000
00000000000111010000
00000000000111010000
00000000000111010000
00000000001000011001
00000000001010111010
00000000110110001110
00000011010100111000
00000010001110001100
00000000011000000110
00000000001011111011
00000000001011110000
00000000001010010010
00000000000111110100
00000000000111010000
00000000000111010000
00000000000111010000
00000000000111010000
00000000001000111001
00000000001010110001
00000001011011111101
00000011011010011010
00000001101011000110
00000000000111010001
00000000001011010100
00000000001100000010
00000000001010000100
00000000000111110100
00000000000111010000
00000000000111010000
00000000000111010000
00000000000111010000
00000000001001000001
00000000001010001111
00000001100001001111
00000011010010111100
00000001110100010110
00000000000111100001
00000000001000110111
00000000001001000110
00000000001000010111
00000000000111011111
00000000000111010000
00000000000111010000
00000000000111010000
00000000000111010000
00000000001000110111
00000000001010010011
00000000101111110011
00000010010011100101
00000001001101001010
00000000001011111110
00000000000111010000
00000000000111010000
00000000000111010000
00000000000111010000
00000000000111010000
00000000000000000000
00000000000000000000
00000000000000000000
00000000000000000000
00000000000000000000
00000000000000000000
00000000000000000000
00000000000000000000
00000000000000000000
00000000000000000000
00000000000000000001
00000000000000001000
00000000000000001011
00000000000000000000
00000000000000000000
00000000000000000000
00000000000000000000
00000000000000000000
00000000000000000000
00000000000000000101
00000000000000001011
00000000000000000000
00000000000000000000
00000000000000001101
00000000000000000000
00000000000000000001
00000000000000000101
00000000000000000000
00000000000000000000
00000000000000000000
00000000000000000000
00000000000000000000
00000000000000000000
00000000000000000011
00000000000000000000
00000000000000000010
00000000000000000111
00000000000001110000
00000000000001101000
00000000000000000111
00000000000000001100
00000000000000000000
00000000000000000000
00000000000000000000
00000000000000000000
00000000000000000000
00000000000000000000
00000000000000000000
00000000000000000000
00000000000000000000
00000000000000000000
00000000000001001001
00000000000000000000
00000000000000000011
00000000000000001000
00000000000000000000
00000000000000000000
00000000000000000000
00000000000000000000
00000000000000000000
00000000000000000000
00000000000000000000
00000000000000000000
00000000000000000000
00000000000000000000
00000000000010110101
00000000000000000010
00000000000000000100
00000000000000001010
00000000000000000000
00000000000000000000
00000000000000000000
00000000000000000000
00000000000110011100
00000000000001001001
00000000000000000000
00000000000000000000
00000000000000000000
00000000000000000000
00000000000000000000
00000000000000000000
00000000000000000001
00000000000000010011
00000000000000000000
00000000000000000000
00000000000000000000
00000000000000000000
00000000000010111010
00000000000001010010
00000000000001001001
00000000000000011011
00000000000000000000
00000000000000000000
00000000000001000000
00000000000000000000
00000000000000100001
00000000000000000010
00000000000000000000
00000000000000000000
00000000000000000000
00000000000000000000
00000000000000000011
00000000000000000000
00000000000000000000
00000000000000000000
00000000000000000000
00000000000000000000
00000000000000000000
00000000000010001100
00000000000000000000
00000000000000000101
00000000000000000000
00000000000000000000
00000000000000000000
00000000000000000000
00000000000001110111
00000000000001011001
00000000000000000000
00000000000000000000
00000000000000000000
00000000000000000000
00000000000000000000
00000000000010100011
00000000000000000000
00000000000000000010
00000000000000000000
00000000000000000000
00000000000000000000
00000000000000000000
00000000000010111001
00000000000100110101
00000000000000000000
00000000000000000000
00000000000000000000
00000000000011000010
00000000000000000000
00000000000000000000
00000000000000000101
00000000000000001110
00000000000000000000
00000000000000000000
00000000000000000000
00000000000000000000
00000000000000000000
00000000000000000111
00000000000000000000
00000000000000000000
00000000000000000000
00000000000000000000
00000000000000000000
00000000000000000000
00000000000000001000
00000000000000000000
00000000000000000000
00000000000000000000
00000000000000000000
00000000000000000000
00000000000000000000
00000000000000000000
00000000000000000000
00000000000000000000
00000000000000000000
00000000000000000000
00000000000000000011
00000000000000000000
00000000000000000000
00000000000000000110
00000000000000000000
00000000000000000000
00000000000000000000
00000000000000000000
00000000000000000010
00000000000000000100
00000000000100000010
00000000000000000000
00000000000000000000
00000000000000000111
00000000000000001001
00000000000000000011
00000000000000000001
00000000000000000010
00000000000000000000
00000000000000000000
00000000000000000000
00000000000000000000
00000000000000000100
00000000000000000000
00000000000001110001
00000000000001011000
00000000000000000000
00000000000000000000
00000000000000000000
00000000000000000000
00000000000000000000
00000000000000000000
00000000000000000000
