11111100000001010000
00000000110100000110
00000001101110101010
00000001101001111001
11111100101011111010
00000100100001110000
11111010000101000111
11111010110000011000
11111111011000101111
00000101101101101011
00000010110100111100
00000011010101100010
11111110001011001000
11111011111100100111
00000001011001001010
11111110111101010011
00000010000100110100
00000100000010011111
00000111100111111100
11111101110110010100
11111110111010010110
00000010111000000001
11111100010111101100
00000100110001110101
00000000110010010111
00000100100001111000
00000001010010110011
11111011000100010000
00000011001100010000
00000101001010101110
00000011100100000001
00000011110011111001
00000010000001100000
00000000000111011011
00000101110111000010
00000011001010011001
00000010010011000101
11111100000000000100
00000110110001001101
11111111100001011010
00000100011011110100
11111110110000110000
00000100101011100110
00000010101001100110
00000000000110100110
00000100111101111101
11111110010110101110
11111111100110111001
11111111010001010110
11111111110101100011
00000000111011011011
00000100111100010000
11111100001100101010
00000111110100111101
00000100101000011101
11111111001001101100
00000011110111001011
00000111101001010001
00000001011010010000
00000011101001100101
11111110110101111011
00000010011010000000
11111010101000111110
00000010010011110001
00000011100001010110
11111111001000111010
00000000010101111010
11111010100110010100
00000100010001100011
00000101100100000101
00000011010000010001
00000101110110100000
00000010000110000011
00000011100000110010
11111110001111010100
11111111110101100001
00000100000101111001
00000111111010010000
00000110000011101001
00000000100001110000
11111110111101010110
11111110110111000101
00000000110110111101
00000000011010100110
