00000000000010110110
00000000000010110110
00000000000010110110
00000000000010110110
00000000000010110110
00000000000010110110
00000000000011011100
00000000000010101011
00000000000010010010
00000000000010010000
00000000000001101100
00000000000010111111
00000000000010011011
00000000000001110000
00000000000010111011
00000000000001100100
00000000000010110011
00000000000001111111
00000000000010011000
00000000000010000101
00000000000010000001
00000000000010100101
00000000000010000111
00000000000010011100
00000000000010101010
00000000000010100011
00000000000010110110
00000000000010110110
00000000000010110110
00000000000010110110
00000000000010110110
00000000000010110110
00000000000010110110
00000000000010110110
00000000000010011110
00000000000010010111
00000000000011011000
00000000000110011101
00000000000110000010
00000000000001000111
11111111111110101001
11111111111000001001
11111111111000110010
11111111111000000100
11111111111000111001
11111111110111111000
11111111110101101000
11111111110011110010
11111111111001011010
11111111111011111010
00000000000001110110
00000000000010111011
00000000000010100011
00000000000010100110
00000000000010110110
00000000000010110110
00000000000010110110
00000000000010110110
00000000000010110110
00000000000010110110
00000000000010110110
00000000000010110110
00000000000100000101
00000000000111100001
00000000000111000101
11111111111101101010
11111111111100001101
11111111101111111011
11111111110011001111
11111111101011001001
11111111101001010010
11111111101010000111
11111111101001110011
11111111101010001101
11111111101110011111
11111111101001001101
11111111101111001110
11111111110000010100
11111111111100000110
00000000000011001101
00000000000010100111
00000000000010100111
00000000000010110110
00000000000010110110
00000000000010110110
00000000000010110110
00000000000010110110
00000000000010110110
00000000000010110110
00000000000010110110
00000000000010011011
00000000000001001101
00000000000100001001
11111111111101011110
11111111111001100010
11111111101010100010
11111111101000110010
11111111100100101011
11111111100100100010
11111111100100100101
11111111100101000111
11111111100100110010
11111111100000010110
11111111100111010011
11111111100011001101
11111111110001100000
11111111110010111101
00000000000010011110
00000000000010111100
00000000000010110100
00000000000010110110
00000000000010110110
00000000000010110110
00000000000010110110
00000000000010110110
00000000000010110110
00000000000010110110
00000000000010110110
00000000000011110110
00000000000110101111
00000000000100010001
11111111111010101111
11111111110011010100
11111111100101001110
11111111100101100101
11111111100010011000
11111111100100101110
11111111101011111111
11111111101110100011
11111111110000101010
11111111101101101001
11111111101101010110
11111111100111101010
11111111101100000011
11111111101100100110
11111111111101110111
00000000000011000001
00000000000011001000
00000000000010110110
00000000000010110110
00000000000010110110
00000000000010110110
00000000000010110110
00000000000010110110
00000000000010110110
00000000000010110110
00000000000010111000
00000000000101110110
11111111111101110011
11111111111101110011
00000000001011110100
00000000001100010011
00000000100001110001
00000000111111010100
00000000111100100000
00000000111110111010
00000000111111101110
00000001000011010011
00000000111001101011
00000000011010100100
00000000010100000100
11111111110110011000
11111111110011101001
11111111110001111000
00000000000010100010
00000000000010101010
00000000000010110110
00000000000010110110
00000000000010110110
00000000000010110110
00000000000010110110
00000000000010110110
00000000000010110110
00000000000010110110
00000000000011100011
00000000010000000011
00000000010100110011
00000000100000011101
00000000110000010101
00000000111001001010
00000000111000110001
00000001000101101010
00000001001011011010
00000001001110110001
00000001001011010010
00000001010001010000
00000001000011001000
00000000111000101001
00000000011100010010
00000000001011011110
00000000000010110101
11111111110000000001
00000000000011101000
00000000000010111110
00000000000010110110
00000000000010110110
00000000000010110110
00000000000010110110
00000000000010110110
00000000000010110110
00000000000010110110
00000000000010110110
00000000000010111111
00000000001111001010
00000000010000110001
00000000011010011010
00000000110110000001
00000000111101011001
00000001000001101101
00000001001101101011
00000001010101001110
00000001001110100100
00000001001100001010
00000001001100101110
00000001000100001101
00000000110110010101
00000000010101011001
00000000010111011010
00000000000100011110
11111111110111011101
00000000000011101111
00000000000010100110
00000000000010110110
00000000000010110110
00000000000010110110
00000000000010110110
00000000000010110110
00000000000010110110
00000000000010110110
00000000000010110110
00000000000010101001
00000000001011001010
00000000010110000100
00000000011110000000
00000001000101111000
00000000111111101100
00000001001011011110
00000001000101110111
00000000110101100101
00000000110110000111
00000000101111110011
00000000011101010110
00000000101110100111
00000000111101010011
00000000100011001110
00000000101010110100
00000000010100000000
00000000010011001001
00000000000010001100
00000000000010110011
00000000000010110110
00000000000010110110
00000000000010110110
00000000000010110110
00000000000010110110
00000000000010110110
00000000000010110110
00000000000010110110
00000000000011011001
00000000010000101010
00000000001110111001
00000000100001000000
00000000100111000110
00000000101000001100
00000000010110101001
00000000000010011111
00000000000110101010
00000000000010001111
00000000001011001111
00000000000111010100
00000000011000111101
00000000011110110011
00000000101000001100
00000000101001100100
00000000010111011001
00000000010110000000
00000000000010111101
00000000000011000101
00000000000010110110
00000000000010110110
00000000000010110110
00000000000010110110
00000000000010110110
00000000000010110110
00000000000010110110
00000000000010110110
00000000000010010101
00000000001100000100
00000000010100100011
00000000100111001010
00000000100100001100
00000000101010011111
00000000010110011011
00000000000111111101
00000000000010000100
00000000000011101001
11111111111111110001
00000000000111011011
00000000001110000111
00000000011011011010
00000000101110100100
00000000100001100001
00000000010111011100
00000000010011111100
00000000000011010111
00000000000010010111
00000000000010110110
00000000000010110110
00000000000010110110
00000000000010110110
00000000000010110110
00000000000010110110
00000000000010110110
00000000000010110110
00000000000011101100
00000000001011110101
00000000010011001110
00000000010000000101
00000000010111110011
00000000010110001001
00000000000110111111
00000000000001111101
00000000000100101101
11111111110011101000
11111111110110110101
11111111111110111100
00000000000101100011
00000000010001001111
00000000100100011001
00000000011001001111
00000000001000110011
00000000000011111111
00000000000010101010
00000000000010101111
00000000000010110110
00000000000010110110
00000000000010110110
00000000000010110110
00000000000010110110
00000000000010110110
00000000000010110110
00000000000010110110
00000000000010110000
00000000000010011011
00000000000011110101
00000000000011111000
00000000000011000100
00000000001000011011
00000000000010100101
00000000000100001100
11111111110100001010
11111111110110111111
00000000000000100000
00000000000111010010
00000000100000100001
00000000100111001011
00000000101100010000
00000000011010100010
00000000010001111010
00000000000100101000
00000000000001111100
00000000000010111010
00000000000010110110
00000000000010110110
00000000000010110110
00000000000010110110
00000000000010110110
00000000000010110110
00000000000010110110
00000000000010110110
00000000000011110111
00000000000100000011
00000000000100000111
00000000000100011111
00000000001001001101
00000000000001010111
00000000000010011101
11111111110100101011
11111111110110100000
11111111111111001100
00000000000101011000
00000000011110111010
00000000101111101100
00000000110110100001
00000000101101010100
00000000100111111010
00000000010111001100
00000000000011111101
00000000000011101001
00000000000100000101
00000000000010110110
00000000000010110110
00000000000010110111
00000000000010100100
00000000000010101010
00000000000010011001
00000000000010111001
00000000000010110100
00000000000010101111
00000000000010110110
00000000000010110100
00000000000111000001
00000000000001101111
00000000000011010111
11111111110110010000
11111111111000001011
11111111111011100111
00000000000110111101
00000000100100101110
00000000110011111000
00000001000101110110
00000000111101011110
00000000110101010010
00000000101001000111
00000000010101111100
00000000000011010111
00000000000010100010
00000000000010110110
00000000000010110110
00000000000010110110
00000000000010101111
00000000000010001100
00000000000010111101
00000000000010000110
00000000000010101100
00000000000010101010
00000000000010110011
00000000000111001111
00000000000110111011
11111111111100110110
00000000000001100010
11111111101111001001
11111111110111000110
11111111111111010001
00000000001011101100
00000000011101011000
00000000110110010100
00000000111011001110
00000001001000010000
00000000110100100110
00000000101011110000
00000000010110100100
00000000000100010010
00000000000101000010
00000000000100111101
00000000000010101011
00000000000010110110
00000000000010110110
00000000000010001011
00000000000011010000
00000000000001111001
00000000000010100000
00000000000011000010
00000000000010100000
00000000000110001110
00000000000001000010
11111111111111001110
11111111111010100001
11111111110011100010
11111111101101110101
00000000000000000000
00000000001010011001
00000000100000001011
00000000110100110011
00000000111001001111
00000000110101001111
00000000101100101110
00000000011111101100
00000000001000101100
11111111110011111110
11111111111011000001
11111111111011100100
00000000000010101011
00000000000010100011
00000000000010110110
00000000000010110110
00000000000010100101
00000000000010011101
00000000000011000011
00000000000001101011
00000000000110000100
00000000000110010010
11111111111011110011
00000000000000011001
11111111101100011100
11111111110101110100
11111111101001100011
11111111111101010001
00000000001010111011
00000000011110111000
00000000101100100111
00000000111000101000
00000000100111110100
00000000011001111010
00000000001111000110
11111111111011001010
11111111101110001010
11111111101000101100
11111111101110010100
11111111110000000110
11111111111100100101
00000000000010110001
00000000000010110110
00000000000010110110
00000000000100010111
00000000000011011101
00000000000011101111
00000000000111010101
00000000000001101000
11111111111110100101
11111111111001000101
11111111110010111111
11111111100011111010
11111111110000011110
11111111111100101111
00000000001011011101
00000000011101101001
00000000110001000000
00000000100110011001
00000000100000000011
00000000001011011111
11111111111000000110
11111111100100100110
11111111100100101111
11111111011111011111
11111111101000000111
11111111100010010110
11111111110001111100
11111111110010101000
00000000000010011111
00000000000010110110
00000000000010110110
00000000000010011001
00000000000100001001
00000000000010101110
00000000000001011001
00000000000111100100
11111111110110011101
11111111111011101000
11111111101000000011
11111111111101011111
00000000000111101101
00000000011110111000
00000000101111101101
00000000110000000011
00000000110000000000
00000000100111101110
00000000011000110001
00000000001011110101
11111111111000001110
11111111100100111110
11111111100101111001
11111111100111001110
11111111101001010010
11111111101000001100
11111111110000000111
11111111110000110001
00000000000010101100
00000000000010110110
00000000000010110110
00000000000010011101
00000000000100001011
00000000000011000101
00000000000110011000
00000000000100101010
11111111110100010001
00000000000001010101
11111111111110110100
00000000001100011011
00000000011110001010
00000000101111111110
00000000101011101010
00000000101101000110
00000000110000110101
00000000110100010001
00000000111010100011
00000000111001100011
00000000111010011111
00000000111010010110
00000000111001101010
00000000110000001110
00000000100010111110
00000000011110101011
00000000001010010100
11111111110111000110
00000000000010101000
00000000000010110110
00000000000010110110
00000000000100001000
00000000000010110111
00000000000101011001
00000000000011111101
00000000000010000011
00000000010010100011
00000000100001110101
00000000100111011011
00000000111000011100
00000000111011000100
00000000111000101110
00000000111110101010
00000000111101001011
00000001000011100111
00000000111110100100
00000001001000100111
00000001001010111110
00000001001010000010
00000001001011001111
00000001001010100110
00000001001011010100
00000000111101000000
00000000111001000001
00000000100011101011
00000000010011000111
00000000000010110100
00000000000010110110
00000000000010110110
00000000000011100000
00000000000011101010
00000000000011010100
00000000010001101011
00000000010100101010
00000000101000111001
00000000111010010010
00000001001010101010
00000001001010001001
00000001001001101110
00000001001010010100
00000001000101100011
00000001001011010010
00000001001001111101
00000001001101000100
00000001001111010110
00000001001111101010
00000001001111110111
00000001010000001111
00000001001111111110
00000001001110110010
00000001000110011111
00000000111101100100
00000000101010011010
00000000010101101101
00000000000011111111
00000000000010110110
00000000000010110110
00000000000011111011
00000000000100110101
00000000000011101110
00000000001101001110
00000000010101101110
00000000101000100110
00000000111101001010
00000001010000001100
00000001010000010111
00000001001111110101
00000001001111111110
00000001001111011100
00000001010101110101
00000001001111011101
00000001001110011111
00000001001110000110
00000001001101101000
00000001001101101110
00000001001110001111
00000001001111000010
00000001001110001110
00000001000101110110
00000000110110100010
00000000101001001111
00000000010100111111
00000000000010110110
00000000000010110110
00000000000010110110
00000000000011001100
00000000000011011111
00000000000011101011
00000000001100111111
00000000011100100001
00000000101000101100
00000000111100001011
00000001001110001001
00000001001101101110
00000001001110001011
00000001001110011111
00000001000110000011
00000000110110001001
00000000101010000111
00000000010110101001
00000000000100000101
00000000000100110000
00000000000100010110
00000000000010110100
00000000000011110110
00000000000100010010
00000000000011101010
00000000000101000000
00000000000100011111
00000000000011000011
00000000000010111111
00000000000010110110
00000000000010110110
00000000000011001100
00000000000011110011
00000000000100000101
00000000000011100011
00000000000100010010
00000000000100101001
00000000000011110010
00000000000100000011
00000000000100010110
00000000000100000000
00000000000011110101
00000000000100001010
00000000000100100101
00000000000011111011
00000000000011100010
00000000000011100110
00000000000011000101
00000000000011100111
00000000000011111111
00000000000011101011
00000000000100011100
00000000000100110000
00000000000011110010
00000000000011111101
00000000000011110111
00000000000010110110
00000000000010110110
00000000000010110110
00000000000010110110
00000000000010110110
00000000000010110110
00000000000010110110
00000000000010110110
00000000000010110110
00000000000010110110
00000000000010110110
00000000000010110110
00000000000010110110
00000000000010110110
00000000000010110110
00000000000010110110
00000000000010110110
00000000000010110110
00000000000010110110
00000000000010110110
00000000000010110110
00000000000010110110
00000000000010110110
00000000000010110110
00000000000010110110
00000000000010110110
00000000000010110110
00000000000010110110
00000000000010110110
00000000000010110110
00000000000010110110
00000000000010110110
00000000000010110110
00000000000010110110
00000000000010110110
00000000000010110110
00000000000010110110
00000000000010110110
00000000000010110110
00000000000010110110
00000000000010110110
00000000000010110110
00000000000010110110
00000000000010110110
00000000000010110110
00000000000010110110
00000000000010110110
00000000000010110110
00000000000010110110
00000000000010110110
00000000000010110110
00000000000010110110
00000000000010110110
00000000000010110110
00000000000010110110
00000000000010110110
00000000000010110110
00000000000010110110
00000000000010110110
00000000000010101010
00000000000010101010
00000000000010101010
00000000000010101010
00000000000010101010
00000000000010101010
00000000000101111000
00000000000110101101
00000000000111011101
00000000001000011011
00000000000111000000
00000000000110110111
00000000000111100100
00000000000111011001
00000000000111101101
00000000000111100001
00000000000111010101
00000000000111111101
00000000000110111101
00000000000111011100
00000000000111000100
00000000000101011001
00000000000101000101
00000000000011110011
00000000000011000000
00000000000010110001
00000000000010101010
00000000000010101010
00000000000010101010
00000000000010101010
00000000000010101010
00000000000010101010
00000000000010101010
00000000000010101010
00000000000110001011
00000000000110111111
00000000001010110101
00000000010111010011
00000000100010100000
00000000101100111000
00000000110100110001
00000000110010001111
00000000110010001100
00000000110010010000
00000000110001111111
00000000110001011110
00000000100110011100
00000000011001101000
00000000001101011010
00000000000101000010
00000000000100101001
00000000000100011010
00000000000011110010
00000000000010111101
00000000000010101010
00000000000010101010
00000000000010101010
00000000000010101010
00000000000010101010
00000000000010101010
00000000000010101010
00000000000010101010
00000000000110110000
00000000010110100001
00000000100100011111
00000001000100100011
00000001100010100101
00000001111110100101
00000010010001100001
00000010011101000101
00000010011110001010
00000010011101111011
00000010011011100010
00000010011101110010
00000010001001000100
00000001100010101000
00000000111000000100
00000000011000111010
00000000000011010100
00000000000100011010
00000000000011100110
00000000000010101001
00000000000010101010
00000000000010101010
00000000000010101010
00000000000010101010
00000000000010101010
00000000000010101010
00000000000010101010
00000000000010101010
00000000000110011110
00000000101011010110
00000001010010011010
00000010011010010001
00000011011001000111
00000100000010011101
00000100011000101111
00000100100000000110
00000100011101110100
00000100011111101001
00000100011111101010
00000100011111011000
00000100000001110000
00000010111000011110
00000001110010101111
00000000110000110000
00000000001110011010
00000000000101010111
00000000000011001110
00000000000010111001
00000000000010101010
00000000000010101010
00000000000010101010
00000000000010101010
00000000000010101010
00000000000010101010
00000000000010101010
00000000000010101010
00000000000101111110
00000001001100011110
00000010010111000011
00000011111100001000
00000101000000001010
00000101100101111100
00000101101010101100
00000101011101101111
00000101010010111011
00000101010101000101
00000101011001001111
00000101101000001100
00000101010110100001
00000100001000001101
00000010100011000010
00000001010010000101
00000000011100011011
00000000000001111011
00000000000100001001
00000000000010100101
00000000000010101010
00000000000010101010
00000000000010101010
00000000000010101010
00000000000010101010
00000000000010101010
00000000000010101010
00000000000010101010
00000000000100111011
00000001100110010001
00000011000101101100
00000100100101101111
00000101011011110011
00000101101010100011
00000101101001101100
00000101010000100001
00000100110111011001
00000100101101100001
00000101000011001100
00000101100010110111
00000101110111110100
00000100111111111010
00000011010101110101
00000001101011111011
00000000101101011111
00000000001101110000
00000000000011010011
00000000000010100011
00000000000010101010
00000000000010101010
00000000000010101010
00000000000010101010
00000000000010101010
00000000000010101010
00000000000010101010
00000000000010101010
00000000000011011010
00000001110000000010
00000011011100111111
00000100101011001001
00000101000101011001
00000100011110101101
00000100000010110001
00000011011001010101
00000010110100100110
00000010110110001000
00000011100110111001
00000100101000110101
00000101101010111000
00000101100011111111
00000100000110001111
00000010010101011010
00000000111101011100
00000000010000100000
00000000000011111001
00000000000010101101
00000000000010101010
00000000000010101010
00000000000010101010
00000000000010101010
00000000000010101010
00000000000010101010
00000000000010101010
00000000000010101010
00000000000011001001
00000001101111101011
00000011001111111010
00000011111111010110
00000011110110101010
00000010110000101000
00000010000111010101
00000001011011000101
00000001001000001100
00000001001001010101
00000010100001111101
00000100000110011001
00000101010010011111
00000101101111111010
00000100001101000100
00000010100101100110
00000000110110001011
00000000010101111111
00000000000010111110
00000000000010111011
00000000000010101010
00000000000010101010
00000000000010101010
00000000000010101010
00000000000010101010
00000000000010101010
00000000000010101010
00000000000010101010
00000000000011011101
00000001100010010011
00000010101110110110
00000011000000111101
00000010100000011010
00000001010111111110
00000000110000110110
00000000100001000000
00000000010011010001
00000000100001111011
00000010000100101000
00000011110101100010
00000101100001110011
00000101011101111111
00000100000010010010
00000010010001110111
00000000101110111000
00000000000000100001
00000000000011011111
00000000000010110010
00000000000010101010
00000000000010101010
00000000000010101010
00000000000010101010
00000000000010101010
00000000000010101010
00000000000010101010
00000000000010101010
00000000000101001001
00000001001101100100
00000001110101111000
00000001110010101100
00000001010101101111
00000000010001101000
11111111111110001100
00000000000110110100
00000000010100100111
00000000111001001011
00000010100001000101
00000100010010100100
00000101100011010100
00000101010000011000
00000011011101110010
00000001110001101011
00000000011000100010
11111111111100101010
00000000000100010100
00000000000010000100
00000000000010101010
00000000000010101010
00000000000010101010
00000000000010101010
00000000000010101010
00000000000010101010
00000000000010101010
00000000000010101010
00000000000101110011
00000000101100011010
00000000110100111001
00000000111110101010
00000000100010111000
00000000001011011011
11111111111110011001
00000000010010100111
00000000110111101000
00000001111100000100
00000011101111101111
00000100111111010101
00000110000111000011
00000100111000100000
00000011001000111011
00000001010111110000
00000000010101110101
11111111111100010010
00000000000100001100
00000000000011010101
00000000000010101010
00000000000010101010
00000000000010101010
00000000000010101010
00000000000010101010
00000000000010101010
00000000000010101010
00000000000010101010
00000000000110100000
00000000010000111110
00000000010111100011
00000000010100011011
00000000010100000110
11111111111110101111
00000000010100100000
00000000110111001111
00000001111001111011
00000011100110000000
00000100110000111000
00000101111101101111
00000101111111011111
00000100100100000000
00000010110010111111
00000001000100100111
00000000010000111101
00000000000110101101
00000000000011011100
00000000000010111001
00000000000010101010
00000000000010101010
00000000000010101010
00000000000010101010
00000000000010101010
00000000000010101010
00000000000010101010
00000000000010101010
00000000000101111010
00000000000101111100
00000000001000101110
00000000000111100010
00000000001000101000
00000000010111001010
00000000110111101100
00000001111010100001
00000011100100110011
00000100110000001111
00000101111101111111
00000110000010110111
00000101101011000001
00000011111001100011
00000010001001100001
00000000110111100110
00000000000100001111
00000000000111100100
00000000000100000111
00000000000010101110
00000000000010101010
00000000000010101010
00000000000010101010
00000000000010101010
00000000000010101010
00000000000010101010
00000000000010101010
00000000000010101010
00000000000100100100
00000000000110001101
00000000000111110010
00000000001000110000
00000000010101100110
00000000111001110010
00000001111011001001
00000011100110000110
00000100101110011100
00000101111101100010
00000110000000100111
00000101101100010010
00000100011101110011
00000010101000111111
00000001011101100000
00000000010010011110
00000000000000011010
00000000000110110001
00000000000011111100
00000000000001111110
00000000000010101010
00000000000010101010
00000000000011011011
00000000000011100000
00000000000011011000
00000000000010100011
00000000000011000010
00000000000010111101
00000000000100001110
00000000000101100010
00000000000111101001
00000000010101001101
00000000111000011011
00000001111011111110
00000011100110010000
00000100110000111011
00000101110000110100
00000101110100100110
00000101100000100110
00000100010100001111
00000010110110111101
00000001100111000110
00000000011100011110
00000000001001100110
11111111111101111110
00000000000011010111
00000000000010111100
00000000000010101010
00000000000010101010
00000000000010101010
00000000000100101111
00000000000101010111
00000000000100001100
00000000000100000001
00000000000011100001
00000000000011101001
00000000000100100001
00000000010011110111
00000000100000000101
00000001000001001111
00000010000011001001
00000011100001010000
00000100110000101100
00000101111111001011
00000101101001110011
00000101010010110010
00000011111110000111
00000010100000111111
00000001011100001011
00000000011001010011
00000000001010111101
11111111111101111101
00000000000111001101
00000000000101011011
00000000000001111011
00000000000010100011
00000000000010101010
00000000000010101010
00000000000110111100
00000000000110110001
00000000000110011000
00000000000100011101
00000000000110001001
00000000000101010111
00000000010011110111
00000000110101101000
00000001010111101100
00000010100001110111
00000011110001100011
00000100111001101111
00000101111100110000
00000110001101111000
00000101100101000101
00000100011011101001
00000010111110110111
00000001110111101001
00000000111110001010
00000000110010101111
00000000011010101110
00000000011000110101
00000000001011111001
00000000000010010110
00000000000011001010
00000000000010111111
00000000000010101010
00000000000010101010
00000000000110111101
00000000001000100110
00000000000111000100
00000000000110101101
00000000010101011010
00000000100001011100
00000001000010000110
00000010000010001010
00000011000011011000
00000100010000010000
00000101010001010001
00000101111111010010
00000110001100010001
00000110011001101110
00000101010010110010
00000100011011000011
00000011010011110100
00000010101100111001
00000010011011010100
00000010010010000111
00000010000111010011
00000001100001001000
00000000110101011111
00000000010101110110
11111111111111111010
00000000000010110001
00000000000010101010
00000000000010101010
00000000001000011001
00000000001000110111
00000000001010001001
00000000010110001111
00000000111010010011
00000001011100000100
00000010100100101011
00000011110010000111
00000100101110011011
00000101101011110111
00000110000000111110
00000110001011001011
00000110011000111011
00000110001101001101
00000101101001111011
00000101001001000010
00000100100001101011
00000100010101110100
00000100011110101010
00000100011111100100
00000011111110101110
00000010110110010100
00000001101111000000
00000000101100010000
00000000001011100010
00000000000010011101
00000000000010101010
00000000000010101010
00000000001000101010
00000000001010001011
00000000001001110011
00000000101110000001
00000001110010110010
00000011000010000111
00000100011000011100
00000101010000100000
00000101111110001010
00000110001010101011
00000110011000010010
00000110001101110011
00000110001101011011
00000110001110010010
00000110000011100010
00000101111000101101
00000101101100111101
00000101100011000010
00000101101100110110
00000101101101001101
00000101010000111001
00000011111000100111
00000010010011000010
00000001000100101001
00000000001111110011
00000000000011000111
00000000000010101010
00000000000010101010
00000000001001000110
00000000001010101011
00000000001010011000
00000001001101100101
00000010110100000100
00000100001111110111
00000101101000001011
00000110000001111111
00000110001011111000
00000110010111110011
00000110010000101101
00000110000001010110
00000101110101101110
00000101101001100110
00000101100010110000
00000101100110100100
00000101100111111011
00000101100110101100
00000101100111100110
00000101100111010000
00000101011110010111
00000011111100000110
00000010011111101111
00000000110111100011
00000000010100100000
00000000000010111001
00000000000010101010
00000000000010101010
00000000001000111101
00000000001001111111
00000000001001010110
00000001011011110000
00000010110110011001
00000100011111100111
00000101010100000010
00000101110000111100
00000101100101000000
00000101100110011011
00000101100110101111
00000101010010100100
00000100111000011100
00000100010111111111
00000100000101110101
00000011111100110100
00000011111011110000
00000011111100100010
00000011111100000101
00000011111101111001
00000011111100111101
00000010111000011001
00000001101100100110
00000000100111011011
11111111111101011000
00000000000010110011
00000000000010101010
00000000000010101010
00000000000111001000
00000000001000000001
00000000001000001100
00000001001111000100
00000010010101101110
00000011011011100011
00000100000001001101
00000011111010111101
00000011111011001110
00000011111011001001
00000011111100101011
00000011011011110110
00000010110101101001
00000010010101001110
00000001111011111101
00000001111000001110
00000001111000101000
00000001110111000100
00000001110111001101
00000001111001101100
00000001111011010001
00000001010100100110
00000000110001101001
00000000001000000110
11111111111011100000
00000000000010000011
00000000000010101010
00000000000010101010
00000000000100110010
00000000001000000111
00000000000101100001
00000000101100101111
00000001001101010011
00000001110011100110
00000010000000011110
00000001110110100100
00000001110111010111
00000001110111000101
00000001110111111101
00000001011011011001
00000001001000000101
00000000101100100101
00000000101010001011
00000000101001001011
00000000100111101111
00000000101001101100
00000000101001011101
00000000101011011100
00000000101011111101
00000000100011010001
00000000010001000010
00000000000101101001
11111111111000101100
00000000000010101010
00000000000010101010
00000000000010101010
00000000000011100110
00000000000100110010
00000000000100101011
00000000001110000001
00000000011100110110
00000000100110001001
00000000110010100100
00000000100111000001
00000000100111111101
00000000101001000000
00000000101000011001
00000000011111111001
00000000001111100000
00000000000101111011
11111111111010001000
00000000000100000011
00000000000100000011
00000000000011011010
00000000000011111100
00000000000100110110
00000000000101111000
00000000000100110010
00000000000101010001
00000000000001111111
00000000000010110011
00000000000010100101
00000000000010101010
00000000000010101010
00000000000010111101
00000000000011011100
00000000000011001010
00000000000011001110
00000000000011100111
00000000000011000100
00000000000011011101
00000000000011011011
00000000000010101010
00000000000011001111
00000000000011100010
00000000000011101011
00000000000011001111
00000000000010100011
00000000000011001000
00000000000010100111
00000000000010110111
00000000000011010100
00000000000011010011
00000000000011010110
00000000000011110001
00000000000011001011
00000000000011001000
00000000000011010011
00000000000010000110
00000000000010101010
00000000000010101010
00000000000010101010
00000000000010101010
00000000000010101010
00000000000010101010
00000000000010101010
00000000000010101010
00000000000010101010
00000000000010101010
00000000000010101010
00000000000010101010
00000000000010101010
00000000000010101010
00000000000010101010
00000000000010101010
00000000000010101010
00000000000010101010
00000000000010101010
00000000000010101010
00000000000010101010
00000000000010101010
00000000000010101010
00000000000010101010
00000000000010101010
00000000000010101010
00000000000010101010
00000000000010101010
00000000000010101010
00000000000010101010
00000000000010101010
00000000000010101010
00000000000010101010
00000000000010101010
00000000000010101010
00000000000010101010
00000000000010101010
00000000000010101010
00000000000010101010
00000000000010101010
00000000000010101010
00000000000010101010
00000000000010101010
00000000000010101010
00000000000010101010
00000000000010101010
00000000000010101010
00000000000010101010
00000000000010101010
00000000000010101010
00000000000010101010
00000000000010101010
00000000000010101010
00000000000010101010
00000000000010101010
00000000000010101010
00000000000010101010
00000000000010101010
00000000000010101010
00000000000010001011
00000000000010001011
00000000000010001011
00000000000010001011
00000000000010001011
00000000000010001011
00000000000011011110
00000000000011011110
00000000000101010001
00000000000111101101
00000000001010111100
00000000000111100100
00000000000111011010
00000000000101101101
00000000000111101101
00000000000111100001
00000000001000111101
00000000000111010111
00000000000111101011
00000000000111010011
00000000001000000000
00000000000111111010
00000000000101000011
00000000000100111101
00000000000100000001
00000000000011000110
00000000000010001011
00000000000010001011
00000000000010001011
00000000000010001011
00000000000010001011
00000000000010001011
00000000000010001011
00000000000010001011
00000000000011100111
00000000000101000101
00000000001001001111
00000000000110100010
00000000001010010000
00000000001101100111
00000000100100001111
00000000111011111010
00000000111100111110
00000000111101011101
00000000111100110000
00000000111011011001
00000001000000101001
00000000111110110110
00000000110111001001
00000000100010001111
00000000001001011001
00000000000101100100
00000000000100001111
00000000000011010100
00000000000010001011
00000000000010001011
00000000000010001011
00000000000010001011
00000000000010001011
00000000000010001011
00000000000010001011
00000000000010001011
00000000000011110010
00000000000001011101
00000000001000100011
00000000001111111101
00000000111100011001
00000001110110000001
00000010011010000110
00000010110110010001
00000010110110000000
00000010111000001000
00000010110101000110
00000010110111110001
00000010110111100111
00000010101000110101
00000010000000001111
00000001010101011111
00000000100010110000
00000000000101100101
00000000000101000101
00000000000100000110
00000000000010001011
00000000000010001011
00000000000010001011
00000000000010001011
00000000000010001011
00000000000010001011
00000000000010001011
00000000000010001011
00000000000011101100
00000000000000101001
00000000011101011101
00000001011111011111
00000010101111000011
00000100000100101001
00000100100000011101
00000101000100100011
00000101001000000101
00000101001000111110
00000101000111110000
00000101001000101001
00000100110001110011
00000100100111001100
00000011101000010001
00000010011111110100
00000000111101110011
00000000000111011010
00000000000110101011
00000000000011101000
00000000000010001011
00000000000010001011
00000000000010001011
00000000000010001011
00000000000010001011
00000000000010001011
00000000000010001011
00000000000010001011
00000000000100011000
00000000010110110101
00000001000110010101
00000010101101010000
00000100011010110101
00000110010000101111
00000110101011001011
00000111000111000011
00000111000011000111
00000110111010011010
00000110100111100011
00000110010101101011
00000110010111100100
00000110000010111101
00000101000000110110
00000011011000001010
00000001111001111010
00000000100001011111
00000000000101100110
00000000000011100111
00000000000010001011
00000000000010001011
00000000000010001011
00000000000010001011
00000000000010001011
00000000000010001011
00000000000010001011
00000000000010001011
00000000000011111111
00000000101100010011
00000001101111010110
00000011101001111010
00000101101010101100
00000111101011110101
00000111101001010101
00000111011100100111
00000111000100111101
00000110100001101010
00000110001010110110
00000110011010111010
00000111000010010000
00000110110010110110
00000110010110100000
00000100100000101111
00000010110100101100
00000000111010000010
00000000000110100001
00000000000011110010
00000000000010001011
00000000000010001011
00000000000010001011
00000000000010001011
00000000000010001011
00000000000010001011
00000000000010001011
00000000000010001011
00000000000010011111
00000000110000101100
00000010000110011001
00000100010100110110
00000110000010111010
00000111010010001000
00000110010101000011
00000101001010011000
00000100110111101001
00000100101000000101
00000100011010110000
00000100110100110110
00000101111101110000
00000111000100110000
00000110111110000001
00000101011010101111
00000011011010100011
00000001100001010110
00000000000110000110
00000000000011101111
00000000000010001011
00000000000010001011
00000000000010001011
00000000000010001011
00000000000010001011
00000000000010001011
00000000000010001011
00000000000010001011
00000000000010000000
00000000101111011011
00000010001010101110
00000011111010011010
00000101010101111010
00000101101111111101
00000100010001110111
00000010111010000110
00000010100100001001
00000010011000100111
00000010101000111011
00000011100000001010
00000101001100010000
00000110111000111010
00000111001101010101
00000101110100110000
00000011011101101110
00000001011111101100
00000000000101101010
00000000000011111111
00000000000010001011
00000000000010001011
00000000000010001011
00000000000010001011
00000000000010001011
00000000000010001011
00000000000010001011
00000000000010001011
00000000000010001000
00000000110100111100
00000010001001011110
00000011001001101000
00000011101110010000
00000011100101100101
00000010010100100100
00000001010011001000
00000000111010111111
00000000100110110010
00000001010101101011
00000010101001000000
00000100111100100000
00000111000001101100
00000111001010010010
00000101100110010111
00000011001101010010
00000001001110110111
00000000000101101010
00000000000011100011
00000000000010001011
00000000000010001011
00000000000010001011
00000000000010001011
00000000000010001011
00000000000010001011
00000000000010001011
00000000000010001011
00000000000010100101
00000000110110101010
00000001011011011000
00000010010000000100
00000010001111101001
00000010000001010110
00000000101011000001
00000000001000111111
00000000000011000110
00000000000110010010
00000001010101001011
00000011001100010111
00000101100110101111
00000110111000100101
00000110110110100110
00000100111111001010
00000010110001011001
00000000101001100001
00000000000111011010
00000000000100101001
00000000000010001011
00000000000010001011
00000000000010001011
00000000000010001011
00000000000010001011
00000000000010001011
00000000000010001011
00000000000010001011
00000000000010110110
00000000100000000001
00000000110101111111
00000001010100010110
00000001010010010010
00000000111110111111
00000000010100101010
00000000000100000011
00000000000110111100
00000000111001010100
00000010100010000011
00000100101111010000
00000110011011101111
00000111000110110100
00000110100010110100
00000100011111010000
00000010011000010111
00000000010011111000
00000000000111010111
00000000000100001011
00000000000010001011
00000000000010001011
00000000000010001011
00000000000010001011
00000000000010001011
00000000000010001011
00000000000010001011
00000000000010001011
00000000000100100000
00000000001000110011
00000000011011101001
00000000100000001101
00000000100000100010
00000000010011000100
00000000000101101010
00000000000111100101
00000000111011001101
00000010011011010010
00000100011001100111
00000110000100110011
00000111011111111110
00000111010110100101
00000110001000100001
00000011110110010101
00000001101001110111
00000000001100011110
00000000001000111001
00000000000100110110
00000000000010001011
00000000000010001011
00000000000010001011
00000000000010001011
00000000000010001011
00000000000010001011
00000000000010001011
00000000000010001011
00000000000100010100
00000000000100110001
00000000000111000000
00000000001000101010
00000000001010010000
00000000000110100111
00000000001000100100
00000000111001100111
00000010011010111101
00000100011100001010
00000110000011111100
00000111100010000000
00001000000111110100
00000111000110101101
00000101001110101111
00000010111000010011
00000001010011000010
00000000001100011011
00000000001000000101
00000000000011101011
00000000000010001011
00000000000010001011
00000000000010001011
00000000000010001011
00000000000010001011
00000000000010001011
00000000000010001011
00000000000010001011
00000000000011000011
00000000000100100000
00000000000111001111
00000000001000111011
00000000000110010101
00000000000111000110
00000000111010001011
00000010011101110001
00000100011100110100
00000110000100101011
00000111011101110110
00001000001000101100
00000111011111001001
00000101111001110110
00000011101101011011
00000001111111011100
00000000101011100010
00000000001001001011
00000000001001110001
00000000000010110110
00000000000010001011
00000000000010001011
00000000000010011011
00000000000010011110
00000000000011100110
00000000000011110110
00000000000010010101
00000000000010100001
00000000000010110000
00000000000100100111
00000000000110011100
00000000000010010100
00000000000111001111
00000000111010111111
00000010011110001001
00000100011101010101
00000110001000110111
00000111011100011001
00001000000011000001
00000111001010100011
00000101100100001100
00000011111101000111
00000010010110110110
00000000111110001111
00000000010011101011
00000000000111110100
00000000000110110011
00000000000010001011
00000000000010001011
00000000000010001011
00000000000011110110
00000000000101100100
00000000000110000000
00000000000100011000
00000000000010101110
00000000000011010110
00000000000100000011
00000000000000011110
00000000000110000100
00000000001010100011
00000001001110110101
00000010110101110110
00000100011010001111
00000110000011100101
00000111100000111111
00000111110010100001
00000110111011100010
00000101010101010011
00000011100011001011
00000010010010111101
00000000111100111100
00000000010011010011
00000000001010100000
00000000001001101001
00000000000101111110
00000000000010111000
00000000000010001011
00000000000010001011
00000000000101001110
00000000000110110000
00000000000110001010
00000000000110010100
00000000000100001011
00000000000101011000
00000000000000100111
00000000000100011100
00000000100001001101
00000001110010101111
00000011011001101010
00000100110010110111
00000110000010110010
00000111011010100100
00000111110000010111
00000111010001111110
00000101110000100000
00000100010011101011
00000010011111100010
00000001101110010111
00000001001001011111
00000000111110001000
00000000110110101001
00000000100000001100
00000000000110000001
00000000000010111010
00000000000010001011
00000000000010001011
00000000000110010010
00000000000111000110
00000000001001100001
00000000001000011101
00000000000001110000
00000000001000100001
00000000001101011011
00000001001111101111
00000010011100100001
00000011111110101010
00000101001100110111
00000110100110000000
00000111011001110010
00001000000100110010
00000111011111111001
00000110111000001111
00000101110001000010
00000100100110101000
00000011010001011110
00000010111111001111
00000010110100110010
00000010101000000110
00000001111100001101
00000001010001110101
00000000011110011011
00000000000011010000
00000000000010001011
00000000000010001011
00000000000110101011
00000000001001100100
00000000001001111101
00000000000111000111
00000000001001010101
00000000100011010000
00000001110101111010
00000011011011101100
00000100110001010101
00000101101011000111
00000110111111101100
00000111101101001000
00001000000010011111
00001000001101100100
00000111110001101100
00000111001010001111
00000110010100101111
00000101101000000010
00000101000110110101
00000101001000111010
00000100101111011010
00000100100101011011
00000011100100100111
00000010011100000010
00000000111000111001
00000000000100011001
00000000000010001011
00000000000010001011
00000000000101001110
00000000001010101101
00000000001100000110
00000000000110001000
00000000110111010010
00000001110010010110
00000011101100010101
00000101001111010000
00000110101001101000
00000111010110111010
00001000000010010000
00001000001001111010
00001000001101111000
00001000001101011000
00001000001010000011
00000111110101110110
00000111100000111101
00000111001100011111
00000111000011011000
00000111000011011011
00000110101110101101
00000110000101011011
00000100111011011110
00000011001110001011
00000001100000000100
00000000000100001001
00000000000010001011
00000000000010001011
00000000000111111011
00000000001001100011
00000000001100110011
00000000011100101001
00000001011111100111
00000011000110000011
00000100111111011101
00000111000101011111
00000111101110001100
00001000000100010100
00001000001100101011
00001000010001000010
00001000001111100111
00001000001001010111
00000111110011100011
00000111011001001101
00000111011100111110
00000111011110010000
00000111011101110111
00000111011100110001
00000111010111101101
00000110011001100101
00000101000101001101
00000011000101111010
00000001011010110011
00000000000100110110
00000000000010001011
00000000000010001011
00000000001000010111
00000000001000000010
00000000001100010000
00000000110111111000
00000001111010001110
00000011110110110001
00000101100101111101
00000111010011101011
00000111011010100100
00000111011011010110
00000111011011000111
00000111011110011001
00000111001000100000
00000110100010010101
00000101111100011011
00000101100010110000
00000101100011011111
00000101100010011010
00000101100011011111
00000101100011010011
00000101100011111100
00000100110100000000
00000011110111110010
00000010011010011110
00000001001100000001
00000000000011110011
00000000000010001011
00000000000010001011
00000000000110010000
00000000001000011001
00000000001001000011
00000000111100001111
00000001110101101111
00000011010011010011
00000100011100101001
00000101100011100010
00000101100010001111
00000101100000110001
00000101100011011101
00000101001011001110
00000100111010011110
00000100010011011010
00000011110110011101
00000011010000001111
00000011001111111000
00000011010000001001
00000011001111100011
00000011010001111000
00000011010001010001
00000010111000100111
00000010001110110110
00000001011000100111
00000000100101000101
00000000000011000111
00000000000010001011
00000000000010001011
00000000000101000001
00000000000111101011
00000000000111000001
00000000100001110011
00000001001010101111
00000010000001011011
00000010101110111011
00000011001110110010
00000011010000000111
00000011001111001000
00000011001111001010
00000010111001001100
00000010100011111000
00000010000100111011
00000001101000011001
00000001010010001101
00000001010001011011
00000001010010100001
00000001010001011111
00000001010011011111
00000001010100100010
00000001010001110010
00000000111101011001
00000000100101000111
00000000001110100101
00000000000010010110
00000000000010001011
00000000000010001011
00000000000011010001
00000000000100011101
00000000000101001110
00000000001001000110
00000000011101010101
00000000110011000110
00000001000110101000
00000001010000100001
00000001010000111010
00000001010001001110
00000001010001000101
00000001001110010011
00000000111010100000
00000000100011101100
00000000001111000100
00000000000101001100
00000000000100101010
00000000000100101001
00000000000100000011
00000000000100010011
00000000000110101101
00000000000110100111
00000000000110001001
00000000000100101010
00000000000011100101
00000000000010010000
00000000000010001011
00000000000010001011
00000000000010101111
00000000000010111100
00000000000011011100
00000000000011010110
00000000000011011010
00000000000011101010
00000000000011101001
00000000000011101000
00000000000011001011
00000000000011000100
00000000000011100101
00000000000011110001
00000000000011110101
00000000000011001101
00000000000010110100
00000000000010110001
00000000000010100011
00000000000010110000
00000000000011010101
00000000000011011111
00000000000011100111
00000000000011111101
00000000000011100011
00000000000011010110
00000000000010101111
00000000000010001011
00000000000010001011
00000000000010001011
00000000000010001011
00000000000010001011
00000000000010001011
00000000000010001011
00000000000010001011
00000000000010001011
00000000000010001011
00000000000010001011
00000000000010001011
00000000000010001011
00000000000010001011
00000000000010001011
00000000000010001011
00000000000010001011
00000000000010001011
00000000000010001011
00000000000010001011
00000000000010001011
00000000000010001011
00000000000010001011
00000000000010001011
00000000000010001011
00000000000010001011
00000000000010001011
00000000000010001011
00000000000010001011
00000000000010001011
00000000000010001011
00000000000010001011
00000000000010001011
00000000000010001011
00000000000010001011
00000000000010001011
00000000000010001011
00000000000010001011
00000000000010001011
00000000000010001011
00000000000010001011
00000000000010001011
00000000000010001011
00000000000010001011
00000000000010001011
00000000000010001011
00000000000010001011
00000000000010001011
00000000000010001011
00000000000010001011
00000000000010001011
00000000000010001011
00000000000010001011
00000000000010001011
00000000000010001011
00000000000010001011
00000000000010001011
00000000000010001011
00000000000010001011
00000000000010001011
00000000000010001011
00000000000010001011
00000000000010001011
00000000000010001011
00000000000010001011
00000000000011111011
00000000000001111000
00000000000010111010
00000000000010011000
00000000000000100101
00000000000010011101
00000000000010100101
00000000000010101100
00000000000001110000
00000000000001110100
00000000000010100101
00000000000001101110
00000000000001111000
00000000000011010100
00000000000000010111
00000000000001111111
00000000000010001100
00000000000001101100
00000000000001110101
00000000000010000001
00000000000010001011
00000000000010001011
00000000000010001011
00000000000010001011
00000000000010001011
00000000000010001011
00000000000010001011
00000000000010001011
00000000000010100110
00000000000010101010
00000000000011011001
00000000001100110001
00000000001011101000
00000000010100000001
00000000001001101100
00000000000011011111
00000000000100101111
00000000000100001110
00000000000011110010
00000000000100110011
11111111111011101010
11111111111001001010
11111111110011001000
11111111111100110010
00000000000001100001
00000000000010010010
00000000000010000010
00000000000010000011
00000000000010001011
00000000000010001011
00000000000010001011
00000000000010001011
00000000000010001011
00000000000010001011
00000000000010001011
00000000000010001011
00000000000100000000
00000000001011111010
00000000001010110111
00000000011010110100
00000000010100001100
00000000001000100011
00000000000111101010
00000000000100101000
00000000000010110000
00000000000011101011
00000000000011101111
00000000000100001110
11111111111011111010
11111111101100010011
11111111110111111101
11111111101101010010
11111111111100100110
00000000000010001101
00000000000001110010
00000000000010001000
00000000000010001011
00000000000010001011
00000000000010001011
00000000000010001011
00000000000010001011
00000000000010001011
00000000000010001011
00000000000010001011
00000000000010101010
00000000010100111011
00000000011000000100
00000000100100001100
00000000010001111011
00000000000001111011
11111111111111010110
11111111111100101011
11111111111011101000
11111111111101110110
11111111111100001011
11111111111100011100
11111111101111110111
11111111100100100111
11111111100111001101
11111111101101000111
11111111111001011001
00000000000001001010
00000000000010011110
00000000000010001101
00000000000010001011
00000000000010001011
00000000000010001011
00000000000010001011
00000000000010001011
00000000000010001011
00000000000010001011
00000000000010001011
00000000000011010000
00000000100001010100
00000000011011001111
00000000010011100111
11111111111110110110
11111111111010000011
00000000000010001111
00000000000000011011
00000000000100000110
00000000000010100110
00000000001111001100
00000000011011010001
00000000010010001001
11111111111110001011
11111111110011001011
11111111111100011110
11111111101000111010
11111111111101010110
00000000000001101111
00000000000010000101
00000000000010001011
00000000000010001011
00000000000010001011
00000000000010001011
00000000000010001011
00000000000010001011
00000000000010001011
00000000000010001011
00000000000010000001
00000000100000111100
00000000010100101011
00000000000110110011
11111111111010010100
11111111100110010101
11111111110001101101
11111111101111110100
11111111101001110001
11111111111110101001
00000000001010111110
00000000000011101111
00000000001111111001
11111111111101110001
11111111111110101001
11111111111001101010
11111111110101101111
11111111111001010000
00000000000001110110
00000000000010010100
00000000000010001011
00000000000010001011
00000000000010001011
00000000000010001011
00000000000010001011
00000000000010001011
00000000000010001011
00000000000010001011
00000000000010001000
00000000011111110100
00000000000111100100
11111111101110010111
11111111100110010101
11111111100101100011
11111111101101100001
11111111101001001010
11111111110011111001
00000000000110100010
00000000010011000011
00000000010101011110
00000000001101011010
00000000000101000110
11111111101101001110
11111111110011100101
11111111110001100000
11111111110110001110
00000000000010110010
00000000000001111100
00000000000010001011
00000000000010001011
00000000000010001011
00000000000010001011
00000000000010001011
00000000000010001011
00000000000010001011
00000000000010001011
00000000000010100100
00000000100000101000
11111111111101011000
11111111011111111110
11111111011000001101
11111111110001111011
11111111111000110001
00000000000001000100
00000000001000001111
00000000000000100000
00000000010001101001
00000000000101101100
00000000001000100111
11111111111011101010
11111111101000011000
11111111110001101011
00000000000111001010
00000000000011001101
00000000000001110001
00000000000010000000
00000000000010001011
00000000000010001011
00000000000010001011
00000000000010001011
00000000000010001011
00000000000010001011
00000000000010001011
00000000000010001011
00000000000010011101
00000000010101111010
11111111110110101101
11111111010011101001
11111111111001010110
11111111110111000000
11111111110100011111
11111111110000110001
11111111111011101100
00000000001101000001
00000000010001101000
00000000001001100110
11111111110011001111
11111111100011111110
11111111011001000011
11111111110101011101
00000000000101011100
00000000001000000000
00000000000010001100
00000000000010011110
00000000000010001011
00000000000010001011
00000000000010001011
00000000000010001011
00000000000010001011
00000000000010001011
00000000000010001011
00000000000010001011
00000000000011101110
00000000001101010101
11111111100011110101
11111111101000001011
00000000000111011101
00000000010010011101
00000000001011000000
00000000000001110010
00000000001101100100
00000000010011010010
00000000101011111011
11111111111011001011
11111111101111111111
11111111010101011011
11111111100001011111
11111111111100001010
00000000000111111001
00000000001010111100
00000000000001001101
00000000000001111100
00000000000010001011
00000000000010001011
00000000000010001011
00000000000010001011
00000000000010001011
00000000000010001011
00000000000010001011
00000000000010001011
00000000000010110111
11111111111111101100
11111111101110101101
11111111110110101010
00000000000100101111
00000000001011000100
00000000000001011011
00000000001110000001
00000000010010111111
00000000101111011100
00000000001010101011
11111111110001101001
11111111101000111111
11111111010001100010
11111111101000010111
11111111110100110110
00000000000000000000
00000000000001001010
00000000000010110000
00000000000001111001
00000000000010001011
00000000000010001011
00000000000010001011
00000000000010001011
00000000000010001011
00000000000010001011
00000000000010001011
00000000000010001011
00000000000011110001
00000000000000001010
11111111110110010010
11111111111010010110
00000000000011000011
00000000000001011101
00000000001101101100
00000000010010010001
00000000101111101011
00000000001101000011
11111111111101111101
11111111110001001010
11111111100101010100
11111111011110100101
11111111101010100010
00000000000111100010
00000000000100001110
00000000000000001001
00000000000001100001
00000000000001111111
00000000000010001011
00000000000010001011
00000000000010001011
00000000000010001011
00000000000010001011
00000000000010001011
00000000000010001011
00000000000010001011
00000000000010001011
00000000000010000110
00000000000011001011
00000000000011001000
00000000000010000001
00000000001101010101
00000000010001100010
00000000110000101111
00000000001100001011
11111111111100101111
11111111101111000111
11111111100101100000
11111111101001010011
11111111001101010101
00000000000010011010
00000000001010000001
00000000000101110001
00000000000011010110
00000000000010001010
00000000000010110100
00000000000010001011
00000000000010001011
00000000000010001011
00000000000010001011
00000000000010001011
00000000000010001011
00000000000010001011
00000000000010001011
00000000000010101000
00000000000001001011
00000000000010000111
00000000000001100010
00000000001101010000
00000000010010111100
00000000101111100000
00000000001101010000
11111111111110001110
11111111110000000000
11111111100101101101
11111111101001000110
11111111001010101111
11111111110000000001
00000000001010110100
00000000010001011111
00000000001001110000
00000000000001000010
00000000000001101111
00000000000010001001
00000000000010001011
00000000000010001011
00000000000010000101
00000000000010111100
00000000000001011000
00000000000010000000
00000000000010010000
00000000000010001011
00000000000010100111
00000000000010100111
00000000000010001100
00000000001100011110
00000000010010010111
00000000110000001011
00000000001100011010
11111111111101101011
11111111100100100010
11111111100110100011
11111111011110110111
11111111010111011101
11111111110011100011
11111111111101111110
00000000001011010111
00000000001010011011
00000000000010011001
00000000000011010001
00000000000011010001
00000000000010001011
00000000000010001011
00000000000010001011
00000000000011000000
00000000000000111011
00000000000010011011
00000000000001101101
00000000000010100100
00000000000010000011
00000000000010001110
00000000001100110000
00000000001010001000
00000000011101001101
00000000100100100001
00000000000111011110
11111111111110011101
11111111101111111011
11111111011110000001
11111111100100001000
11111111010101111010
11111111101011100001
00000000000001111010
00000000001100011001
00000000001100001101
00000000000001001110
11111111111111110010
00000000000010001000
00000000000001100010
00000000000010000011
00000000000010001011
00000000000010001011
00000000000000111100
00000000000010110011
00000000000001010110
00000000000010100101
00000000000010101011
00000000000010000101
00000000001101101000
00000000010001010110
00000000100001110000
00000000010110111100
00000000001010110011
11111111111001000111
11111111101111011001
11111111110001001000
11111111100100001010
11111111101000011000
11111111111010101000
00000000000100011011
00000000001111100001
00000000001101111100
11111111111001111100
11111111111001000011
11111111110010011110
11111111111100100100
00000000000010001110
00000000000010000011
00000000000010001011
00000000000010001011
00000000000001100000
00000000000011001100
00000000000011000100
00000000000010000101
00000000001110000110
00000000001010011101
00000000011011101101
00000000100100001001
00000000001001011110
00000000000101001101
11111111110110001011
11111111101100011011
11111111110000011111
11111111111000000000
11111111101110001001
11111111111101101101
11111111111110000001
00000000000100011000
00000000000100101101
00000000000011101101
11111111111100000000
11111111101011100110
11111111111000011111
11111111101100100101
11111111111101011101
00000000000010000111
00000000000010001011
00000000000010001011
00000000000010011101
00000000000001110011
00000000000011011110
00000000001100001010
00000000010010110111
00000000100001110011
00000000010111101000
00000000001001001010
11111111111000011010
11111111111101010101
11111111110101111100
11111111111001011110
11111111111001010000
11111111111001111111
11111111111011110000
00000000001111100011
00000000001110110100
00000000000101011001
11111111111011011010
11111111111011011101
11111111101101111101
11111111100110011001
11111111100110000111
11111111101111000011
11111111111000010111
00000000000010001001
00000000000010001011
00000000000010001011
00000000000010011001
00000000000001101100
00000000000010000100
00000000010100000101
00000000100101100101
00000000011011011000
00000000001010110100
11111111110100101000
11111111101110111111
11111111101111110011
11111111111011010000
11111111111000000010
11111111111010010010
11111111111000111111
11111111111001011001
00000000000101101011
00000000001101011000
00000000001100100000
00000000001100001111
00000000001011001001
00000000001101011011
11111111110011011111
11111111110100101111
11111111110000110001
11111111110110110111
00000000000001110111
00000000000010001011
00000000000010001011
00000000000001101001
00000000000010110111
00000000000000111101
00000000100011110111
00000000011010001001
00000000001100000011
00000000000011010011
11111111110111000001
11111111111010000000
11111111111001101000
11111111111001010110
11111111101101111000
11111111110001011010
11111111100110011100
11111111110010001000
11111111110111100111
11111111110101110101
11111111110110110101
11111111110111010110
11111111111000111110
11111111110111110011
11111111110001011100
11111111111111111111
00000000001100000001
00000000000100000001
00000000000001111110
00000000000010001011
00000000000010001011
00000000000001101111
00000000000001001111
00000000000010001000
00000000010101100110
00000000001001111000
11111111110010111111
11111111110110000110
11111111110111101100
11111111110111010100
11111111111000010001
11111111110110101100
11111111101111111000
11111111101001101100
11111111110110100000
11111111110011001100
11111111110111011101
11111111111000010010
11111111110111010010
11111111111000000000
11111111111000100101
11111111111000010011
11111111101011000011
00000000001000011010
00000000001101110011
00000000001000001010
00000000000010101111
00000000000010001011
00000000000010001011
00000000000010000101
00000000000011001001
00000000000010000110
00000000001101001110
11111111110001001010
11111111101010101101
11111111110001100010
11111111110111110110
11111111111000011011
11111111111000100011
11111111111000000001
11111111101000101010
11111111110011010100
11111111111001011111
11111111111100100111
11111111111110011100
11111111111101110110
11111111111110111100
11111111111111110011
00000000000000000000
11111111111110101101
00000000000010010111
00000000010011011110
00000000010101010010
00000000001010110100
00000000000010001000
00000000000010001011
00000000000010001011
00000000000001100011
00000000000010010111
00000000000001000101
11111111111111100010
11111111101101101101
11111111101100001110
11111111110110000001
11111111111110100001
11111111111111000100
11111111111111011111
11111111111111000110
00000000000001001110
00000000000111111100
00000000000010001000
11111111111000111111
11111111101111110111
11111111101111110111
11111111110000010000
11111111101111001000
11111111101110101010
11111111101110110101
11111111101111100011
11111111111011101011
00000000000010111011
00000000000001100000
00000000000010010000
00000000000010001011
00000000000010001011
00000000000010001011
00000000000010001010
00000000000001011110
00000000000001010110
11111111110110011010
11111111101111010001
11111111110000010100
11111111101111101110
11111111101111110100
11111111101111000011
11111111101111000000
11111111110000010010
11111111111011100111
00000000000010101100
00000000000000111010
00000000000001101111
00000000000010001101
00000000000010001010
00000000000010000001
00000000000010010101
00000000000001101010
00000000000001101110
00000000000010100110
00000000000010101000
00000000000010101101
00000000000010001011
00000000000010001011
00000000000010001011
00000000000010000000
00000000000010000111
00000000000001100110
00000000000001110110
00000000000010001011
00000000000001100110
00000000000001100111
00000000000010000101
00000000000010001001
00000000000001110100
00000000000001100010
00000000000001111001
00000000000001111000
00000000000001111101
00000000000010001100
00000000000001111111
00000000000010000100
00000000000010000111
00000000000001101001
00000000000001101111
00000000000010000101
00000000000001100010
00000000000001110010
00000000000010001110
00000000000010001001
00000000000010001011
00000000000010001011
00000000000010001011
00000000000010001011
00000000000010001011
00000000000010001011
00000000000010001011
00000000000010001011
00000000000010001011
00000000000010001011
00000000000010001011
00000000000010001011
00000000000010001011
00000000000010001011
00000000000010001011
00000000000010001011
00000000000010001011
00000000000010001011
00000000000010001011
00000000000010001011
00000000000010001011
00000000000010001011
00000000000010001011
00000000000010001011
00000000000010001011
00000000000010001011
00000000000010001011
00000000000010001011
00000000000010001011
00000000000010001011
00000000000010001011
00000000000010001011
00000000000010001011
00000000000010001011
00000000000010001011
00000000000010001011
00000000000010001011
00000000000010001011
00000000000010001011
00000000000010001011
00000000000010001011
00000000000010001011
00000000000010001011
00000000000010001011
00000000000010001011
00000000000010001011
00000000000010001011
00000000000010001011
00000000000010001011
00000000000010001011
00000000000010001011
00000000000010001011
00000000000010001011
00000000000010001011
00000000000010001011
00000000000010001011
00000000000010001011
00000000000010001011
00000000000010001011
00000000000111010000
00000000000111010000
00000000000111010000
00000000000111010000
00000000000111010000
00000000000111010000
00000000001000110111
00000000001001010001
00000000001000011000
00000000001001110111
00000000001000000001
00000000001000011111
00000000001010100010
00000000000111101100
00000000001001001000
00000000001000111001
00000000001001001100
00000000001000010110
00000000001000111111
00000000001000110010
00000000001000101010
00000000000111110010
00000000001000001010
00000000000111011010
00000000000111001010
00000000000110111101
00000000000111010000
00000000000111010000
00000000000111010000
00000000000111010000
00000000000111010000
00000000000111010000
00000000000111010000
00000000000111010000
00000000001001000000
00000000001001110110
00000000001011000101
00000000000111011110
00000000001111000001
00000000001011011011
00000000001011000111
00000000000010001001
00000000000000001100
00000000000000010000
00000000000001010111
00000000000000010111
00000000000110001110
11111111111100001000
11111111111110101011
11111111111110000111
00000000000111011000
00000000001000001111
00000000000111110111
00000000000111001010
00000000000111010000
00000000000111010000
00000000000111010000
00000000000111010000
00000000000111010000
00000000000111010000
00000000000111010000
00000000000111010000
00000000001010111001
00000000000111011001
00000000010010001111
00000000001111101111
00000000010011001010
00000000010101010000
00000000100101100000
00000000100010010111
00000000100100010101
00000000100001010100
00000000100001010110
00000000100010011010
00000000100010011010
00000000100010001011
00000000001001001110
11111111111011011100
11111111111101010111
00000000001000011110
00000000000111111100
00000000000110110110
00000000000111010000
00000000000111010000
00000000000111010000
00000000000111010000
00000000000111010000
00000000000111010000
00000000000111010000
00000000000111010000
00000000001001000111
00000000000101010000
00000000011001011001
00000000111111101000
00000001100010101101
00000001100001110011
00000001111011010111
00000001111010001001
00000001111011001111
00000001111011010101
00000001111010110100
00000001111010000101
00000001100010010111
00000001001111110100
00000000101111011111
00000000001110000110
11111111111001011101
00000000001000100101
00000000000111011011
00000000000111001110
00000000000111010000
00000000000111010000
00000000000111010000
00000000000111010000
00000000000111010000
00000000000111010000
00000000000111010000
00000000000111010000
00000000001011101110
00000000100011101100
00000001001010001000
00000001111100101111
00000011000101011101
00000011000010100011
00000011001101000110
00000011010001001000
00000011000101010100
00000011000101011100
00000011001111110000
00000011010111110111
00000010111111110101
00000001110110001000
00000001010010000100
00000000100000001110
11111111111010011100
11111111111110010001
00000000001000011110
00000000000111011110
00000000000111010000
00000000000111010000
00000000000111010000
00000000000111010000
00000000000111010000
00000000000111010000
00000000000111010000
00000000000111010000
00000000001001010111
00000000111100001010
00000010000100001110
00000011001010001001
00000100010010110100
00000100011110100001
00000100110010010011
00000101000111111011
00000101000010001001
00000100110010100101
00000100100100001000
00000101000001100000
00000100110010011101
00000011010111001100
00000010000001010001
00000001000001101110
00000000001000111100
11111111111000100111
00000000000111100001
00000000000110110001
00000000000111010000
00000000000111010000
00000000000111010000
00000000000111010000
00000000000111010000
00000000000111010000
00000000000111010000
00000000000111010000
00000000001001100100
00000001011000110011
00000011000001100111
00000100000110011010
00000100111100001011
00000100100111000011
00000100010111000010
00000100001010011101
00000011111000110100
00000100000101001001
00000011111101010000
00000100011100001110
00000100111111101110
00000100011001010001
00000010101111101101
00000001100011100011
00000000101101001011
11111111111001001100
00000000001000010010
00000000000111010010
00000000000111010000
00000000000111010000
00000000000111010000
00000000000111010000
00000000000111010000
00000000000111010000
00000000000111010000
00000000000111010000
00000000000111000011
00000001010111101111
00000011001000011010
00000011011101100000
00000100001110111011
00000011101011010110
00000011001000111110
00000010110010011010
00000010010001011110
00000010100000011010
00000011010000000100
00000100000110100000
00000100101000100110
00000100111000100001
00000011000110010011
00000001110010110110
00000000110110100101
00000000000001101101
00000000001000100110
00000000000111001010
00000000000111010000
00000000000111010000
00000000000111010000
00000000000111010000
00000000000111010000
00000000000111010000
00000000000111010000
00000000000111010000
00000000000111001111
00000001011101100111
00000010111101000001
00000011000101011111
00000011000101001110
00000010011100110111
00000001111101111010
00000001100001101111
00000001000000110101
00000001000000001110
00000010010001001000
00000011011001101111
00000100010101000000
00000101001100111011
00000011011111110101
00000001111110000011
00000000111001000100
00000000010000100101
00000000000111011010
00000000000111001010
00000000000111010000
00000000000111010000
00000000000111010000
00000000000111010000
00000000000111010000
00000000000111010000
00000000000111010000
00000000000111010000
00000000000111110000
00000001011111110111
00000010011001101010
00000010000100000010
00000001101010001010
00000000110000101111
00000000010010111010
00000000001010110010
00000000000011110110
00000000010001010100
00000001101000001111
00000011001110001111
00000100000110000110
00000100011111100111
00000011001101000110
00000001101111001001
00000000100000101110
00000000010001101011
00000000001000000010
00000000000110110100
00000000000111010000
00000000000111010000
00000000000111010000
00000000000111010000
00000000000111010000
00000000000111010000
00000000000111010000
00000000000111010000
00000000001000001010
00000001000001010001
00000001101100011111
00000001010101111010
00000001000011110010
00000000100111101101
00000000010110001000
00000000000100010010
00000000010001010001
00000000110000111011
00000010001011110010
00000011100001101110
00000100011011010011
00000100000101000100
00000010101010100001
00000001100011110101
00000000010100110011
00000000010011100110
00000000001000100011
00000000000111000011
00000000000111010000
00000000000111010000
00000000000111010000
00000000000111010000
00000000000111010000
00000000000111010000
00000000000111010000
00000000000111010000
00000000001011000001
00000000101000011010
00000000101100010111
00000000101000110100
00000000011110111101
00000000010110101010
00000000000100101001
00000000001110111111
00000000110000000000
00000001101101101010
00000010111101010100
00000011111111011111
00000100101000011101
00000011011001100011
00000010001100111011
00000001001101110110
00000000001111000010
00000000001001110011
00000000000111110110
00000000000111010011
00000000000111010000
00000000000111010000
00000000000111010000
00000000000111010000
00000000000111010000
00000000000111010000
00000000000111010000
00000000000111010000
00000000001001110001
00000000001010101001
00000000001011010011
00000000001101000011
00000000001010111111
00000000000110100011
00000000010001011100
00000000101111000100
00000001101101001101
00000010111110100010
00000100000010011000
00000100101011010011
00000100110000010101
00000011100100111010
00000001111101110001
00000001000101011101
00000000010101011110
00000000001010111111
00000000000111100100
00000000000111000111
00000000000111010000
00000000000111010000
00000000000111010000
00000000000111010000
00000000000111010000
00000000000111010000
00000000000111010000
00000000000111010000
00000000001010101001
00000000001011010101
00000000001011100001
00000000001100011101
00000000000111010000
00000000010001100111
00000000101110000100
00000001101101001000
00000010111101011100
00000011111111010101
00000100101010001110
00000100101111100110
00000100011011000001
00000011000000110010
00000001101110100011
00000000110010101110
00000000010100001001
00000000001101001101
00000000001000001111
00000000000111111101
00000000000111010000
00000000000111010000
00000000001000000010
00000000000110111001
00000000000111011010
00000000000110011110
00000000000111001001
00000000000111010100
00000000000111110011
00000000001001100110
00000000001010101100
00000000000100100111
00000000010001011011
00000000110010000101
00000001101101100000
00000010111111101100
00000100000111000000
00000100011111010010
00000100110101001010
00000100011011101000
00000011101010011100
00000010001011101101
00000001001011111000
00000000101000110010
00000000010011111101
00000000001001010100
00000000000110011101
00000000000111010000
00000000000111010000
00000000000111010000
00000000000111011000
00000000001000001110
00000000000111101101
00000000000111011000
00000000000111010111
00000000000111010011
00000000001000100010
00000000000011111101
00000000010001101111
00000000001100001011
00000000101111100011
00000001100010101010
00000010111110111011
00000100000000011000
00000100101010110011
00000100101001100111
00000100001011111101
00000011001101100011
00000010010001010000
00000001001000011001
00000000101001011010
00000000010110011100
00000000001100001000
00000000001001110110
00000000001000100101
00000000000110111100
00000000000111010000
00000000000111010000
00000000001001101001
00000000001000111101
00000000001001011000
00000000000110111000
00000000001000010000
00000000001000110011
00000000000001111111
00000000001111110011
00000000001111011000
00000000111111010000
00000001110001100101
00000010111000110110
00000100000010001111
00000100100100110001
00000100010111110011
00000100001000011110
00000011010000110001
00000001100101100101
00000000111111000000
00000000011010001101
00000000010010001000
11111111111011001001
11111111111110011010
11111111111101001011
00000000000111001101
00000000000111001000
00000000000111010000
00000000000111010000
00000000001011000110
00000000001001100100
00000000001001010111
00000000001000000100
00000000000010101100
00000000001110110000
00000000001010110101
00000000101111101001
00000001000011000101
00000001111101011110
00000011010011000101
00000100000000011111
00000100100011010000
00000100110110011000
00000100000111011110
00000011010001110000
00000010011010000101
00000001010101000101
00000000111011100011
00000000101010001011
00000000100001100011
00000000100001100100
00000000000110101110
11111111111001000000
11111111111100001110
00000000000111010000
00000000000111010000
00000000000111010000
00000000001010100011
00000000001100111010
00000000001011101100
00000000000100100000
00000000010011000000
00000000010001110011
00000000111101111100
00000001110001100100
00000010011100001111
00000011011100011010
00000100000110111001
00000100100001101110
00000100110011001001
00000100111101101011
00000100000111101101
00000011000101101010
00000010011100111111
00000010000010101001
00000001111010110110
00000001111001100101
00000001100000011011
00000001001101111010
00000000101111011100
00000000001000111110
11111111110111111010
00000000000110011101
00000000000111010000
00000000000111010000
00000000001010011001
00000000001011101001
00000000001110001011
00000000000101000001
00000000110100100010
00000001010101010000
00000010001011001011
00000011010000000111
00000011111101010011
00000100100001110111
00000100110001000110
00000100111011100111
00000100111110000101
00000100111101110010
00000100011111011000
00000100000010000100
00000011100110010110
00000011010100011010
00000011001010100001
00000011001010110011
00000010110010011101
00000001111001010101
00000001000100001010
00000000100010001010
11111111111000011011
00000000000111001111
00000000000111010000
00000000000111010000
00000000001101010011
00000000001100010111
00000000001101110101
00000000100101010010
00000001100100011110
00000010011110101110
00000011110010001000
00000100001001001001
00000100011111101001
00000100110100000010
00000100111110011000
00000101000010011010
00000100110110001010
00000100111100101100
00000100111100010001
00000101001001010000
00000101001000010110
00000101001001000010
00000101001001110001
00000101000110111001
00000100101010110001
00000011010100100110
00000001111100100011
00000000111110100101
00000000000010001111
00000000000111001010
00000000000111010000
00000000000111010000
00000000001100110000
00000000001101110101
00000000001101001000
00000001000101100100
00000010011100000111
00000011100101001011
00000100110100001001
00000100111011101101
00000101000101101010
00000101000110111101
00000101001010000001
00000101000111011001
00000101000010101010
00000100110010000010
00000100100010001110
00000100101001100100
00000100101010100110
00000100101001001100
00000100101011011101
00000100101011000000
00000100101001000101
00000011010110010101
00000001111110001101
00000001000110100100
00000000001111110001
00000000000111000101
00000000000111010000
00000000000111010000
00000000001011000101
00000000001101000100
00000000001010101010
00000001100000111010
00000010111001000100
00000011101010101000
00000100100010100010
00000100101001111001
00000100101000010001
00000100101000010011
00000100101001111111
00000100001101010011
00000011110111011100
00000011101010011010
00000011001110110111
00000011001111110001
00000011010001011110
00000011001111001111
00000011001110101101
00000011010010101000
00000011010000001111
00000010011001010100
00000001010110110101
00000000101101110111
00000000010000000010
00000000000111111011
00000000000111010000
00000000000111010000
00000000001010101111
00000000001101010001
00000000001011111000
00000001000001100001
00000010000110110001
00000010101010011110
00000011000111101000
00000011010000100001
00000011001111111010
00000011010000001000
00000011001111011111
00000010110110101101
00000010010011000100
00000010000110100001
00000001111101001110
00000001111101100010
00000001111101111100
00000001111110010111
00000001111110101000
00000010000000111011
00000010000011101101
00000001100011010101
00000001000001001111
00000000100101111000
00000000010001110000
00000000000111001111
00000000000111010000
00000000000111010000
00000000001000000011
00000000001010110101
00000000001010111111
00000000100110111001
00000001000111111111
00000001100001110000
00000001110011010110
00000001111101000001
00000001111101100111
00000001111111000010
00000001111111001111
00000001100001111100
00000001000000110111
00000000100111001001
00000000010101011000
00000000001010010000
00000000001001010110
00000000001001101101
00000000001001010001
00000000001010101100
00000000001100000100
00000000001011101011
00000000001001101101
00000000001000111000
00000000000111010010
00000000000111010110
00000000000111010000
00000000000111010000
00000000001000000000
00000000001001001110
00000000001001001100
00000000001000100110
00000000001001100101
00000000001001111010
00000000001001001100
00000000001000101011
00000000001000111011
00000000001001100011
00000000001001010100
00000000001001101001
00000000001001001101
00000000001000011010
00000000001000001111
00000000001000000101
00000000000111110011
00000000001000111101
00000000001001010101
00000000001000111001
00000000001010000011
00000000001001110010
00000000001000110111
00000000001000010011
00000000000111110101
00000000000111010000
00000000000111010000
00000000000111010000
00000000000111010000
00000000000111010000
00000000000111010000
00000000000111010000
00000000000111010000
00000000000111010000
00000000000111010000
00000000000111010000
00000000000111010000
00000000000111010000
00000000000111010000
00000000000111010000
00000000000111010000
00000000000111010000
00000000000111010000
00000000000111010000
00000000000111010000
00000000000111010000
00000000000111010000
00000000000111010000
00000000000111010000
00000000000111010000
00000000000111010000
00000000000111010000
00000000000111010000
00000000000111010000
00000000000111010000
00000000000111010000
00000000000111010000
00000000000111010000
00000000000111010000
00000000000111010000
00000000000111010000
00000000000111010000
00000000000111010000
00000000000111010000
00000000000111010000
00000000000111010000
00000000000111010000
00000000000111010000
00000000000111010000
00000000000111010000
00000000000111010000
00000000000111010000
00000000000111010000
00000000000111010000
00000000000111010000
00000000000111010000
00000000000111010000
00000000000111010000
00000000000111010000
00000000000111010000
00000000000111010000
00000000000111010000
00000000000111010000
00000000000111010000
00000000000000000000
00000000000000000000
00000000000000000000
00000000000000000000
00000000000000000000
00000000000000000000
11111111111111000101
11111111111111100111
11111111111111001000
11111111111111001010
11111111111110101100
11111111111111110100
11111111111111010100
11111111111111010010
11111111111110100000
00000000000000001110
11111111111110110101
11111111111111001101
11111111111111011101
11111111111111011010
11111111111110110001
00000000000000011000
11111111111111110000
11111111111111011110
00000000000000010000
00000000000000000001
00000000000000000000
00000000000000000000
00000000000000000000
00000000000000000000
00000000000000000000
00000000000000000000
00000000000000000000
00000000000000000000
11111111111111001001
11111111111110101110
11111111111101001000
11111111111011011000
11111111110111100000
11111111111001100101
11111111110101010110
11111111111011011011
11111111111100111101
11111111111011010110
11111111111100111101
11111111111100010111
11111111111111110110
00000000000011101111
00000000000010110111
00000000000101000101
00000000000000000100
00000000000000000000
00000000000000000001
11111111111111101111
00000000000000000000
00000000000000000000
00000000000000000000
00000000000000000000
00000000000000000000
00000000000000000000
00000000000000000000
00000000000000000000
11111111111111110011
11111111111010010101
11111111110111000100
11111111110001011100
11111111100010001011
11111111011110100100
11111111100101100000
11111111011110011011
11111111011110100001
11111111011101010011
11111111011110110001
11111111011101001100
11111111100110110011
11111111110101010011
00000000000011011011
11111111111010101110
00000000000101111000
00000000000000001000
11111111111111111000
00000000000000001000
00000000000000000000
00000000000000000000
00000000000000000000
00000000000000000000
00000000000000000000
00000000000000000000
00000000000000000000
00000000000000000000
11111111111111000011
11111111110001100100
11111111100011101011
11111111010101101101
11111111010110111111
11111111001111001010
11111111010110000000
11111111001110111001
11111111001111110011
11111111001111101001
11111111001110001111
11111111001111001001
11111111010111011010
11111111100011100011
11111111111000101011
11111111111011010010
11111111111101110010
11111111111111000101
00000000000000110010
11111111111111110000
00000000000000000000
00000000000000000000
00000000000000000000
00000000000000000000
00000000000000000000
00000000000000000000
00000000000000000000
00000000000000000000
00000000000000001010
11111111101010100111
11111111011011110000
11111111001000100001
11111111010001110101
11111111000001111000
11111111000111011110
11111111001110100111
11111111010001101111
11111111001001100111
11111111001100000110
11111111000110010000
11111111000110011110
11111111011110111000
11111111110110111111
00000000000111000111
11111111110010110010
00000000000111000111
11111111111111011000
11111111111111101110
00000000000000000000
00000000000000000000
00000000000000000000
00000000000000000000
00000000000000000000
00000000000000000000
00000000000000000000
00000000000000000000
11111111111111101100
11111111100110000100
11111111010111100111
11111111001110010100
11111111100010101011
11111111010110111111
11111111010011110101
11111111010000000110
11111111011011000100
11111111011110001001
11111111000111001100
11111111000000110110
11111110111111110001
11111111000000001101
11111111010101010001
11111111111111010101
11111111111100110111
11111111111111100100
11111111111111100110
00000000000000010101
00000000000000000000
00000000000000000000
00000000000000000000
00000000000000000000
00000000000000000000
00000000000000000000
00000000000000000000
00000000000000000000
00000000000000111100
11111111110001001010
11111111100001111110
11111111010011011000
11111111101000100011
11111111101010001010
11111111100110010100
11111111101111111111
11111111101111100101
11111111101101010101
11111111011001000001
11111111001100001010
11111111001000101010
11111110111111101111
11111111010100111101
11111111101101100100
00000000000000101011
11111111110111111001
00000000000000000000
11111111111111101110
00000000000000000000
00000000000000000000
00000000000000000000
00000000000000000000
00000000000000000000
00000000000000000000
00000000000000000000
00000000000000000000
11111111111111110101
11111111110001100110
11111111100111101100
11111111011111000111
11111111101101010110
11111111111100100010
11111111100111010011
11111111111001011010
11111111111010010100
00000000000000011010
11111111100010100111
11111111001000110010
11111111000001000001
11111111000101010011
11111111010111101011
11111111100000100101
00000000001101111110
11111111110010001001
00000000000000011100
11111111111111101100
00000000000000000000
00000000000000000000
00000000000000000000
00000000000000000000
00000000000000000000
00000000000000000000
00000000000000000000
00000000000000000000
11111111111111101101
11111111110110011000
11111111110010001100
11111111101011110100
00000000000010110100
11111111111100001101
11111111110110100010
11111111101111111101
11111111110000111010
11111111110110110011
11111111101011011101
11111111100011101110
11111110111001001100
11111111011110101010
11111111100001100111
11111111101001001111
11111111111010110110
11111111110111111101
00000000000000010001
11111111111111111111
00000000000000000000
00000000000000000000
00000000000000000000
00000000000000000000
00000000000000000000
00000000000000000000
00000000000000000000
00000000000000000000
11111111111111001110
11111111111110111001
00000000000110100000
11111111101010011011
11111111110110011001
11111111110011100110
11111111111111010011
11111111111111111001
11111111111001010110
11111111101110010001
11111111100110110011
11111111010101000111
11111111010010001000
11111111100010110100
11111111100000010000
11111111110001111101
11111111110010101101
00000000000000001000
11111111111110110010
00000000000000011001
00000000000000000000
00000000000000000000
00000000000000000000
00000000000000000000
00000000000000000000
00000000000000000000
00000000000000000000
00000000000000000000
11111111111111000100
00000000000110101100
00000000001000010101
11111111110100011011
11111111111001100110
11111111110011010100
11111111111011110010
11111111111011011000
11111111101110110011
11111111100000100000
11111111010101101000
11111111011110010101
11111111010000110111
11111111011110100000
11111111100001110000
11111111111011011001
11111111101011100001
11111111111100111111
00000000000000010100
11111111111111011100
00000000000000000000
00000000000000000000
00000000000000000000
00000000000000000000
00000000000000000000
00000000000000000000
00000000000000000000
00000000000000000000
11111111111111100000
00000000001011110110
11111111111101111111
11111111111110101101
11111111110011001111
11111111111100001000
11111111111010111110
11111111101101101010
11111111011111100000
11111111001010100011
11111111011101001000
11111111010001100111
11111111010110100001
11111111011001100110
11111111011111100100
00000000000001010110
11111111110000101110
11111111111101111011
00000000000001011101
11111111111111100001
00000000000000000000
00000000000000000000
00000000000000000000
00000000000000000000
00000000000000000000
00000000000000000000
00000000000000000000
00000000000000000000
11111111111111011011
11111111111111011100
11111111111110100101
00000000000000111111
11111111111111000101
11111111111001011011
11111111101110101110
11111111011111100111
11111111001100001000
11111111011101001011
11111111010010010011
11111111010100110001
11111111011000101001
11111111011101011000
11111111110000001011
11111111110000101010
11111111110111011110
11111111111111111111
11111111111111010000
00000000000000001010
00000000000000000000
00000000000000000000
00000000000000000000
00000000000000000000
00000000000000000000
00000000000000000000
00000000000000000000
00000000000000000000
00000000000000110110
11111111111111100111
11111111111110110011
11111111111110000000
11111111111001101000
11111111101111010011
11111111011110011000
11111111001010000111
11111111011110110001
11111111010001111100
11111111010111001010
11111111010111110100
11111111100101110110
11111111101111010010
11111111100110011001
11111111110101001100
11111111111110001100
00000000000000110110
11111111111110011000
11111111111111110101
00000000000000000000
00000000000000000000
11111111111111110100
00000000000000001000
11111111111111101010
00000000000000100000
11111111111111110110
00000000000000000000
11111111111111101111
11111111111111010010
11111111111111100111
11111111111010111010
11111111101111000000
11111111011111010010
11111111001001101001
11111111011110100000
11111111010110111100
11111111011000001100
11111111010101010001
11111111101011010011
11111111110010111110
11111111100111100001
11111111110010000001
11111111110100010010
11111111111011000010
00000000000001000000
00000000000000011000
00000000000000000000
00000000000000000000
00000000000000000000
11111111111111011101
11111111111110111100
00000000000000101000
11111111111111010011
00000000000000000000
11111111111111100010
11111111111111110110
11111111111010100101
11111111110111100011
11111111110001111111
11111111011010001011
11111111010010100010
11111111011110001011
11111111010000101100
11111111011110011111
11111111100100011010
11111111110001101111
11111111110010010000
11111111101101111100
11111111110010100100
11111111110100110001
11111111111101000111
11111111111110111001
11111111111111100101
11111111111111000011
00000000000000001101
00000000000000000000
00000000000000000000
11111111111111011010
11111111111111110000
11111111111111101100
11111111111111011011
11111111111110111110
00000000000000000101
11111111111010100101
11111111101111111101
11111111101000100101
11111111001110100010
11111111011010111110
11111111010101010010
11111111010010001001
11111111010001111101
11111111010111001011
11111111100001011000
11111111110111010111
11111111011101000011
11111111111000010011
11111111110000100100
11111111111110000000
00000000000010111111
00000000000010011001
00000000000110001001
00000000000000010110
11111111111111110010
00000000000000000000
00000000000000000000
11111111111111001000
11111111111111000111
11111111111111000001
11111111111111100001
11111111111010010111
11111111110110010011
11111111110001111000
11111111011011001011
11111111010101110110
11111111010011010111
11111111011110010111
11111111001011001000
11111111010001111001
11111111000111111001
11111111010010011110
11111111010000110010
11111111011000110111
11111111001010010011
11111111010000011111
11111111011010000100
11111111101000001110
11111111110101011001
00000000000101001001
11111111111001101011
00000000000111010101
11111111111111110100
00000000000000000000
00000000000000000000
11111111111110011011
11111111111110110110
11111111111111011011
11111111111000001101
11111111101111000000
11111111101000000101
11111111001101110010
11111111011011001111
11111111001010100110
11111111010100010001
11111111010000000100
11111111010101011011
11111111001000101000
11111111000110011000
11111110111110001011
11111110111111110001
11111111001011001001
11111111001110101100
11111111001111100001
11111111001110011000
11111111011000010101
11111111100011101110
11111111111001010110
11111111111011111111
11111111111110010000
00000000000000100010
00000000000000000000
00000000000000000000
11111111111111100100
11111111111101010101
00000000000000000111
11111111110001101111
11111111011011011010
11111111010011100111
11111111001010101111
11111111011111010101
11111111001011010010
11111111010001111101
11111111000111101011
11111111000110011110
11111111000110110010
11111111000110011001
11111110111001001101
11111110111010100111
11111110111010111111
11111111000110101101
11111111001010010000
11111111001010000101
11111111001101011010
11111111100100100101
11111111111010010110
00000000000011110101
11111111111000101011
11111111111111011011
00000000000000000000
00000000000000000000
11111111111110011100
11111111111111100011
11111111111110010101
11111111101010111100
11111111010111100100
11111111001000110011
11111111010100000010
11111111001111111100
11111111010100000110
11111111001000011110
11111111000101101001
11111111001001110111
11111111001101011100
11111111001100000101
11111111001111011010
11111111001001001110
11111111000110110110
11111111001000100011
11111111001000000011
11111111000111111010
11111110111100011010
11111111010010011010
11111111011110010101
00000000000110100001
11111111110011110010
11111111111111100111
00000000000000000000
00000000000000000000
11111111111110111011
11111111111111101100
11111111111110010011
11111111101010100011
11111111101011000101
11111111001100001100
11111111100100001110
11111111001001101001
11111111001001001111
11111111001000000010
11111111001001010000
11111111001111001101
11111111011011001001
11111111100111011000
11111111011110011110
11111111100110101011
11111111100111101000
11111111100111000110
11111111100111010101
11111111100110001101
11111111100101101111
11111111100110110100
11111111101010101011
11111111111001011111
11111111111001010001
00000000000000000101
00000000000000000000
00000000000000000000
11111111111111100011
11111111111111100110
11111111111111001000
11111111111101110011
11111111111110101100
11111111101010000011
11111111101101100010
11111111100111011101
11111111100110001100
11111111100111100000
11111111100110011110
11111111101111101010
11111111101110100000
11111111110101011111
11111111101111011111
11111111110110000011
11111111110101110111
11111111110101000000
11111111110101001100
11111111110101010101
11111111110101000011
11111111101101100100
11111111101111101101
11111111111011110101
11111111111110101111
11111111111111110010
00000000000000000000
00000000000000000000
00000000000000000111
11111111111110101010
11111111111111101100
00000000000110100101
00000000000110101010
11111111111010011111
11111111110110100000
11111111110110100011
11111111110101000010
11111111110101101101
11111111110101110000
11111111111010011001
11111111111010110000
00000000000100001111
11111111111110000100
11111111111011010101
11111111111101000011
11111111111011111001
11111111111011110111
11111111111011010110
11111111111011111101
11111111101110111011
11111111110001000010
11111111110010001101
11111111111100111100
00000000000000000001
00000000000000000000
00000000000000000000
11111111111111101110
00000000000000101000
11111111111111110100
00000000001011011011
00000000001010000101
00000000001001110111
11111111111110001110
11111111111100001110
11111111111100100101
11111111111011101011
11111111111011111101
11111111101111101101
11111111110001100111
11111111110010010001
11111111111101011010
11111111111111111011
11111111111110111101
11111111111111101010
11111111111111110111
00000000000000100001
11111111111111111010
00000000000000001100
11111111111110011110
00000000000000001011
00000000000000000010
11111111111111111111
00000000000000000000
00000000000000000000
00000000000000000010
00000000000000010010
11111111111111111001
11111111111111111100
00000000000000000000
00000000000000000011
11111111111111111101
11111111111111011101
11111111111111111111
00000000000000011000
11111111111111111101
11111111111111111111
11111111111111011101
11111111111111111000
11111111111111111000
11111111111111111011
00000000000000000010
00000000000000010101
00000000000000000011
11111111111111111011
00000000000000001000
11111111111111101101
11111111111111111100
11111111111111011000
11111111111111110111
00000000000000000000
00000000000000000000
00000000000000000000
00000000000000000000
00000000000000000000
00000000000000000000
00000000000000000000
00000000000000000000
00000000000000000000
00000000000000000000
00000000000000000000
00000000000000000000
00000000000000000000
00000000000000000000
00000000000000000000
00000000000000000000
00000000000000000000
00000000000000000000
00000000000000000000
00000000000000000000
00000000000000000000
00000000000000000000
00000000000000000000
00000000000000000000
00000000000000000000
00000000000000000000
00000000000000000000
00000000000000000000
00000000000000000000
00000000000000000000
00000000000000000000
00000000000000000000
00000000000000000000
00000000000000000000
00000000000000000000
00000000000000000000
00000000000000000000
00000000000000000000
00000000000000000000
00000000000000000000
00000000000000000000
00000000000000000000
00000000000000000000
00000000000000000000
00000000000000000000
00000000000000000000
00000000000000000000
00000000000000000000
00000000000000000000
00000000000000000000
00000000000000000000
00000000000000000000
00000000000000000000
00000000000000000000
00000000000000000000
00000000000000000000
00000000000000000000
00000000000000000000
00000000000000000000
