11111100100111110110
00000101010111111101
00000010001110010010
00000001010011101011
11111101011101011101
00000010100011100011
11111101001110101100
11111100010101111010
11111111101001001100
00000111101000001111
00000000001111000110
00000011010101011011
11111100001000111100
11111011001101001100
00000011110011000001
00000000101000000111
11111110010010110100
00000001110001011110
00000100100001101100
11111101000110010100
11111101010101011011
00000001111001111000
11111111011000011100
00000000001011110001
00000001001110001100
00000101100010110100
00000000100011101111
11111011101000110000
11111111011101101000
00000100010110010110
00000010100100110101
00000001100001011000
00000001101011110000
00000011111101000010
00000011001111011101
00000001000101111111
00000101110000101000
11111100100111111111
00000100110000011101
11111111110100011011
00000000000110000100
11111111110000000011
00000100000011001001
00000101101001011001
11111110110101011100
00001000011000011010
11111110100101001101
11111100101001100110
11111101111100000100
00000000101110111110
11111111010001010001
00000001001101011110
11111101010010001011
00000101010110110001
00000011000001000111
00000000111111101110
00000110010101101010
00001100011101011010
00000010110111100011
11111111110010011100
11111110110100001110
00000000100111100101
11111000101101010011
00000001111001011001
00000100111011111101
11111101010001100010
00000001001110110100
11111001101001100000
00000001110010111010
00000011101011101110
00000101000011010111
00000101100100111011
00000001111111101000
00000101010110100110
11111110101001001001
11111101110100110101
00000100001101100010
00000100010011101011
00000011110111001001
11111110111110001110
11111111000011000000
11111111001111000000
00000000001010101101
11111111111000111000
