00000010110001111110
11111110110101011111
11111110010000111100
11111011010011111010
00000010110010100100
11111101000011100100
00000110011100111110
00000011000010101000
00000111001101110010
11111101001111011000
00000010101011100110
11111110010110101101
00000100100101101001
00000101100011010101
00000011010111011111
00000001100010100101
00000100101011010011
00000000100111001010
11111110100111011011
11111101110011101000
00000011011101000001
11111101111101110001
11111101111101001110
00000100011100011101
00000010101011000100
00000100011100100010
11111100110100100110
00000000100110110100
11111101100011001101
11111101010010101000
00000101100010010010
11111101111101110101
00000011001110000100
00000000101011010101
00000001010000100110
00000001011011000001
00000010110001001010
00000100100001101101
00000001010101001000
00000001111111100001
11111110011111110101
11111111010110011001
00000010111011010101
11111101101000101101
00000100000100111111
11111010010010001000
11111111100010110000
00000010010001110010
00000011101011010011
00000011010100011010
00000000110110011011
00000010001011001100
00000100011110100111
00000010000100011011
00000100000010011100
00000000110110010010
11111110101111110011
00000010100011000001
11111110111100000100
00000000101000110101
00000101010001001011
00000011101111111100
00000011001100110100
00000101101100100101
00000011011011011001
00000100101101000011
00000100010111110011
11111100110111001111
00000100100100000110
11111101110101000001
11111111000000011100
00000000111001110010
00000110001010110010
00000011001111111000
00000110010010100000
11111111111011101111
11111110110011101111
00000010111110100111
00000011011000100110
11111110101001000001
00000010010001110100
00000000000011000110
00000011010100010101
00000001010010011111
11111110101001010010
00000101000111011110
11111111000100100000
00000100101111111110
00000001010111100011
00000100110111000101
00001100100101111011
00000100111101011111
00000000011101001101
11111000000111101010
00000010110001110000
00000110010011001001
11111111101100110000
00000010000101010011
00000000110100101000
00000000110101001111
00000000111100111010
00000001110101110110
11111111100001001100
00000000100001111000
11111111111010001001
00000000011111001100
00000000100010101000
11111110100101010011
00000010011000001000
11111111001111110111
11111100101011110000
11111111111011100010
11111110000110100111
00000001110100011010
00000010011100000011
00000000001101011101
11111100001111100100
11111110101011000111
11111011010001101011
00000011001010111101
