00000000000101111101
00000001010100001010
00000000101110100111
00000000000000000000
00000000000000000000
00000001001001010110
00000010111010011010
00000000110101001000
00000001101100011110
00000001110110001110
00000001111110110000
00000100110110110100
00000010011001010001
00000000001011000010
00000001001100010111
00000000001101101110
00000010110001100100
00000100001110110010
00000000000000000000
00000000000000000000
00000100101000010100
00000000111011101000
00000001000110101011
00000000010010101011
00000000000000000000
00000000000001011100
00000000000000000000
00000000000000000000
00000000000110111000
00000001000011001101
00000000000000000000
00000000000000000000
00000011001000000011
00000101101101000111
00000100100010110111
00000000000000000000
00000000000010010010
00000100100111011011
00000111011101001101
00000100000101111001
00000000000000000000
00000001111110100101
00000000010011100000
00001000111101011010
00000010010100010001
00000000000000000000
00000000001101000010
00000100010110010011
00001000000011110111
00000000100001000100
00000000000000101000
00000000110011110100
00000100000101010110
00000100100001011110
00000100010100111110
00000000001011001000
00000011000010101110
00000101001000000110
00000010100110001000
00000000011111111010
00000001101100100011
00000001001000100101
00000001001010111010
00000010111011000010
00000000011110010101
00000001110111101001
00000010100010001010
00000011010011000101
00000010101010001011
00000000011101001010
00000000000111111111
00000010010010101010
00000001011000111101
00000000001000000100
00000000001000010000
00000000010001101000
00000011110000100001
00001001010101101010
00001000101010111010
00000101111110000101
00000001011011011010
00000100110001100001
00000001100101100100
00000000000000000000
00000000000000000000
00000010010000001100
00000000011001011011
00000000000000000000
00000001100011101000
00000001000110011100
00000010111001010110
00000011011110101111
00000100100111000010
00000000010111010011
00000000000000000000
00000000000000000000
00000000011101011110
00000000000000000000
00000000000000000000
00000000001001101110
00000000000000000000
00000000000000000000
00000000000000000000
00000000000111111101
00000000010100101111
00000000001100011001
00000000011101010001
00000010100100110000
00001000110011001100
00001001101110011000
00000000011000011001
00000101110100000000
00000110011111111110
00000000010001000100
00000001001011001001
00000000000111100000
00000000000111110001
00000001101111111010
00000011110000001011
00000001100110001100
00001000000111101110
00001000110111100111
00001000011101100101
00000110100000011111
00000001000000110001
00000000111100100100
00000001010011000000
00000000000000000000
00000000000000000000
00000000000000000000
00000010010101010111
00000010001001110111
00000000000000000000
00000000101100100011
00000001011010010010
00000010000011010011
00000100000101011100
00000000111010011010
00000000000000000000
00000000101111001111
00000000110100001101
00000000110010010101
00000000110001101001
00000000000000000000
00000000001010000011
00000011010100010010
00000001101101010011
00000000011111001010
00000000100011101100
00000000111110111001
00000000011011110001
00000000111011010010
00000001011001000110
00000001111000110001
00000010101001000011
00000000010101111001
00000101000010001001
00000101011111111111
00000010000101101010
00000001111101011100
00000001010110010111
00000110001010000100
00000001110110101000
00000000000000000000
00000000000000000000
00000100100111000111
00000010001000101110
00000001010101001001
00000000000000000000
00000000000010101111
00000011001100111101
00000011010001110100
00000101001001101101
00000000000000000000
00000000000001011010
00000000000000000000
00000000000000000000
00000000000000000000
00000000000000000000
00000000000000000000
00000000000000000000
00000000000000000000
00000000000000000000
00000000000000000000
00000000000000000000
00000000000000000000
00000000000000000000
00000000000000000000
00000000000000000000
00000000000000000000
00000000000000000000
00000000000000000000
00000000000000000000
00000000000000000000
00000000000000000000
00000000000000000000
00000000000000000000
00000000000000000000
00000000000000000000
00000000000000000000
00000000010011001101
00000001000001000101
00000011011100000010
00000101000001111010
00000101011000000000
00000000000011000100
00000001011001001001
00000110101100010110
00000010100000111101
00000010001111011010
00000000000000000000
00000000111111010000
00000011100010101101
00000010111101110100
00000000001110100100
00000011000100011101
00000010010100111001
00000001000111101110
00000100101001001001
00000000101011011010
00000000101010100110
00000010110001000011
00000100010101001010
00000000110011010001
00000000000011001000
00000000010111001100
00000001110010000000
00000011011100100111
00000100001011111010
00000011001000111110
00000001011000011001
00000100001010100011
00000100101110001101
00000011011011101001
00000000101111100100
00000010101001011101
00000011001010100111
00000001110100100110
00000011001001000101
00000000100011111111
00000010110010001111
00000011110010000101
00000011001111110100
00000010100100000000
00000000110001001101
00000001001000010010
00000011100010100110
00000001111000100100
00000000011000010101
00000000101100111000
00000000000010000111
00000000000000000000
00000001011001101100
00000011100110011011
00000100100010001100
00000000000000000000
00000000000000000000
00000100110011101000
00000100100101000011
00000011111000110010
00000000000000000000
00000000001111100111
00000110100101100010
00000110001010110011
00000010010110101101
00000000110000000001
00000011000101010010
00000010010110000001
00000110101110101100
00000010000110100000
00000000011100110001
00000010101111110011
00000101010100010100
00000101010010100101
00000000011100111111
00000000010111011001
00000000110010110010
00000001011111111001
00000011000101001011
00000010000010111100
00000010000101000110
00000100110010010110
00000010111010000100
00000011110011101001
00000001101100001010
00000010010100000110
00000100001101101011
00000001000111101011
00000000010000111010
00000000011001000011
00000001011111000101
00000001001110111000
00000001111101000010
00000001000000100011
00000001001111010101
00000011111100000111
00000101010001111001
00000010100111010001
00000000011011010001
00000000101000101010
00000000000111110000
00000000000000000000
00000000000000000000
00000000000000000000
00000000000000000000
00000000110101001011
00000000001010101010
00000001101110010001
00000110100100010011
00000101000111110110
00000001100111011001
00000101001110111110
00000001101101001001
00000000010000111000
00000001000111001000
00000000000000000000
00000001100100111110
00000000101000001001
00000000111110110101
00000000111001011100
00000100100101111011
00000011010111011001
00000100010001100100
00000010111000010011
00000000001111001111
00000000001001101100
00000000000000000000
00000000001101011011
00000000011010111011
00000000000001101100
00000000000100001100
00000001001111011011
00000011110010101101
00000100110111010011
00000100100101100010
00000000011100111010
00000110010101011110
00000100111010010100
00000001110100011110
00000010011110100000
00000000100110001111
00000010011110011001
00000101101100001110
00000010110000100100
00000000000000000000
00000100110011110100
00000010110101001101
00000100010011001100
00000001111001110111
00000000000001101111
00000000111101101011
00000010000101101011
00000100001011111101
00000100011000101100
00000010010011101110
00000001001110100011
00000000100000101000
00000000000110011101
00000000011010110000
00000000000101001110
00000000001100000001
00000000000000010001
00000000101011100000
00000100101110101111
00000010111010011111
00000001001010100101
00000011010100110111
00000011011110010101
00000010010010011011
00000000110010100000
00000000000000000000
00000000000101110100
00000000000000000000
00000000111000101111
00000001000100011111
00000000000010000010
00000001000111100001
00000010100100110000
00000011100010111111
00000010101000111100
00000001110010100100
00000110010101101100
00000011110110101001
00000100010011110100
00000011101000001111
00000001100100110101
00000100001101010010
00000010111001110100
00000000001111011001
00000000000000000000
00000001110001010010
00000000000000000000
00000010001101110010
00000000111111101000
00000000100001001111
00000110011100010101
00001000000010001011
00000010101000101100
00000000101100110110
00000000010010011110
