00000000000000000000
00001110001000000101
00000000000000000000
00000110011011111111
00000001110010011100
00000001110010011100
00000000000000000000
00000000000000000000
00000000000000000000
00000000000000000000
00000000000000000000
00000010101011101010
00000000000000000000
00000000000000000000
00000000010110111000
00000000000000000000
00000011110000010100
00000000000000000000
00000000000000000000
00000001111101111000
00000000000000000000
00000000000000000000
00000010001001010101
00000000000000000000
00000000000000000000
00000000000000000000
00000000000000000000
00000000000000000000
00000000000000000000
00000011100100111000
00000000000000000000
00000001011011100011
00000010100000001101
00000000111001001110
00000011001101111111
00000010100000001101
00000000000000000000
00000011001101111111
00000000000000000000
00000110011011111111
00000000000000000000
00000000000000000000
00000011111011110001
00000011011001011100
00000000000000000000
00000001011011100011
00000000000000000000
00000000000000000000
00000011001101111111
00000010100000001101
00000111001001110001
00000001111101111000
00000001011011100011
00000000000000000000
00000110100111011011
00000000000000000000
00000010010100110001
00000001000100101010
00000000000000000000
00000100101001100011
00000000000000000000
00000101100010110001
00000000100010010101
00000000000000000000
00000000001011011100
00000010110111000110
00000100010010101010
00000000000000000000
00000000000000000000
00000000000000000000
00000001110010011100
00000111101100000110
00000000000000000000
00000110010000100010
00000100011110000110
00000011000010100011
00000000000000000000
00011101010100110110
00000000000000000000
00000000000000000000
00000001100110111111
00000001100110111111
00000000000000000000
00000001011011100011
00000000000000000000
00000001111101111000
00000001100110111111
00000000000000000000
00000011011001011100
00000101000000011011
00000000000000000000
00000000100010010101
00000001100110111111
00000000000000000000
00000000000000000000
00000000000000000000
00000000101101110001
00000110000101000110
00000000101101110001
00000001110010011100
00000000000000000000
00000101000000011011
00000111001001110001
00000001111101111000
00000000000000000000
00000000000000000000
00000010001001010101
00000100011110000110
00000000000000000000
00000000000000000000
00001000000010111111
00000001100110111111
00000000010110111000
00000011001101111111
00000001011011100011
00000000000000000000
00000000000000000000
00000001110010011100
00000101000000011011
00000000000000000000
