00000000000000101100
00000000100101011001
00000001001110110101
00000001000101001110
11111111111001110000
11111111010010010110
11111111010001110111
11111111010110001100
11111111000010000101
11111111011000101011
00000000101101000000
00000001010101100001
00000000111000001001
11111110111111111000
11111101011101000111
11111101011111001010
11111101010101000001
11111101000110011111
11111101010000111011
11111110110110010000
00000001101011100000
00000010010111011111
00000001010110010110
00000000010111001001
00000000111111010110
00000001001100110010
11111110111001101101
11111100100100000110
11111100101100001110
11111110101100000011
00000001011001101101
00000011000001011100
00000011111100001001
00000101000111101000
00000110011101110011
00000101010011100100
00000001100110010001
11111101110101111110
11111101011100101001
11111110110001111000
00000000010110001110
00000011000011011001
00000100101110111111
00000100100100011100
00000100011110011001
00000100000010100001
00000001100000011000
11111101111001010101
11111101100010100111
11111110110100110001
00000000100101010110
00000010101010111110
00000010111111111000
00000001100111010011
00000001101001011101
00000010000110111000
11111111011100001100
11111100110001100111
11111101011010010100
11111110111100111101
00000000111000000111
00000010011010010110
00000011100100110100
00000011110010100100
00000100000110001011
00000011011000110011
11111111100001001111
11111101011110101010
11111110011000001110
11111111010101010111
00000000000100010101
00000001101001001101
00000100110100011000
00000110110010000110
00000110001101110110
00000100000111110101
00000000100000000001
11111110111110010011
11111111010011100011
11111111101101001100
11111111110001001011
00000000110011100011
00000011011001100101
00000101110101101001
00000101010010001101
00000010100010100000
11111111101101001001
11111111001010010100
11111111101110101000
11111111111100110101
00000000000010110100
00000000100100100101
00000001111111101100
00000100011110000111
00000100000001011000
00000000100011101101
11111110010100001100
11111110110011101010
11111111111011001101
00000000001001010001
11111111100010011010
11111110010100011101
11111101010000110010
11111101101011110110
11111110111000111111
11111111111101101101
00000001001001101010
00000010101110100111
00000010111110101100
00000001100110111101
11111110010111011100
11111011100000001000
11111010000111110110
11111100010101110100
11111110101111101000
11111110110111110010
00000000110101010000
00000101000000010110
00000101100110110001
00000010010111111000
11111110000000110011
11111010011010110011
11111001111100101101
11111110010011101001
00000000011100001001
11111110010001000100
00000001011100111010
00001000100101100111
00001000001000111010
00000010100100011101
11111110010100000101
11111010111100010101
11111011110100010010
00000001011010011001
00000001010111000111
11111101100010011000
00000011011111100000
00001100000100001111
00001000111001000101
00000010000001111100
11111110001001010000
11111011101011011111
11111100111100010010
00000000010110110110
11111101110000101011
11111100001000000110
00000110011000100101
00001110000100111001
00000111111010100110
00000001011011101001
11111110101001011100
11111100010011011011
11111011010111100100
11111011101001111111
11111001100110110111
11111101011010110101
00001010000011111010
00001101110111101001
00000110010000101101
00000001001100101101
11111111011101000011
11111100111000111011
11111010101101101100
11111001110001111111
11111010011011000001
00000010011111011110
00001101001101100110
00001100000011001011
00000100011100111010
00000001001010010110
11111111010011001001
11111101101100001110
11111100011100001100
11111010010000001011
11111011101000010000
00000110010101100101
00001110010101011011
00001001010100011010
00000010100011111011
00000000101001100101
11111111100010100101
11111110111100000011
11111101010000111100
11111001001000001010
11111011101111110000
00001000110000000010
00001101100110100101
00000110000100110100
00000000110110101010
00000000001111000001
11111111111110100100
11111111100111100011
11111100011101100100
11110111100011101101
11111100011101001001
00001001011011110100
00001011001110101001
00000011010111000000
00000000001101000000
00000000010001000001
11111111111110000100
00000000001101111000
00000001000100100000
00000010011100111110
00000011011110110000
00000011111011010000
00000011111101110110
00000011100110101010
00000010010101100100
00000000110001001111
11111111101010111011
00000000001010011010
00000010000000100111
00000011110100011011
00000100011000001010
00000100100111000110
00000100111011100000
00000100111001101001
00000010111111100010
00000000111010101011
00000000001110100010
00000001011010111110
00000010101111010001
00000011000001100110
00000010101011100000
00000010111111111011
00000100000110001000
00000100010010010110
00000010010110000011
00000000101010001011
00000000110111101101
00000000110110100110
00000000010101111010
00000000000000101100
00000001010011110010
00000010110001000000
00000011110111011001
00000011101111011111
00000001111010111111
00000000101000010100
11111111110010000111
11111110111000000010
11111110011101110001
00000000100100101000
00000011100010010101
00000100010110010010
00000100100011111010
00000011100111110001
00000001111011001000
00000000110000101010
11111111011010001011
11111111011010100111
00000000011100110111
00000010101111001111
00000100010110001100
00000100011010111000
00000100010001110001
00000011000010101010
00000001100001101100
00000000101011110111
00000000100010010110
00000000110100010010
00000000101010100101
00000001100010110010
00000010010001000110
00000010111011010001
00000010110110101001
00000001011011110101
00000000101010001101
00000000010011001001
00000000010111101110
11111111111011010100
11111111001000011100
11111111110010010101
00000000111001001110
00000001111101110101
00000001101000010110
00000000011101000100
00000000000110101010
00000000000111011100
11111111110100110111
11111111001001111011
11111111010110010111
00000000001000010001
00000000110111100110
00000010000100000000
00000001111001001010
00000000101011110010
00000000010001010000
00000000001001100000
00000000000000011010
11111111111010010111
00000000001111100001
00000000010110000110
00000000100100100011
00000001110001111100
00000001101110001111
00000000110011011010
00000000010000101100
00000000000110001111
00000000001011010001
00000001001001111101
00000011110000000110
00000110110010101110
00001000101111100010
00001001001100000101
00001000001000111111
00000110011000110001
00000100010110010000
00000001110011000011
00000001011000011101
00000100010101011000
00000111100010011011
00001000100000000010
00000111100110000111
00000110101000011111
00000101101001011000
00000100110011001000
00000011000101110110
00000001000110110011
00000001101100001110
00000010011101111000
00000000111001111111
11111101011010010101
11111011111100011110
11111101111100111111
11111111011010001101
11111111111001001011
11111111010010011101
11111111100010101101
11111111010011111100
11111101001011111101
11111010010011000011
11111001010000001000
11111100100000000001
00000000010001110000
00000000101001000011
11111111001001110101
11111110011111011010
11111111110010111111
11111111001000001110
11111111001001101100
00000000101100001001
00000011111000100100
00000111011000101111
00000111010001010011
00000100001111000000
00000000101101000101
11111111111010011010
00000000110011010110
00000001000010001100
00000010111000001011
00000100001110110010
00000101010000100010
00000101001100101001
00000010111111110010
00000000011000000010
11111110010111100001
11111110111011101100
00000000001100110101
00000000001111001000
11111111101111100001
11111110001111001001
11111101011010000001
11111100101000011111
11111011100000001000
11111010110101000011
11111011000111110011
11111101010111000000
11111111010000110110
11111111011101011001
11111110000100000010
11111101000101001010
11111101100010010011
11111101001010001110
11111100000001111000
11111011010010001000
11111100011000000000
11111110100111001100
11111111110001101110
11111111111101111001
11111111111111000110
00000000101110111001
00000001101010010000
00000000111000000101
11111111000101100001
11111110001101011110
11111111100010100111
00000000011100011010
00000000001111110001
00000000001011001011
00000000100001110110
00000001000001010011
00000001001100001101
11111111100001001101
11111101110101001101
11111101110110111100
11111111110101110001
00000000011100100100
00000000000111001100
11111111010011001001
11111101001101100101
11111010001010110101
11110111100010100010
11110110000011101011
11110101100101111110
11110110101011000101
11111001100000110111
11111100011110010111
11111110111111011101
11111111011111000001
11111101110010110110
11111011110010101110
11111011010100100100
11111011110111110100
11111011100100100101
11111010110100010100
11111011011111001101
11111101100111100111
11111111100111001100
00000001111000110010
00000011101110000100
00000101011101000110
00000111100101111010
00001000100110001111
00000101100110011110
00000010000011010011
00000000101110110001
00000001001101111111
00000000111011001111
00000010101111100011
00000100100110011100
00000101001111000100
00000110000110110101
00000101110100011011
00000011001010111111
00000010000010110001
00000010101001001000
00000010111111000101
00000001001010111111
11111111111001101111
11111111101101100101
11111110100000010100
11111101100101000100
11111100101010001000
11111101000000100000
11111111011100111110
00000001111100010111
00000010001100101010
00000000100101011110
11111111110010001011
00000000101010000010
00000001011010010111
00000001000101000001
00000000001101010001
00000001011101100000
00000011001101101111
00000100011001010101
00000011000001010000
00000000101101100001
00000001101001001111
00000100000101100011
00000110110011000001
00000111110010000111
00000111010100010111
00001000001000100101
00001000011100001011
00000111100101001010
00000100010000011011
00000001001001111100
00000000100001110001
00000001110111110010
00000100100111011000
00000101101001001110
00000101100101011111
00000111001000001110
00001000000000101100
00000110100000010010
00000011001000111111
00000000111010011111
11111111100001001001
11111111101011000110
00000001011101000001
00000010000001111100
00000001110111000000
00000011010111100111
00000100110011011000
00000011011111110111
00000001010110101000
00000000011110110110
11111111111100101000
00000000011100100110
00000001110111010101
00000010110101110110
00000011101000010000
00000100010001110111
00000100001100110110
00000010001101110001
00000000011111111100
00000000001111110001
00000001010110100111
00000001101001000001
00000000001111100110
11111110000111100010
11111101000010111100
11111011110000100111
11111010010001110110
11111010111010100010
11111101001010101110
11111110111011110001
00000001110001001010
00000001100001110101
11111110101001010001
11111100000011001100
11111011101111010110
11111010100011110000
11111000010010000110
11111000100100100000
11111011011000101111
11111110010001101010
00000001110001001100
00000010010101011010
00000000101110101101
11111111110001011011
00000000100111110110
11111110110000101101
11111010100000000000
11111001011011110001
11111011111010000110
11111110110100101101
00000011000100101000
00000101001000111010
00000100100000110001
00000100000010001101
00000100110010001101
00000001101011001110
11111100000010010011
11111010101011101111
11111101011100011101
11111111111111101000
00000011100011101100
00000101010101010010
00000011111010110011
00000011000011100101
00000010110111100111
11111110110100110101
11111010000001000011
11111010000110100011
11111101111000000000
00000000001011100011
00000001111111101111
00000010111010101000
00000010101001010100
00000010101000001011
00000000110000101100
11111011111000111110
11111000111000110100
11111010100101001011
11111110100001001110
00000000000001110110
00000001011011011000
00000011000001001111
00000100101101011000
00000101100101111011
00000010001001101111
11111100111110111100
11111011010000100101
11111101100000110011
00000000010101000000
00000000011101000011
00000001101101100100
00000011110101001111
00000110110001001100
00000111101001011110
00000011000001010000
11111110010001101000
11111101101001100011
00000000000010000111
00000001011100111111
00000000101010111001
00000001000011100011
00000010100111110001
00000110000010001111
00000110110101101011
00000001011110111010
11111100110110001111
11111101100100010011
00000000100100111000
00000001011011111000
00000000100011001011
00000000010100000001
00000001010111000100
00000100110010110000
00000101010100110010
11111111111100101110
11111100000000101100
11111101011101011111
00000000011001011011
00000000101101100010
00000000010000110101
00000000101111000000
00000000111100110011
00000000110110001101
00000000101010000100
00000000100000111111
00000000010010110111
00000000000011100010
11111111011101101100
11111111001000001101
11111111101011101001
00000000001111100100
00000000111010000111
00000001111101111100
00000010101110010111
00000011000111111110
00000011110100011101
00000011011110101000
00000001001101000110
11111111110101110111
11111111111110110000
11111111110000110101
00000001110110010010
00000100101111001100
00000101101010100011
00000100111111000011
00000101001100100001
00000100010000011101
00000000110110100010
11111111101000111000
00000000000000000011
00000001010010000110
00000100100101001000
00000110011011010100
00000011101011110110
00000001000100111000
00000010101110111001
00000001101010111101
11111101110101111100
11111101101010010001
11111111010111100100
00000001110001100000
00000100000010000010
00000011101001000010
11111111101110111001
11111111111000000011
00000100000011101101
00000001010001000100
11111100000110110011
11111100101011101100
11111111010001111001
00000000010100011110
00000001010111100101
00000010001000001000
00000001111001100000
00000101101010110110
00001000001000001010
00000001111111101010
11111100110110101100
11111101111110101110
11111111111100001011
00000000000110110001
00000001110100110010
00000100000000000001
00000101010110001110
00001000001001000111
00000110101001100101
11111111110010011010
11111100110111111000
11111110100111101110
11111111111100011000
00000000110001110011
00000010110010110100
00000011101111010000
00000100011000111110
00000101111100000100
00000010011010101101
11111100101010110110
11111011110100100010
11111110000100010100
11111111101000111000
00000000100111011111
00000001010011010111
00000001100111001001
00000100000111011101
00000101010111011111
11111111111100100000
11111011000100110100
11111100000101110000
11111110101000001001
11111111101111000100
00000000001111100111
00000000001000000010
00000001000101000100
00000101100110000111
00000110010100101000
11111111101011101000
11111100001010100101
11111110001001100001
11111111110010010010
11111111111110111000
11111111010011111110
11111110011101101111
11111110000010110011
11111110001100010100
11111110001101001011
11111101111000010001
11111110101011011010
11111111100111110010
11111111101010100001
11111111101100110101
11111111001100111001
11111110011110111110
11111110100100101110
11111110110111100111
11111101110110100100
11111101011011110101
11111110100000110111
11111111011010100001
11111111010110011001
11111111101001100010
11111111101110010010
11111111010100000101
11111110111001100001
11111110010110111100
11111101000001101010
11111100101101001110
11111101111100000111
11111110110100111000
11111110101100101111
11111111011000000011
11111111100000110000
11111110000101001011
11111101010011110110
11111100110000111110
11111011100001001001
11111011100010100010
11111101010111100010
11111110011010000010
11111110010100111111
11111111001000101001
11111110111110100111
11111101101000101011
11111101000101000011
11111100110011111101
11111011101011111110
11111011111001000011
11111101111101101100
11111110100100000111
11111110011111111010
11111111010100000100
11111111100110110101
11111111000000100110
11111110010001101000
11111101100000101000
11111100011101111100
11111100110111111000
11111110010010000010
11111110011011001101
11111110101011110010
11111111011010101011
11111111111110111100
11111111011100100111
11111110011010010010
11111101000111011100
11111100011010011111
11111101000000001110
11111101111110111001
11111110000101001010
11111110101101100010
11111111011101110000
11111111100110100000
11111110111100011100
11111101110000111011
11111100011111000101
11111100010011111100
11111101011001100000
11111101111000000000
11111110001111101100
11111110111100100100
11111111100010001001
11111111110011110101
11111111010101010100
11111110001011001010
11111100110010111000
11111100111100001000
11111110100000011100
11111110010010011011
11111110101010010011
11111111011110111111
11111111110110010011
11111111111100101000
11111111110100111111
11111110111001110110
11111101100101001000
11111101110100111110
11111111000111101110
11111110101100010101
11111110111111110011
11111111110101000001
11111111111101000111
00000000011110101000
00000001000000000101
00000001011011110000
00000010000011100100
00000011000001110100
00000011011101110100
00000011001101000100
00000010011101001101
00000001011111010010
00000000011110000101
00000000000100000010
00000000001110011000
00000001100000001000
00000100000111111011
00000110000011111100
00000110100010110000
00000110011010111000
00000101110000011011
00000011010111000110
00000000110111000101
11111110110011011010
11111110110010111110
00000001100001110100
00000101000010010101
00000101100000100110
00000100111110001011
00000110110110011000
00000111011000000011
00000011111110110000
00000000110100010110
11111110011101100101
11111110110110000111
00000001010001100011
00000001111110111011
11111111110111111111
00000000101001111011
00000101001000100101
00000101111101110111
00000010100001000101
00000000011010110100
11111111010000101001
11111111010000100111
11111111101111001001
11111111001110100011
11111111000000011101
00000010010000000000
00000110000011110000
00000100101101000001
00000001011011000111
00000000011100111001
11111111010011100110
11111110101010010110
11111111101011001010
00000001000010001000
00000011001000010001
00000110011111010011
00000111011110000001
00000100010110100010
00000001101000001111
00000000101011011111
11111110111010100001
11111110010100101001
11111111100101001101
00000001000010001101
00000011001000011011
00000110010100011110
00000110010000101001
00000010111011001011
00000001001101110010
00000000100010000111
11111111001111111111
11111110110011100111
11111110001011011100
11111101100001110111
00000000001010110001
00000100000011010011
00000011001001110001
00000000001001001000
11111111110011000010
00000000001100001001
11111111110100000111
11111111010001010011
11111101100100111101
11111101000101001101
00000000110111000110
00000011111000001011
00000001101110111001
11111111001101001110
11111111100000000000
00000000000010011011
11111111111110011101
11111111011010110111
11111101111100101110
11111110011101011010
00000010100100010010
00000100010100000011
00000001111101000100
11111111111101110010
11111111110111111111
11111111111111100110
00000000100001101111
00000001001010001011
00000001100010010011
00000010001111010100
00000011000111100010
00000011010011001000
00000010110100010100
00000010010111111011
00000001101001000010
00000000100101011010
00000000110010110001
00000001100100100111
00000010001010101000
00000011011001001000
00000100100111010010
00000100001101011011
00000011000111101000
00000010111110111100
00000010010100111001
00000000101110100000
00000001001111110100
00000010001010001111
00000010011110110011
00000011001111100000
00000100001100110011
00000011001110101011
00000010000111010000
00000010110000111010
00000010001010100100
00000000100001001111
00000001111001011000
00000010101111100110
00000001111111000010
00000010010010100111
00000011110110101010
00000011010110011011
00000010010000000100
00000010111011011100
00000010010101101110
00000000110001110101
00000001100110101011
00000001110011000010
00000000100111010000
00000010001001100110
00000101110001100010
00000101010010111001
00000010110101101101
00000010111101001011
00000010110100111111
00000001010010110010
00000000111100010011
00000001010000010111
00000001001101001111
00000011111011010011
00000110100001001000
00000100001001000101
00000001110000110010
00000010011000101110
00000010011101011011
00000001000000010110
00000000111111001110
00000001111010011100
00000010011101000011
00000011111110000110
00000100001101110111
00000010000010011011
00000001001101111010
00000001110111110110
00000001100111100000
00000000100100001110
00000000111001010000
00000001101101001100
00000010010010101001
00000010111101010111
00000010010101000101
00000001011110001101
00000001101001100111
00000001101001011111
00000001001100101010
00000000100111010001
00000000011010111110
00000000110101100100
00000001111011100110
00000010111001000110
00000001011001100010
00000000111011100100
00000001111110010111
00000001101111010110
00000000111110110000
00000000011111100010
00000000000111010100
00000000101000110000
00000010100011100000
00000010111010010101
00000000001011110001
00000000000000011011
00000010001001001000
00000001101101110010
00000000100001110100
00000000001010000000
11111111111011000001
11111111111010110101
00000000001010011101
00000000101000010100
00000001011101111110
00000010010000011110
00000010101111110110
00000010010011111111
00000001110100010000
00000000110111000101
11111111011001101010
11111111001111110001
00000000000011001100
00000001111111000111
00000011110000111001
00000100111110001111
00000101101001010111
00000101010111111111
00000100011110111011
00000001110111011011
11111110100100001000
11111101110101010010
11111111000111000101
00000001100011010011
00000011011110010001
00000100100011111101
00000110000010001011
00000111011110101100
00000110011011110000
00000010010111101101
11111101110101000110
11111100110000001000
11111110100010010010
00000000111010010100
00000001011000000000
00000010000111101001
00000101000000110100
00001000000010010110
00000110001110110110
00000001110001011010
11111110010101010101
11111101111000001110
00000000010010110001
00000001010110111101
00000000110000100101
00000010010111110100
00000110110010111111
00001001010100010100
00000101011110110101
00000001010000111101
11111111000110001111
11111110100101001101
11111111110001100110
00000000001000101101
00000001001010001010
00000100110110011011
00001001110100001111
00001001111111101000
00000100111011101000
00000001010111000101
11111110111011001000
11111101100111101110
11111101010111110101
11111110000001101100
00000001001011100010
00000110000001001010
00001010010101100000
00001000011010110101
00000011100101000100
00000001010100001101
11111110111111001011
11111101101110111101
11111100111011000000
11111101011010010111
00000000101101001100
00000101011110010010
00001001000100000111
00000101111001110100
00000001101011010011
00000000100100100010
11111111101111000010
11111111001001111100
11111101101000110110
11111101011011011010
00000001010011110000
00000110011101000001
00001000010011011110
00000011110011100010
00000000011001011100
00000000001000100001
00000000000001111010
11111111011000100001
11111101001100111100
11111100111001110111
00000010000001001111
00000111000111111101
00000111011010010110
00000010101111001000
00000000010000111011
00000000001111010110
00000000001100110000
11111111110101110010
11111111010110010111
11111111000010000000
11111111000100100010
11111110111001010101
11111110111111000111
11111111001010010110
00000000000010111010
00000000010110101001
00000001011101101110
00000010001100101111
00000010101001101100
00000011010100001100
00000100001001000001
00000011101000011010
00000001100010110000
00000000011101011001
00000001001101110111
00000000111111100100
00000010111101101010
00000101000001011010
00000101011011001001
00000101110000011100
00000110001001010001
00000100110010011010
00000001010010111101
00000000101101101101
00000001101101000001
00000001010101100101
00000010111100011111
00000011011111001010
00000001101011010001
00000000110100100100
00000010001010100011
00000001110100000001
11111111001111101101
11111111111111101100
00000001011100110101
00000001010110110110
00000001011100010101
00000001000011010100
11111111011010111000
00000000000011011100
00000010110010010110
00000001110011101000
11111111001101000100
11111111111101101001
00000001011001101010
00000001011001110110
00000001001011010111
00000010101101110100
00000011110000101110
00000101001110101101
00000110001101100110
00000011010010011101
00000000110011101101
00000001010001101101
00000010000011011100
00000001011011001101
00000001110001100101
00000011110100100101
00000101011000101100
00000110010000100011
00000100110000111100
00000001101010000000
00000001000000110100
00000001101100110001
00000001110011000010
00000000111000100000
00000001000001001110
00000001111001001010
00000011001000111001
00000011100000010110
00000001010010000110
11111111001100111100
00000000000001001011
00000001001101000011
00000001000101001001
00000000011101100000
00000000000010001010
00000000100111110111
00000011000001100000
00000011010101011010
11111111111101000101
11111110010010001001
11111111110110001100
00000001011010010100
00000000110111110010
00000000010001100100
00000000000101001000
00000001000011110010
00000100000100000001
00000100001100111110
00000000101000000111
11111110111101111110
00000000100000011101
00000001111010001110
00000000100111101000
00000000000100110000
11111111111011011001
11111110101011101010
11111100101111010000
11111010111110111010
11111010010110000110
11111010011001000011
11111011001111001010
11111101000011010011
11111111001001010011
00000000010010011111
00000000000011000100
11111101111111110101
11111011011111110010
11111010110001100111
11111011010110001010
11111010101011000110
11111010001111110001
11111100011110001000
11111111010110011100
00000000100011010000
00000001110100111110
00000001010101000100
00000000111001111110
00000010110001010110
00000011110100011100
00000000100000111111
11111101101111100011
11111111001011011100
00000001000001010010
00000001000001101011
00000011011101111011
00000100111001101011
00000101011100000110
00000110101110110110
00000101110011011001
00000001001101011010
11111111001011110000
00000000111011001011
00000001101100110101
00000000111101011010
00000010100101011001
00000010101010001110
00000000100110100111
00000000000001010111
11111110111101101000
11111100101011110000
11111101110000110010
00000000010011011101
00000000110101001111
00000000010111001111
00000001100000011001
00000001000000001101
11111111011110100000
11111111011101101100
11111110011111000101
11111101011110010110
11111111010110100001
00000001000100001100
00000000110101101010
00000000010000101000
00000001111111010111
00000011100000010000
00000100111011001001
00000101100010101100
00000011010011101000
00000010010111110111
00000011011101000000
00000011001110001000
00000001011101101100
00000000011111001111
00000001111010100010
00000011111101001001
00000110101011011001
00000110001111111001
00000010111111011001
00000010111100100101
00000100000010011001
00000011001101011100
00000001000011001001
00000000001111001110
00000000110010101101
00000001110100000001
00000100001000100110
00000010110001011101
11111111110000010011
00000000100111100010
00000001111100110011
00000001100001000100
00000000001111001110
11111111111110010111
00000000010001101111
00000001010110111100
00000011111111011011
00000010011010100111
11111111111011000110
00000000101001100000
00000001010001011001
00000000111010110011
00000000001100110010
00000000001000101000
00000000001011000000
11111111011110101101
11111110110001010010
11111111000101100100
11111111101011001110
11111111100010000111
11111111011110011001
00000000100110111001
00000001001000001000
00000000110111011001
00000000000110011010
11111111011000110100
11111111000101011101
11111111111110000000
00000000010011000110
11111111001101010000
11111110100100111110
11111111100111011010
00000000010110010101
00000000011011100001
00000000010110011010
00000001011000010101
00000010001011101100
00000011000101100101
00000010100110100000
00000001010110001100
00000000111010010000
00000000110001111110
00000000000000101010
11111111101101101100
00000000110010011111
00000010100100101110
00000100001011010101
00000100110100011000
00000100100010111101
00000100110000000101
00000100111111001110
00000011010100010100
00000000101100001111
11111111110001001110
00000000011100110011
00000010010011000001
00000011101000001000
00000011011000001110
00000011011011011010
00000101010010110101
00000110010001110001
00000011100110010110
00000000110001111110
00000000000100011110
00000000000111111110
00000001100111101110
00000010101001101110
00000001100100010010
00000001100110100111
00000100010101000100
00000101000011111100
00000010001110101101
11111111110111101010
11111111101011010110
00000000001010101010
00000001100101001011
00000011010111011110
00000011100110110100
00000100000001110001
00000110001000010001
00000101011011011110
00000010000000111101
11111111110000000101
11111111100100100111
00000000000001001100
00000001011011001011
00000011100101011110
00000101001011111101
00000110010011110100
00000111101010101011
00000101100011010010
00000010001111000000
00000000010101101001
11111111111101110011
00000000000100110001
00000000110100100101
00000010010011011110
00000100001101010000
00000101101000111000
00000110011001101110
00000011111011000010
00000001010111110111
00000000100101100000
00000000001111101010
00000000000101100100
00000000000110000101
00000000110110101010
00000011011110010101
00000101001001001100
00000100001110101000
00000001011011110001
00000000000001010100
00000000001011100001
00000000001001001011
00000001010000010110
00000001101010010001
00000010000000111101
00000011101001000010
00000101100101011010
00000101000100101000
00000011110110001111
00000011110110111011
00000011001110011000
00000001011111101110
00000001011110001000
00000001100010101111
00000001111000000000
00000011101001101001
00000100010111001100
00000010000011010100
00000001100000101011
00000010111101001011
00000010110011111010
00000001000111001010
00000000011010001111
11111111011100001010
11111110000001111001
11111101111100000100
11111101101001110101
11111100111101000001
11111111000000101000
00000001011101111111
00000001110111010110
00000000101000001100
11111111010110111011
11111110001111100110
11111100110101011001
11111110000001101010
11111111111010001001
00000001001011111001
00000001111110001111
00000010101101101111
00000011000011110010
00000001011010011100
00000000100110110111
00000000110110011111
00000001100010100111
00000100000010001000
00000101101110101100
00000101001000111110
00000011101011101010
00000100001110111001
00000100010011000111
00000001111010000100
00000000111111110111
00000001011001100011
00000010011100100100
00000010011011010010
00000001101001010100
00000000111111010011
00000001001100000001
00000011001100011110
00000011000101001001
00000001000101011010
11111111100101111010
11111111000011011100
11111110110010111100
11111100100110010110
11111100001001111000
11111101111000000100
11111111111011111001
00000001111011001000
00000001100100101100
00000000100101100001
11111111100100101110
11111111100011111111
11111111100001101011
11111101111101111100
11111110011010001000
00000000001110100111
00000010001010011011
00000011000010000010
00000001110111110111
00000000110101000000
00000000010010000101
00000000111110010100
00000001011000111110
00000000100101110010
00000000011010111101
00000001101011111110
00000100010010101000
00000100000010100100
00000001111001010001
00000000110000111010
00000000001101100110
00000000011110100011
00000000100111001100
11111111100101101010
11111110110010100010
00000000000111011010
00000011010111011100
00000010110011101111
00000000111001010010
00000000010101011101
11111111100010111001
11111110110011110000
11111110011110001011
11111110100001100010
11111101111000010111
11111101001001000111
11111101010010100110
11111101111000100100
11111110100011010001
11111111010111000001
00000001001110011000
00000011000101010111
00000100101011100011
00000100111001010100
00000100010101100001
00000011010111101000
00000001101000000001
11111111100010111001
11111110110111011111
11111111011111010011
00000011110010110110
00000111011110000010
00001000111011100010
00001000011111101110
00001000110011110000
00001000100100011101
00000101101000101110
00000001110001100010
00000000010100110110
00000000010000111000
00000010000101010101
00000010110000011000
00000001010111111110
00000000111100001001
00000011010011100001
00000100101110110011
00000010100100100100
00000000100110001010
00000000101011110000
00000000100010101001
11111110101101101101
11111101111111001000
11111101001011110101
11111101110001110010
00000000000000101100
00000000100010000011
11111110111110100100
11111110100110101100
11111111110110111111
00000000001000100001
00000000001111010011
00000010001010100001
00000100100101011101
00000101101101011111
00000101100111110100
00000011111001011010
00000001010000011110
00000000010001111010
00000000011011000111
00000000000100100101
00000001100110001011
00000100001000010101
00000110101111011011
00001000001000000101
00000111110011000001
00000101011000100111
00000010101110001011
00000001110110111010
00000001011000011000
00000000011110000101
11111111101101000100
11111111100101111001
00000001000110011000
00000010111011100101
00000010101001000111
00000000111100110100
00000000000110101001
00000000101001010111
00000000110101000111
00000000010110111101
11111111000101001000
11111110010100010000
11111111110100001101
00000001010111100101
11111111110110110001
11111101110001110000
11111110010010110101
11111111100011110111
11111111111110111001
00000000000000101111
11111111111000001011
00000000011101001000
00000010010101101101
00000011110101100101
00000010010011011010
11111111110001101110
11111111101000101000
00000000000011011110
11111111110111110001
11111111111100010001
