0000000001011111
0000010101000010
0000001011101001
0000000000000000
0000000000000000
0000010010010101
0000101110100110
0000001101010010
0000011011000111
0000011101100011
0000011111101100
0001001101101101
0000100110010100
0000000010110000
0000010011000101
0000000011011011
0000101100011001
0001000011101100
0000000000000000
0000000000000000
0001001010000101
0000001110111010
0000010001101010
0000000100101010
0000000000000000
0000000000010111
0000000000000000
0000000000000000
0000000001101110
0000010000110011
0000000000000000
0000000000000000
0000110010000000
0001011011010001
0001001000101101
0000000000000000
0000000000100100
0001001001110110
0001110111010011
0001000001011110
0000000000000000
0000011111101001
0000000100111000
0010001111010110
0000100101000100
0000000000000000
0000000011010000
0001000101100100
0010000000111101
0000001000010001
0000000000001010
0000001100111101
0001000001010101
0001001000010111
0001000101001111
0000000010110010
0000110000101011
0001010010000001
0000101001100010
0000000111111110
0000011011001000
0000010010001001
0000010010101110
0000101110110000
0000000111100101
0000011101111010
0000101000100010
0000110100110001
0000101010100010
0000000111010010
0000000001111111
0000100100101010
0000010110001111
0000000010000001
0000000010000100
0000000100011010
0000111100001000
0010010101011010
0010001010101110
0001011111100001
0000010110110110
0001001100011000
0000011001011001
0000000000000000
0000000000000000
0000100100000011
0000000110010110
0000000000000000
0000011000111010
0000010001100111
0000101110010101
0000110111101011
0001001001110000
0000000101110100
0000000000000000
0000000000000000
0000000111010111
0000000000000000
0000000000000000
0000000010011011
0000000000000000
0000000000000000
0000000000000000
0000000001111111
0000000101001011
0000000011000110
0000000111010100
0000101001001100
0010001100110011
0010011011100110
0000000110000110
0001011101000000
0001100111111111
0000000100010001
0000010010110010
0000000001111000
0000000001111100
0000011011111110
0000111100000010
0000011001100011
0010000001111011
0010001101111001
0010000111011001
0001101000000111
0000010000001100
0000001111001001
0000010100110000
0000000000000000
0000000000000000
0000000000000000
0000100101010101
0000100010011101
0000000000000000
0000001011001000
0000010110100100
0000100000110100
0001000001010111
0000001110100110
0000000000000000
0000001011110011
0000001101000011
0000001100100101
0000001100011010
0000000000000000
0000000010100000
0000110101000100
0000011011010100
0000000111110010
0000001000111011
0000001111101110
0000000110111100
0000001110110100
0000010110010001
0000011110001100
0000101010010000
0000000101011110
0001010000100010
0001010111111111
0000100001011010
0000011111010111
0000010101100101
0001100010100001
0000011101101010
0000000000000000
0000000000000000
0001001001110001
0000100010001011
0000010101010010
0000000000000000
0000000000101011
0000110011001111
0000110100011101
0001010010011011
0000000000000000
0000000000010110
0000000000000000
0000000000000000
0000000000000000
0000000000000000
0000000000000000
0000000000000000
0000000000000000
0000000000000000
0000000000000000
0000000000000000
0000000000000000
0000000000000000
0000000000000000
0000000000000000
0000000000000000
0000000000000000
0000000000000000
0000000000000000
0000000000000000
0000000000000000
0000000000000000
0000000000000000
0000000000000000
0000000000000000
0000000000000000
0000000100110011
0000010000010001
0000110111000000
0001010000011110
0001010110000000
0000000000110001
0000010110010010
0001101011000101
0000101000001111
0000100011110110
0000000000000000
0000001111110100
0000111000101011
0000101111011101
0000000011101001
0000110001000111
0000100101001110
0000010001111011
0001001010010010
0000001010110110
0000001010101001
0000101100010000
0001000101010010
0000001100110100
0000000000110010
0000000101110011
0000011100100000
0000110111001001
0001000010111110
0000110010001111
0000010110000110
0001000010101000
0001001011100011
0000110110111010
0000001011111001
0000101010010111
0000110010101001
0000011101001001
0000110010010001
0000001000111111
0000101100100011
0000111100100001
0000110011111101
0000101001000000
0000001100010011
0000010010000100
0000111000101001
0000011110001001
0000000110000101
0000001011001110
0000000000100001
0000000000000000
0000010110011011
0000111001100110
0001001000100011
0000000000000000
0000000000000000
0001001100111010
0001001001010000
0000111110001100
0000000000000000
0000000011111001
0001101001011000
0001100010101100
0000100101101011
0000001100000000
0000110001010100
0000100101100000
0001101011101011
0000100001101000
0000000111001100
0000101011111100
0001010101000101
0001010100101001
0000000111001111
0000000101110110
0000001100101100
0000010111111110
0000110001010010
0000100000101111
0000100001010001
0001001100100101
0000101110100001
0000111100111010
0000011011000010
0000100101000001
0001000011011010
0000010001111010
0000000100001110
0000000110010000
0000010111110001
0000010011101110
0000011111010000
0000010000001000
0000010011110101
0000111111000001
0001010100011110
0000101001110100
0000000110110100
0000001010001010
0000000001111100
0000000000000000
0000000000000000
0000000000000000
0000000000000000
0000001101010010
0000000010101010
0000011011100100
0001101001000100
0001010001111101
0000011001110110
0001010011101111
0000011011010010
0000000100001110
0000010001110010
0000000000000000
0000011001001111
0000001010000010
0000001111101101
0000001110010111
0001001001011110
0000110101110110
0001000100011001
0000101110000100
0000000011110011
0000000010011011
0000000000000000
0000000011010110
0000000110101110
0000000000011011
0000000001000011
0000010011110110
0000111100101011
0001001101110100
0001001001011000
0000000111001110
0001100101010111
0001001110100101
0000011101000111
0000100111101000
0000001001100011
0000100111100110
0001011011000011
0000101100001001
0000000000000000
0001001100111101
0000101101010011
0001000100110011
0000011110011101
0000000000011011
0000001111011010
0000100001011010
0001000010111111
0001000110001011
0000100100111011
0000010011101000
0000001000001010
0000000001100111
0000000110101100
0000000001010011
0000000011000000
0000000000000100
0000001010111000
0001001011101011
0000101110100111
0000010010101001
0000110101001101
0000110111100101
0000100100100110
0000001100101000
0000000000000000
0000000001011101
0000000000000000
0000001110001011
0000010001000111
0000000000100000
0000010001111000
0000101001001100
0000111000101111
0000101010001111
0000011100101001
0001100101011011
0000111101101010
0001000100111101
0000111010000011
0000011001001101
0001000011010100
0000101110011101
0000000011110110
0000000000000000
0000011100010100
0000000000000000
0000100011011100
0000001111111010
0000001000010011
0001100111000101
0010000000100010
0000101010001011
0000001011001101
0000000100100111
