00000000000010110110
00000000000010110110
00000000000010110110
00000000000010110110
00000000000010110110
00000000000010110110
00000000000010110101
00000000000010111011
00000000000010110110
00000000000010110101
00000000000010101110
00000000000010101001
00000000000010101010
00000000000010101011
00000000000010101000
00000000000010110000
00000000000010101101
00000000000010101010
00000000000010100000
00000000000010100100
00000000000010110011
00000000000010110111
00000000000010110011
00000000000010110101
00000000000010110011
00000000000010110000
00000000000010111000
00000000000010010111
00000000000010110110
00000000000010110110
00000000000010110110
00000000000010110110
00000000000010110110
00000000000010110110
00000000000010111000
00000000000010110111
00000000000010110001
00000000000010101111
00000000000010101111
00000000000010101011
00000000000010101010
00000000000010101010
00000000000010110000
00000000000010101010
00000000000010101111
00000000000010100010
00000000000010100010
00000000000010100111
00000000000010110000
00000000000010110011
00000000000010110011
00000000000010111001
00000000000010110000
00000000000010110011
00000000000010101110
00000000000010100001
00000000000010110110
00000000000010110110
00000000000010110110
00000000000010110110
00000000000010110110
00000000000010110110
00000000000010110110
00000000000010111001
00000000000011000110
00000000000011001010
00000000000011001000
00000000000011010000
00000000000010111101
00000000000010110000
00000000000010100011
00000000000010100100
00000000000010110111
00000000000011000100
00000000000010111111
00000000000011000001
00000000000010111010
00000000000010111111
00000000000011001001
00000000000011001011
00000000000011011100
00000000000011011010
00000000000010110000
00000000000011001000
00000000000010110110
00000000000010110110
00000000000010110110
00000000000010110110
00000000000010110110
00000000000010110110
00000000000010111000
00000000000010111011
00000000000010110110
00000000000010111100
00000000000011000000
00000000000010111010
00000000000011001000
00000000000011001111
00000000000011001100
00000000000011000110
00000000000011000101
00000000000011001011
00000000000010111111
00000000000010101011
00000000000010011111
00000000000010100100
00000000000010001111
00000000000001101100
00000000000001110000
00000000000010001110
00000000000010011100
00000000000011011101
00000000000010110110
00000000000010110110
00000000000010110110
00000000000010110110
00000000000010110110
00000000000010110110
00000000000010110111
00000000000010111001
00000000000010111100
00000000000011000101
00000000000011011000
00000000000011100100
00000000000011111101
00000000000011100111
00000000000010011110
00000000000001000000
00000000000000001110
00000000000000000000
00000000000000000000
00000000000000000000
00000000000000001011
00000000000000000000
00000000000000000000
00000000000000000000
00000000000000000000
00000000000000000000
00000000000000000000
00000000000010110011
00000000000010110110
00000000000010110110
00000000000010110110
00000000000010110110
00000000000010110110
00000000000010110110
00000000000010111000
00000000000011000000
00000000000011010001
00000000000011101000
00000000000100100011
00000000000101001010
00000000000011110111
00000000000000010111
00000000000000000000
00000000000000000000
00000000000000000000
00000000000000000000
00000000000000000000
00000000000000000000
00000000000000000000
00000000000000000000
00000000000000000000
00000000000000000000
00000000000000000000
00000000000000000000
00000000000000000000
00000000000000110110
00000000000010110110
00000000000010110110
00000000000010110110
00000000000010110110
00000000000010110110
00000000000010110110
00000000000010111000
00000000000010111111
00000000000011101001
00000000000100011100
00000000000011110111
00000000000000000100
00000000000000000000
00000000000000000000
00000000000000000000
00000000000000000000
00000000000000000000
00000000000000000000
00000000000000000000
00000000000000000000
00000000000000000000
00000000000000000000
00000000000000000000
00000000000000000000
00000000000000000000
00000000000000000000
00000000000000000000
00000000000000000000
00000000000010110110
00000000000010110110
00000000000010110110
00000000000010110110
00000000000010110110
00000000000010110110
00000000000010111001
00000000000011000011
00000000000010111100
00000000000010111000
00000000000001010010
00000000000000000000
00000000000000000000
00000000000000000000
00000000000000000000
00000000000000000000
00000000000000000000
00000000000000000000
00000000000000000000
00000000000000000000
00000000000000000000
00000000000000000000
00000000000000000000
00000000000000000000
00000000000000000000
00000000000000000000
00000000000000000000
00000000000000101011
00000000000010110110
00000000000010110110
00000000000010110110
00000000000010110110
00000000000010110110
00000000000010110110
00000000000010110100
00000000000011000101
00000000000011100001
00000000000011100101
00000000000000000001
00000000000000000000
00000000000000000000
00000000000000000000
00000000000000000000
00000000000000000000
00000000001001101000
00000000001110010101
00000000010000101100
00000000010010010111
00000000010100100100
00000000011000001010
00000000011001101000
00000000011010110100
00000000011000110000
00000000010001011110
00000000001000011110
00000000000011110100
00000000000010110110
00000000000010110110
00000000000010110110
00000000000010110110
00000000000010110110
00000000000010110110
00000000000010111011
00000000000011100000
00000000000100101001
00000000000011100001
00000000000001011001
00000000000010010101
00000000001001001011
00000000010100010101
00000000100110011010
00000000110111100100
00000001000100110100
00000001000111101011
00000001001001111001
00000001001001111011
00000001001001111000
00000001001000110110
00000001000110110110
00000000111111111111
00000000110011011101
00000000100100100001
00000000010011001101
00000000000110100110
00000000000010110110
00000000000010110110
00000000000010110110
00000000000010110110
00000000000010110110
00000000000010110110
00000000000011000111
00000000000100001000
00000000000110000000
00000000000111101111
00000000001011100010
00000000010010110111
00000000011101001110
00000000101010110011
00000000110010001011
00000000111001101110
00000000111111001110
00000000111111101111
00000001000000110100
00000001000001110010
00000001000010110000
00000001000010100111
00000001000010100010
00000000111010111101
00000000101110100000
00000000011111000011
00000000001111111000
00000000000110000001
00000000000010110110
00000000000010110110
00000000000010110110
00000000000010110110
00000000000010110110
00000000000010110111
00000000000011010100
00000000000100110010
00000000000110011010
00000000000111101100
00000000001100111010
00000000010100000111
00000000011110011110
00000000100111011100
00000000100011011000
00000000011101010101
00000000010110111111
00000000010100111110
00000000010110000110
00000000011001001010
00000000011101000111
00000000100000001111
00000000100001101000
00000000011111100001
00000000011001000111
00000000001111001110
00000000000111111111
00000000000100010100
00000000000010110110
00000000000010110110
00000000000010110110
00000000000010110110
00000000000010110110
00000000000010110101
00000000000010110001
00000000000100010110
00000000000101110000
00000000000110100011
00000000001101101111
00000000010011110011
00000000011100110011
00000000011100101110
00000000010100010101
00000000000001100001
00000000000000000000
00000000000000000000
00000000000000000000
00000000000011101010
00000000000111010100
00000000001001011000
00000000001001000010
00000000001001011101
00000000001000000110
00000000000101100100
00000000000011101101
00000000000011001111
00000000000010110110
00000000000010110110
00000000000010110110
00000000000010110111
00000000000010110111
00000000000010110110
00000000000011001110
00000000000100001011
00000000000110100000
00000000001110101011
00000000011011101111
00000000100011010000
00000000100110010011
00000000100010111010
00000000010110111111
00000000000001110100
00000000000000000000
00000000000000000000
00000000000000000000
00000000000000000000
00000000000010010110
00000000000011110111
00000000000011001010
00000000000011101000
00000000000011000111
00000000000011011100
00000000000010111101
00000000000010101100
00000000000010110100
00000000000010110100
00000000000010111001
00000000000011100000
00000000000011010101
00000000000001111100
00000000000010010111
00000000000110101010
00000000001101101011
00000000011100010101
00000000101100111111
00000000111010101001
00000000111110010010
00000000111001101110
00000000101101000101
00000000010111000110
00000000000110101110
00000000000000000000
00000000000000000000
00000000000000000000
00000000000001100010
00000000000010110010
00000000000011001101
00000000000010101111
00000000000010100111
00000000000010111011
00000000000011001001
00000000000010110011
00000000000010101111
00000000000010111001
00000000000010110000
00000000000100001111
00000000000011101101
00000000000000000000
00000000000000000000
00000000000100001111
00000000001110100010
00000000100011001101
00000000110110111000
00000001000100111001
00000001001000000001
00000001000111000001
00000000111101111110
00000000101100110010
00000000011100011100
00000000000011110100
00000000000000000000
00000000000000000000
00000000000001001100
00000000000011100011
00000000000011111011
00000000000010110101
00000000000011000001
00000000000011010111
00000000000010111111
00000000000011000001
00000000000010101011
00000000000010110011
00000000000010100011
00000000000011011110
00000000000010001100
00000000000000000000
00000000000000000000
00000000000000000000
00000000000101000101
00000000011000010111
00000000100110010110
00000000101111111011
00000000110011010001
00000000110100101101
00000000110001111010
00000000110000001101
00000000100111011100
00000000010110000001
00000000000110111001
00000000000000000000
00000000000001001001
00000000000011101000
00000000000011100111
00000000000100011100
00000000000100010100
00000000000011110101
00000000000011100011
00000000000011100001
00000000000010111100
00000000000010101011
00000000000010111100
00000000000011010110
00000000000000010101
00000000000000000000
00000000000000000000
00000000000000000000
00000000000000000000
00000000000000000000
00000000001000010010
00000000001100011100
00000000001101001101
00000000010010101001
00000000010011100000
00000000010111111011
00000000011010010101
00000000011010001000
00000000010000000010
00000000000110010101
00000000000011100100
00000000000011100100
00000000000011011001
00000000000011011101
00000000000011010000
00000000000011011010
00000000000011010110
00000000000011010000
00000000000011001100
00000000000011000100
00000000000011111100
00000000000101010100
00000000000011010111
00000000000001010001
00000000000001000011
00000000000000000000
00000000000000000000
00000000000000000000
00000000000000000000
00000000000010010011
00000000000011101100
00000000000111011010
00000000000111011010
00000000001111110010
00000000010101100110
00000000011101000000
00000000010110001110
00000000001100000111
00000000000101010111
00000000000010111110
00000000000011010010
00000000000010111110
00000000000010110110
00000000000010111000
00000000000010111010
00000000000010111001
00000000000011010110
00000000000011100011
00000000000101001010
00000000001001111100
00000000001110001110
00000000010011010001
00000000010100010011
00000000010001011001
00000000000000000000
00000000000000000000
00000000000000000000
00000000000000000000
00000000000000000000
00000000000000000000
00000000000000000111
00000000001101110010
00000000011001000000
00000000100001111101
00000000011100011000
00000000010000011011
00000000000110000110
00000000000010111110
00000000000011010000
00000000000010111101
00000000000010111110
00000000000010110011
00000000000010110110
00000000000010110110
00000000000011001110
00000000000011000010
00000000000101000111
00000000001100101100
00000000010101101010
00000000011110001111
00000000100101110110
00000000100101000111
00000000010001000011
00000000000000000000
00000000000000000000
00000000000000000000
00000000000000000000
00000000000000000000
00000000000001111001
00000000010100100011
00000000100010100010
00000000100111011001
00000000011110010010
00000000001111111100
00000000000101011000
00000000000011001000
00000000000011001001
00000000000011000000
00000000000011000011
00000000000010101110
00000000000010110110
00000000000010110110
00000000000010111000
00000000000010101001
00000000000100001001
00000000001010101101
00000000010110110101
00000000100010010111
00000000101011110110
00000000101111010101
00000000100011000000
00000000001100011011
00000000000000000000
00000000000000000000
00000000000000000000
00000000000000000000
00000000010000100000
00000000100001100100
00000000101011110110
00000000100111010000
00000000011000101000
00000000001010111001
00000000000100010010
00000000000011000010
00000000000010111111
00000000000010110010
00000000000010110110
00000000000010101110
00000000000010110110
00000000000010110110
00000000000010101011
00000000000010111000
00000000000011101100
00000000001000011100
00000000010011011010
00000000100000000011
00000000101101100001
00000000110111011010
00000000110100010101
00000000100101100010
00000000010011010000
00000000001001010110
00000000001110101010
00000000011100111110
00000000101011111011
00000000110001111001
00000000101101101001
00000000011111000010
00000000001110111011
00000000000101011100
00000000000011011011
00000000000010111110
00000000000010111011
00000000000010011111
00000000000010110011
00000000000010110010
00000000000010110110
00000000000010110110
00000000000010101011
00000000000011000011
00000000000011000110
00000000000011111100
00000000001000111011
00000000010011111001
00000000100001011110
00000000101110111100
00000000111110011110
00000001000101101111
00000001000100110110
00000001000010010010
00000001000011001000
00000001000010111100
00000000111010011001
00000000101101111001
00000000011110110000
00000000001110011000
00000000000101100100
00000000000011010011
00000000000010101001
00000000000010111011
00000000000010111000
00000000000010110010
00000000000010111111
00000000000010111111
00000000000010110110
00000000000010110110
00000000000011101000
00000000000011110011
00000000000100001100
00000000000100011100
00000000000100110001
00000000001000000110
00000000010000111010
00000000011100110000
00000000101010110001
00000000111010011001
00000001000101010101
00000001000110101000
00000001000010100010
00000000111000101001
00000000101010010101
00000000011010110010
00000000001101011001
00000000000101111001
00000000000011111000
00000000000011100001
00000000000010110110
00000000000011010011
00000000000011001010
00000000000011001101
00000000000011000101
00000000000011000000
00000000000010110110
00000000000010110110
00000000000011001011
00000000000011010111
00000000000011100001
00000000000011100110
00000000000011100010
00000000000011111011
00000000000110110100
00000000001101000011
00000000010101011101
00000000011111100111
00000000101001011000
00000000101100011101
00000000101000000000
00000000011111100101
00000000010101001111
00000000001010110101
00000000000100111100
00000000000011100011
00000000000011010110
00000000000011011001
00000000000011011100
00000000000011011111
00000000000011101011
00000000000011101001
00000000000011000000
00000000000010111011
00000000000010110110
00000000000010110110
00000000000010110110
00000000000010110110
00000000000010110110
00000000000010110110
00000000000010110110
00000000000010110110
00000000000011010001
00000000000100101001
00000000000110101001
00000000001001000110
00000000001011101011
00000000001100101111
00000000001011011010
00000000001001001101
00000000000110101001
00000000000100000011
00000000000010111101
00000000000011000000
00000000000010111111
00000000000010111101
00000000000011000010
00000000000011000000
00000000000011000101
00000000000011000100
00000000000010110110
00000000000010110110
00000000000010110110
00000000000010110110
00000000000010110110
00000000000010110110
00000000000010110110
00000000000010110110
00000000000010110110
00000000000010110110
00000000000010110110
00000000000010110110
00000000000010110111
00000000000010110101
00000000000010111001
00000000000010111001
00000000000010111001
00000000000010111011
00000000000010111011
00000000000010110110
00000000000010110110
00000000000010110110
00000000000010110110
00000000000010110110
00000000000010110110
00000000000010110110
00000000000010110110
00000000000010110110
00000000000010110110
00000000000010110110
00000000000010110110
00000000000010110110
00000000000010101010
00000000000010101010
00000000000010101010
00000000000010101010
00000000000010101010
00000000000010101010
00000000000010101111
00000000000011001101
00000000000011110011
00000000000100001011
00000000000100010010
00000000000011110111
00000000000011010111
00000000000011001110
00000000000011111000
00000000000100100001
00000000000100111011
00000000000100101001
00000000000011111011
00000000000011001111
00000000000010111100
00000000000011010110
00000000000011101010
00000000000011111011
00000000000011111010
00000000000100101010
00000000000100010011
00000000000100001011
00000000000010101010
00000000000010101010
00000000000010101010
00000000000010101010
00000000000010101010
00000000000010101010
00000000000010110110
00000000000011011101
00000000000011111111
00000000000100101001
00000000000100110101
00000000000100011000
00000000000011110111
00000000000011110100
00000000000100101101
00000000000101101001
00000000000101111000
00000000000101010101
00000000000100001100
00000000000011001111
00000000000010111001
00000000000011010101
00000000000011100000
00000000000011110110
00000000000011100111
00000000000101011000
00000000000101010011
00000000000101000111
00000000000010101010
00000000000010101010
00000000000010101010
00000000000010101010
00000000000010101010
00000000000010101010
00000000000010111010
00000000000011011100
00000000000100010000
00000000000100111110
00000000000101100011
00000000000101001010
00000000000100100001
00000000000100010110
00000000000101001100
00000000000101101100
00000000000101111100
00000000000101010000
00000000000100010100
00000000000011101111
00000000000011001010
00000000000011010101
00000000000011100101
00000000000011110100
00000000000011110111
00000000000101111011
00000000000101100011
00000000000101011101
00000000000010101010
00000000000010101010
00000000000010101010
00000000000010101010
00000000000010101010
00000000000010101010
00000000000010111010
00000000000011100100
00000000000100001101
00000000000100101101
00000000000101000110
00000000000101010011
00000000000101011010
00000000000101111100
00000000000110101110
00000000000111101000
00000000000111101010
00000000000110111011
00000000000101110110
00000000000101100001
00000000000101110010
00000000000110101110
00000000000111001010
00000000000110011110
00000000000101010001
00000000000101110101
00000000000100111000
00000000000100101001
00000000000010101010
00000000000010101010
00000000000010101010
00000000000010101010
00000000000010101010
00000000000010101010
00000000000010111010
00000000000011100000
00000000000011111101
00000000000100001010
00000000000100110111
00000000000110100111
00000000001010001101
00000000001110101010
00000000010010100111
00000000010101010101
00000000010110000011
00000000010101010100
00000000010100111001
00000000010110010101
00000000011010011011
00000000100000000101
00000000100001010001
00000000011011001100
00000000010001101000
00000000001001011010
00000000000100011011
00000000000011101110
00000000000010101010
00000000000010101010
00000000000010101010
00000000000010101010
00000000000010101010
00000000000010101010
00000000000010110100
00000000000011011010
00000000000100000100
00000000000101101100
00000000001010111001
00000000010110011010
00000000100111011111
00000000111001001010
00000001000110100111
00000001001101111111
00000001010000110001
00000001010001001010
00000001010001000111
00000001010011101111
00000001011011100010
00000001100110010001
00000001100111001110
00000001010101000100
00000000111000101010
00000000011100011101
00000000001001101100
00000000000011110010
00000000000010101010
00000000000010101010
00000000000010101010
00000000000010101010
00000000000010101010
00000000000010101010
00000000000010101100
00000000000011101100
00000000000111001100
00000000010000111110
00000000100011111100
00000001000010101011
00000001101001110111
00000010001101101011
00000010100110000100
00000010110011000010
00000010110111001010
00000010110110110111
00000010110111101110
00000010111100111110
00000011001000110100
00000011010110000011
00000011001110100111
00000010100101010010
00000001101011111001
00000000110101101011
00000000010011001100
00000000000101101111
00000000000010101010
00000000000010101010
00000000000010101010
00000000000010101010
00000000000010101010
00000000000010101010
00000000000010110100
00000000000100111101
00000000001110010111
00000000100111010101
00000001010011111111
00000010010000000100
00000011001101010101
00000011110110110010
00000100001000101010
00000100001000011111
00000100000011011110
00000011111111001010
00000100000000100000
00000100000111100000
00000100010101110101
00000100011111111100
00000100001110001110
00000011010000010100
00000010000000110001
00000000111101100011
00000000010101001100
00000000000110101100
00000000000010101010
00000000000010101010
00000000000010101010
00000000000010101010
00000000000010101010
00000000000010101010
00000000000011000010
00000000000111000101
00000000011010001010
00000001001001011110
00000010010010110001
00000011100000101011
00000100011000110011
00000100101100000001
00000100011111000110
00000100000101110000
00000011110011111000
00000011101000011110
00000011101000001000
00000011101111111100
00000011111111101011
00000100001001000011
00000011110101100110
00000010110111011000
00000001101011000000
00000000101011110100
00000000001100100100
00000000000101011001
00000000000010101010
00000000000010101010
00000000000010101010
00000000000010101010
00000000000010101010
00000000000010101010
00000000000011011100
00000000001011010001
00000000101011010100
00000001101110110000
00000011001000111100
00000100010011001000
00000100101110110011
00000100011010111001
00000011101010101100
00000010111010101101
00000010011101011100
00000010010001111010
00000010010010111001
00000010011011100001
00000010101011100100
00000010110001000001
00000010011111001000
00000001110010011000
00000000111110000000
00000000010110011000
00000000000011111111
00000000000011010110
00000000000010101010
00000000000010101010
00000000000010101010
00000000000010101010
00000000000010101010
00000000000010101010
00000000000100101100
00000000010100010011
00000001000011010000
00000010010101110000
00000011110101110011
00000100110000000111
00000100100111100101
00000011101011100001
00000010011110110000
00000001100011101110
00000001000101101110
00000000111100110111
00000000111111001110
00000001000111100001
00000001010011010100
00000001010111001011
00000001001100000111
00000000110011000100
00000000011001101101
00000000001000110011
00000000000010011001
00000000000011000011
00000000000010101010
00000000000010101010
00000000000010101010
00000000000010101010
00000000000010101010
00000000000010101101
00000000000111110101
00000000100100111011
00000001100101100011
00000011000011000111
00000100011101100011
00000101000101000101
00000100101000010010
00000011100001001000
00000010001101010001
00000001001101100011
00000000101000011000
00000000010110110100
00000000010100011110
00000000011000010011
00000000011101111001
00000000100000010111
00000000011100010100
00000000010010101101
00000000001000011000
00000000000100000110
00000000000011010010
00000000000011101010
00000000000010101010
00000000000010101010
00000000000010101010
00000000000010101010
00000000000010101010
00000000000010101111
00000000001011101110
00000000111000110110
00000010001001111010
00000011101000100011
00000100110011111110
00000101001100010101
00000100110010001101
00000011111011010011
00000010111001100100
00000001111010000111
00000001000111000001
00000000100010001011
00000000001110110111
00000000001001101111
00000000001010110011
00000000001010101110
00000000001010001101
00000000000111111111
00000000000100100110
00000000000100011101
00000000000011111001
00000000000011101001
00000000000010101010
00000000000010101010
00000000000010101010
00000000000010101101
00000000000010110000
00000000000010111000
00000000001110101101
00000001000011101110
00000010010100101111
00000011100101110111
00000100011001110000
00000100100110010110
00000100011000101011
00000100000100111001
00000011100110010011
00000010110110101111
00000001111111000001
00000001000101000101
00000000011110110101
00000000001011111001
00000000000111010111
00000000000110110000
00000000000110101000
00000000000110100110
00000000000101110100
00000000000101010110
00000000000100010011
00000000000011110101
00000000000010111001
00000000000010110111
00000000000011001111
00000000000101101000
00000000000111101100
00000000000111011101
00000000010001100001
00000000111101110110
00000001111011110111
00000010110001100000
00000011000111101100
00000011001010000011
00000011001001001001
00000011100000110010
00000011110000100001
00000011100000110100
00000010101001011000
00000001100111010001
00000000110000000100
00000000010000011000
00000000001000011011
00000000000110101000
00000000000110110100
00000000000111000011
00000000000101101010
00000000000101011101
00000000000100011111
00000000000011111010
00000000000011110000
00000000000011101010
00000000000110000110
00000000010001011110
00000000011101011001
00000000011110110010
00000000100001000000
00000000110010100100
00000001001101000111
00000001100100111000
00000001101000110101
00000001100010111110
00000001101011011011
00000010100101110111
00000011100011001010
00000011110100100010
00000011001011000001
00000001111110011001
00000000111010100110
00000000010100101000
00000000001000100110
00000000000110110000
00000000000110000010
00000000000101100001
00000000000100101111
00000000000100101001
00000000000100000000
00000000000011100001
00000000000100101111
00000000000100110000
00000000001011000111
00000000100111101110
00000001001001001110
00000001010100100001
00000001001100100011
00000000111011101000
00000000101111101011
00000000101100001010
00000000101010001000
00000000100010011111
00000000101110000011
00000001111011100101
00000011010110001111
00000100000111001110
00000011100010110101
00000010001111110011
00000000111101111010
00000000010011010110
00000000000111100000
00000000000101110011
00000000000101001110
00000000000100101010
00000000000011001100
00000000000100000100
00000000000011011010
00000000000011010000
00000000000101010110
00000000000101001111
00000000010000100001
00000001000010100100
00000010000000011011
00000010011100101000
00000010001101101001
00000001100000111000
00000000110010101010
00000000010111100100
00000000001110010100
00000000001011101000
00000000100001101100
00000001110100010001
00000011010100100011
00000100001101001100
00000011101011111101
00000010010010001100
00000000111101000011
00000000010000110100
00000000000110000100
00000000000100101010
00000000000100010001
00000000000011011000
00000000000010111100
00000000000010111101
00000000000011000110
00000000000010111111
00000000000101000000
00000000000100111010
00000000010011010100
00000001010011110001
00000010101000111011
00000011011100000011
00000011010001110111
00000010010110010001
00000001010011110001
00000000100111100100
00000000010011101100
00000000010111100001
00000000111110111000
00000010010100011111
00000011101010110100
00000100001101101100
00000011011111001110
00000010000001100101
00000000110001011111
00000000001011010001
00000000000100110100
00000000000100010001
00000000000011111010
00000000000011000111
00000000000010101110
00000000000010101100
00000000000010101110
00000000000010101101
00000000000100000001
00000000000100010011
00000000010001101001
00000001001111001110
00000010101011100101
00000011110111000010
00000100000001011001
00000011010010110001
00000010010001010010
00000001100001011100
00000001001011010001
00000001001111000100
00000010000000101010
00000011001011000110
00000100000010010011
00000011111111100101
00000010111011100100
00000001100001100010
00000000011111110001
00000000000100111010
00000000000011011110
00000000000100010000
00000000000011101001
00000000000011000000
00000000000010101011
00000000000010101000
00000000000010101010
00000000000010101010
00000000000100000011
00000000000100100001
00000000001101110000
00000000111001111010
00000010001001010010
00000011011100011110
00000100000110011000
00000011111100011110
00000011010100001011
00000010110110010100
00000010101010011100
00000010110101000100
00000011011111000111
00000100000011011011
00000100000110110010
00000011010100001011
00000010000011111000
00000000111000010010
00000000001101010011
00000000000001010000
00000000000010101101
00000000000011111101
00000000000011011011
00000000000011001000
00000000000010101111
00000000000010101110
00000000000010101010
00000000000010101010
00000000000100110111
00000000000101110000
00000000001001111010
00000000100000101011
00000001010101111100
00000010011101101110
00000011011101000000
00000011110111110010
00000011111100001110
00000011111000010001
00000100000010110000
00000100001100011001
00000100010110110001
00000100000110000110
00000011010011101110
00000010001101000110
00000001000100110100
00000000010101111010
00000000000011000000
00000000000001111000
00000000000011010010
00000000000100001010
00000000000100000010
00000000000011001101
00000000000011000001
00000000000010110001
00000000000010101010
00000000000010101010
00000000000101101111
00000000000110011101
00000000000111010110
00000000001110100001
00000000101001010011
00000001011000010010
00000010010101110010
00000011001001011111
00000011100110001000
00000011111010001010
00000100000110001101
00000100000110111110
00000011110011111100
00000011000010101101
00000010000011011001
00000001000100101011
00000000011000101000
00000000000101011101
00000000000000110100
00000000000011010110
00000000000100011111
00000000000100110110
00000000000100011110
00000000000011110011
00000000000011000000
00000000000010101111
00000000000010101010
00000000000010101010
00000000000101001010
00000000000101110110
00000000000101001111
00000000000101101101
00000000001101100010
00000000100011000011
00000001001101001111
00000001111101110111
00000010100101000100
00000010111010000100
00000011000101000001
00000010111010001111
00000010011000100111
00000001100111101010
00000000110110110010
00000000010101101110
00000000000100010111
00000000000001011101
00000000000010010100
00000000000100010011
00000000000100110000
00000000000101000101
00000000000100011100
00000000000011011111
00000000000010111000
00000000000010100110
00000000000010101010
00000000000010101010
00000000000100001010
00000000000100011110
00000000000100010010
00000000000011010100
00000000000100011011
00000000001001111010
00000000011100001010
00000000110111111000
00000001010011000001
00000001100100011100
00000001100110010110
00000001011010000111
00000001000001111101
00000000100101011010
00000000001110100101
00000000000011011000
00000000000001100101
00000000000010101010
00000000000010110111
00000000000100000011
00000000000100000000
00000000000100011100
00000000000011011100
00000000000010111010
00000000000010101110
00000000000010100101
00000000000010101010
00000000000010101010
00000000000010111111
00000000000011001000
00000000000011001011
00000000000010111010
00000000000010110010
00000000000011011001
00000000000111111101
00000000010001010001
00000000011100000000
00000000100100100110
00000000100110001011
00000000011111101001
00000000010100110100
00000000001001111001
00000000000010010000
00000000000000111010
00000000000010100010
00000000000010111000
00000000000010101001
00000000000011010011
00000000000011011010
00000000000011011110
00000000000011001100
00000000000010011001
00000000000010101010
00000000000010100111
00000000000010101010
00000000000010101010
00000000000010101010
00000000000010101010
00000000000010101010
00000000000010101010
00000000000010101010
00000000000010101010
00000000000011000111
00000000000100011111
00000000000110011100
00000000001000010001
00000000001001000000
00000000000111100111
00000000000101011100
00000000000011010101
00000000000010000000
00000000000010001011
00000000000010101111
00000000000010110000
00000000000010100101
00000000000010110001
00000000000010110101
00000000000010110010
00000000000010110011
00000000000010100010
00000000000010101010
00000000000010101010
00000000000010101010
00000000000010101010
00000000000010101010
00000000000010101010
00000000000010101010
00000000000010101010
00000000000010101010
00000000000010101010
00000000000010101010
00000000000010101010
00000000000010110010
00000000000010110100
00000000000010110100
00000000000010110100
00000000000010101110
00000000000010101101
00000000000010100111
00000000000010101010
00000000000010101010
00000000000010101010
00000000000010101010
00000000000010101010
00000000000010101010
00000000000010101010
00000000000010101010
00000000000010101010
00000000000010101010
00000000000010101010
00000000000010101010
00000000000010101010
00000000000010001011
00000000000010001011
00000000000010001011
00000000000010001011
00000000000010001011
00000000000010001011
00000000000010001011
00000000000010100010
00000000000010110011
00000000000011000101
00000000000011011101
00000000000011111110
00000000000011110111
00000000000011010001
00000000000010110100
00000000000011010001
00000000000100100001
00000000000100111110
00000000000100100101
00000000000011011100
00000000000010111000
00000000000010111001
00000000000010110100
00000000000011001111
00000000000011011001
00000000000011010101
00000000000011110011
00000000000100000011
00000000000010001011
00000000000010001011
00000000000010001011
00000000000010001011
00000000000010001011
00000000000010001011
00000000000010010000
00000000000010011110
00000000000010111101
00000000000011101101
00000000000100100100
00000000000100111101
00000000000100011110
00000000000011111001
00000000000100000011
00000000000100001100
00000000000101001010
00000000000101101001
00000000000101100010
00000000000100010100
00000000000011001100
00000000000010111000
00000000000010110101
00000000000011010011
00000000000011100000
00000000000100001111
00000000000100101100
00000000000101100010
00000000000010001011
00000000000010001011
00000000000010001011
00000000000010001011
00000000000010001011
00000000000010001011
00000000000010001111
00000000000010011110
00000000000011010010
00000000000100100010
00000000000101010001
00000000000101001100
00000000000100110000
00000000000100101100
00000000000101001010
00000000000101011010
00000000000101101110
00000000000110011000
00000000000101110101
00000000000100100000
00000000000011010001
00000000000010110010
00000000000011001010
00000000000011101000
00000000000011111110
00000000000101011110
00000000000101000000
00000000000101110100
00000000000010001011
00000000000010001011
00000000000010001011
00000000000010001011
00000000000010001011
00000000000010001011
00000000000010010010
00000000000010110010
00000000000011011011
00000000000100000010
00000000000100101010
00000000000100111000
00000000000101001110
00000000000101010011
00000000000101110101
00000000000110101110
00000000000111111001
00000000001000011001
00000000000111100000
00000000000110010110
00000000000101100010
00000000000101001111
00000000000110000001
00000000000111011000
00000000001000000100
00000000001000111101
00000000000110110000
00000000000101101000
00000000000010001011
00000000000010001011
00000000000010001011
00000000000010001011
00000000000010001011
00000000000010001011
00000000000010010111
00000000000010101011
00000000000011001010
00000000000011101000
00000000000100100010
00000000000100110111
00000000000100101101
00000000000110001101
00000000001010111101
00000000010001101001
00000000010111011101
00000000011001010110
00000000011000111111
00000000010111110101
00000000010111000100
00000000011001000011
00000000011111110110
00000000101000010011
00000000101010000010
00000000100010001100
00000000010010011111
00000000000110111001
00000000000010001011
00000000000010001011
00000000000010001011
00000000000010001011
00000000000010001011
00000000000010001011
00000000000010010010
00000000000010011001
00000000000010110111
00000000000011010000
00000000000011011000
00000000000100011110
00000000001010101000
00000000011100010110
00000000110110101001
00000001001111110111
00000001011100101111
00000001011111011111
00000001011111011001
00000001011111101101
00000001100010001000
00000001101010111101
00000001111001000000
00000010000001101001
00000001110101110001
00000001010101010011
00000000101010110010
00000000001011011001
00000000000010001011
00000000000010001011
00000000000010001011
00000000000010001011
00000000000010001011
00000000000010001011
00000000000010001100
00000000000010010100
00000000000010001010
00000000000010001110
00000000000110011110
00000000011000101001
00000001000000100011
00000001111000000011
00000010101001011111
00000011001001001001
00000011010101100011
00000011010101101000
00000011010011101101
00000011010110101100
00000011011101101101
00000011101000100010
00000011110010111111
00000011101110110110
00000011001101000011
00000010001100000100
00000001000010011110
00000000010000100011
00000000000010001011
00000000000010001011
00000000000010001011
00000000000010001011
00000000000010001011
00000000000010001011
00000000000010000111
00000000000010011100
00000000000010011111
00000000001001001010
00000000100011001001
00000001011011010010
00000010101001000101
00000011110110001111
00000100101100100001
00000101000011000011
00000101000001011110
00000100110100111010
00000100101100101011
00000100101101101010
00000100110111101011
00000101000110101100
00000101001110000111
00000100110110110110
00000011111011100111
00000010100001111011
00000001001011101100
00000000010011110100
00000000000010001011
00000000000010001011
00000000000010001011
00000000000010001011
00000000000010001011
00000000000010001011
00000000000010000111
00000000000010111000
00000000001000011100
00000000011110100111
00000001010011000000
00000010101010000101
00000100010011000010
00000101100100100100
00000110000110001110
00000101110101101111
00000101010101011110
00000100111100001000
00000100110001010110
00000100110001001111
00000100111101011001
00000101001101111100
00000101010010101110
00000100110000111010
00000011101010110100
00000010010000010011
00000001000001010101
00000000010010011111
00000000000010001011
00000000000010001011
00000000000010001011
00000000000010001011
00000000000010001011
00000000000010001011
00000000000010011000
00000000000011101011
00000000010000011000
00000000110111110101
00000010000101100011
00000011110010100111
00000101011110011110
00000110010101001000
00000110000101111000
00000101001001000101
00000100010001000110
00000011110001000101
00000011100101110111
00000011101000001001
00000011110101001100
00000011111110010110
00000011111100000110
00000011011111000100
00000010101000110111
00000001100011110000
00000000101011010110
00000000001101000111
00000000000010001011
00000000000010001011
00000000000010001011
00000000000010001011
00000000000010001011
00000000000010001011
00000000000010001111
00000000000100101000
00000000011001010010
00000001010011111000
00000010111001111101
00000100110001010101
00000110000000101100
00000110001001011000
00000101001010111111
00000011110001111011
00000010100111110111
00000010000000011100
00000001110001000110
00000001110011101010
00000010000000000101
00000010000111101110
00000010000111101001
00000001110111000000
00000001011000010111
00000000110001100000
00000000010101100000
00000000001000000000
00000000000010001011
00000000000010001011
00000000000010001011
00000000000010001011
00000000000010001011
00000000000010001010
00000000000001110011
00000000001000101010
00000000101100110100
00000001111100100010
00000011110001010101
00000101011110000110
00000110001111010011
00000101111010011011
00000100101111001111
00000011001111001110
00000001111101010110
00000001001001111000
00000000101011110110
00000000100101100010
00000000101011101010
00000000110010110100
00000000110100011001
00000000101100101010
00000000100000001101
00000000010010000110
00000000001001011111
00000000000101101101
00000000000010001011
00000000000010001011
00000000000010001011
00000000000010001011
00000000000010001011
00000000000010001011
00000000000011101100
00000000010100101110
00000001001011001001
00000010101010100100
00000100100001111011
00000110000000110000
00000110011011001001
00000101110001101101
00000100101111100010
00000011100110010001
00000010100000110001
00000001100100001100
00000000110011100001
00000000010111000111
00000000001110011100
00000000001110110011
00000000001110100100
00000000001101000011
00000000001010101011
00000000000111110000
00000000000101110001
00000000000100101001
00000000000010001011
00000000000010001011
00000000000010001011
00000000000010001010
00000000000010001011
00000000000010010100
00000000001000010010
00000000100100100000
00000001100010100101
00000011000010110110
00000100101000111101
00000101110001010001
00000101111000111100
00000101010111001111
00000100101110111100
00000100001010001100
00000011011110100110
00000010100101011111
00000001011110101110
00000000100101010101
00000000001100100110
00000000000111110010
00000000001000011001
00000000000111100001
00000000000111010001
00000000000110011100
00000000000101010010
00000000000100010001
00000000000010001101
00000000000010011110
00000000000010010101
00000000000001101011
00000000000010100000
00000000000100111100
00000000001111101110
00000000110010011001
00000001100101001010
00000010101000001111
00000011101011100010
00000100011110100101
00000100100100111101
00000100010110110011
00000100010010011110
00000100010110110100
00000100001111010011
00000011100101101000
00000010010010001011
00000000111101110001
00000000010001001011
00000000000111011001
00000000001000000010
00000000000111011011
00000000000111001101
00000000000101010101
00000000000101010011
00000000000100110111
00000000000010100110
00000000000011001111
00000000000010101111
00000000000001100111
00000000001000010000
00000000010110001110
00000000101001010010
00000001000110101000
00000001011011101110
00000001110010111111
00000010010010100001
00000010101000101101
00000010101100111111
00000010111100010000
00000011100010001001
00000100010000111111
00000100101000001010
00000100010101101010
00000010111010001001
00000001010100010100
00000000010101100000
00000000000111110000
00000000000111011000
00000000000111001101
00000000000110010111
00000000000101011000
00000000000100011000
00000000000100000111
00000000000011011110
00000000000100001010
00000000000100110111
00000000001000001101
00000000011101001011
00000000111111100001
00000001100010000001
00000001110001011111
00000001100001000100
00000001001000111101
00000001000100110001
00000001000011111001
00000001000010101110
00000001100110000001
00000010101010010010
00000100000010101110
00000100111001111000
00000100110101100100
00000011010010010111
00000001011111100111
00000000010110001110
00000000000110100111
00000000000110010001
00000000000110010101
00000000000101001011
00000000000100011011
00000000000011110000
00000000000011100000
00000000000100010110
00000000000100101000
00000000001000100101
00000000011001101000
00000001000001001010
00000001110100110000
00000010101010001101
00000010110110100101
00000010001001011001
00000001000011111100
00000000011110101000
00000000010011100101
00000000010010001001
00000000111101101111
00000010010011011101
00000100000001111100
00000101000110111101
00000100111011011101
00000011010001000100
00000001011100011010
00000000010101010001
00000000000101010101
00000000000101001111
00000000000100100111
00000000000011100010
00000000000010101001
00000000000010110110
00000000000010111000
00000000000100010000
00000000000100100110
00000000001011111001
00000000101100000000
00000001100100110110
00000010101010000001
00000011101000000011
00000011111101101001
00000011001000010001
00000001110001110000
00000000110001111000
00000000010110001111
00000000011010001100
00000001010101101101
00000010111101011000
00000100101000111000
00000101010110010110
00000100101001001100
00000010110101110010
00000001001010011100
00000000010001011000
00000000000101000101
00000000000100100001
00000000000011101111
00000000000010111101
00000000000010001100
00000000000010010000
00000000000010010001
00000000000011011011
00000000000011111100
00000000001100100111
00000000110010100110
00000001110100100011
00000011001000000000
00000100001000111011
00000100101010010100
00000100000101100110
00000010111000100010
00000001101110010111
00000001010001101011
00000001101010111110
00000010110100010100
00000100010001101011
00000101001110010101
00000101001010000110
00000011110110000110
00000010000111000010
00000000110010101010
00000000001011110011
00000000000100100110
00000000000011110001
00000000000011100001
00000000000010110110
00000000000010011000
00000000000010001011
00000000000010001011
00000000000010110101
00000000000011100001
00000000001010111011
00000000101011010000
00000001101000000101
00000010111000000101
00000100000001110011
00000100101110010110
00000100101011000100
00000100000100000011
00000011011101101010
00000011010000000100
00000011101100110111
00000100100000111010
00000101001100011010
00000101000110100001
00000100001111011011
00000010101110111110
00000001010100111101
00000000011100011011
00000000000110110111
00000000000100001011
00000000000011100001
00000000000011100111
00000000000010111101
00000000000010100101
00000000000010001011
00000000000010001011
00000000000011010100
00000000000100111010
00000000001000101001
00000000011010111001
00000001001001100110
00000010001101101011
00000011010100101110
00000100001101110100
00000100101111110011
00000100111001101110
00000100111000100001
00000100111100100101
00000101001110001101
00000101010111110010
00000101000110111000
00000100001100000110
00000010111100111001
00000001100111001111
00000000101010100101
00000000001100111000
00000000000100100111
00000000000011111100
00000000000100001101
00000000000100011100
00000000000011000010
00000000000010110011
00000000000010001011
00000000000010001011
00000000000011111000
00000000000101011111
00000000000110110110
00000000001101010001
00000000100100010111
00000001010011110100
00000010010011100000
00000011010100011101
00000100001101000010
00000100110100100101
00000101001110111011
00000101010111011100
00000101010010100100
00000100110110111101
00000100000001110011
00000010110101111000
00000001101001011100
00000000101111000100
00000000010001000011
00000000000110000000
00000000000100001111
00000000000100101101
00000000000100110101
00000000000100110000
00000000000011000001
00000000000010110001
00000000000010001011
00000000000010001011
00000000000100010100
00000000000101010100
00000000000101110001
00000000000110100101
00000000001011011110
00000000011111100001
00000001001011010011
00000010000010010110
00000010111100011001
00000011101100110100
00000100010000001010
00000100010111110011
00000100000011111010
00000011011010011001
00000010011111010011
00000001011101101011
00000000101010100100
00000000001111110001
00000000000110100000
00000000000100011110
00000000000011110010
00000000000100101110
00000000000100100010
00000000000100110111
00000000000010111010
00000000000010100101
00000000000010001011
00000000000010001011
00000000000011101111
00000000000100100101
00000000000100110111
00000000000100100100
00000000000100100110
00000000001000011110
00000000011000110011
00000000110111110010
00000001011101111101
00000010000010000011
00000010011011001110
00000010011110110001
00000010001101110001
00000001101101110101
00000001000110101000
00000000100010001011
00000000001100110111
00000000000101110001
00000000000100000011
00000000000011111101
00000000000011100111
00000000000100010000
00000000000100000101
00000000000100000001
00000000000010100101
00000000000010010110
00000000000010001011
00000000000010001011
00000000000010011110
00000000000010110011
00000000000011000010
00000000000010111110
00000000000010101110
00000000000010111000
00000000000110000011
00000000001111101001
00000000011110101110
00000000101111001111
00000000111011111011
00000000111110101110
00000000110110010011
00000000100110100000
00000000010101110110
00000000001001001101
00000000000100000000
00000000000011000110
00000000000010110001
00000000000010110000
00000000000011001100
00000000000011011101
00000000000011011010
00000000000010111110
00000000000010010011
00000000000010001110
00000000000010001011
00000000000010001011
00000000000010001011
00000000000010001011
00000000000010001011
00000000000010001011
00000000000010001011
00000000000010001011
00000000000010010111
00000000000011100100
00000000000110001010
00000000001001100001
00000000001100011001
00000000001101010000
00000000001011011111
00000000001000000110
00000000000100111100
00000000000010111011
00000000000010010111
00000000000010010110
00000000000010010000
00000000000010001110
00000000000010011010
00000000000010011100
00000000000010011011
00000000000010010011
00000000000010001011
00000000000010001011
00000000000010001011
00000000000010001011
00000000000010001011
00000000000010001011
00000000000010001011
00000000000010001011
00000000000010001011
00000000000010001011
00000000000010001011
00000000000010001011
00000000000010010001
00000000000010010000
00000000000010010110
00000000000010010111
00000000000010011011
00000000000010010000
00000000000010001110
00000000000010001011
00000000000010001011
00000000000010001011
00000000000010001011
00000000000010001011
00000000000010001011
00000000000010001011
00000000000010001011
00000000000010001011
00000000000010001011
00000000000010001011
00000000000010001011
00000000000010001011
00000000000010001011
00000000000010001011
00000000000010001011
00000000000010001011
00000000000010001011
00000000000010001011
00000000000010001101
00000000000010011010
00000000000010010001
00000000000010010010
00000000000010001101
00000000000010000001
00000000000001111101
00000000000010001001
00000000000010100000
00000000000010100010
00000000000010000001
00000000000001111101
00000000000001111000
00000000000001111111
00000000000010001000
00000000000010010110
00000000000010000111
00000000000010001001
00000000000010000111
00000000000010100111
00000000000010001111
00000000000010001001
00000000000010001011
00000000000010001011
00000000000010001011
00000000000010001011
00000000000010001011
00000000000010001011
00000000000010010010
00000000000010010001
00000000000010010010
00000000000010011100
00000000000010011100
00000000000010000101
00000000000010001011
00000000000010010001
00000000000010100100
00000000000010001010
00000000000001111100
00000000000001111011
00000000000010000001
00000000000010000010
00000000000010001011
00000000000010001101
00000000000010001001
00000000000010011010
00000000000010010101
00000000000011010000
00000000000010001000
00000000000001110110
00000000000010001011
00000000000010001011
00000000000010001011
00000000000010001011
00000000000010001011
00000000000010001011
00000000000010010000
00000000000010010110
00000000000010010010
00000000000010000000
00000000000001111111
00000000000010001001
00000000000010010001
00000000000010011101
00000000000010000001
00000000000001111010
00000000000010001110
00000000000010010011
00000000000010010011
00000000000010001100
00000000000010001010
00000000000010001110
00000000000001111110
00000000000001111111
00000000000001111101
00000000000010100101
00000000000001101010
00000000000001111001
00000000000010001011
00000000000010001011
00000000000010001011
00000000000010001011
00000000000010001011
00000000000010001011
00000000000010010001
00000000000010010100
00000000000010000111
00000000000001111111
00000000000010001001
00000000000010011010
00000000000010100110
00000000000010101111
00000000000010100111
00000000000010010101
00000000000001111000
00000000000010000100
00000000000010001000
00000000000010100001
00000000000010101001
00000000000011001010
00000000000010110000
00000000000001101111
00000000000001000011
00000000000001000011
00000000000000111001
00000000000010000001
00000000000010001011
00000000000010001011
00000000000010001011
00000000000010001011
00000000000010001011
00000000000010001011
00000000000010001110
00000000000010001110
00000000000010000011
00000000000010001011
00000000000010100011
00000000000011010101
00000000000100110011
00000000000110000000
00000000000110000100
00000000000100011000
00000000000011000000
00000000000010100101
00000000000011000100
00000000000100001011
00000000000110000100
00000000000111010100
00000000000100100100
00000000000000000000
00000000000000000000
00000000000000000000
00000000000000000000
00000000000001100110
00000000000010001011
00000000000010001011
00000000000010001011
00000000000010001011
00000000000010001011
00000000000010001011
00000000000010001011
00000000000010010101
00000000000010010110
00000000000011010011
00000000000101110011
00000000001010101011
00000000001111010110
00000000010000001001
00000000001011011011
00000000000101110101
00000000000100001011
00000000000011100100
00000000000011110000
00000000000100110101
00000000000110111111
00000000000110111100
00000000000000011111
00000000000000000000
00000000000000000000
00000000000000000000
00000000000000000000
00000000000000100100
00000000000010001011
00000000000010001011
00000000000010001011
00000000000010001011
00000000000010001011
00000000000010001011
00000000000010001011
00000000000010101000
00000000000100011111
00000000001000101001
00000000001111010100
00000000010101000101
00000000010101001101
00000000001100001101
00000000000100110101
00000000000001100110
00000000000000111100
00000000000001001101
00000000000010110010
00000000000011110110
00000000000101111010
00000000000011010100
00000000000000000000
00000000000000000000
00000000000000000000
00000000000000000000
00000000000000000000
00000000000000010010
00000000000010001011
00000000000010001011
00000000000010001011
00000000000010001011
00000000000010001011
00000000000010001011
00000000000010010100
00000000000011010000
00000000000111001111
00000000001111101011
00000000011000101001
00000000011001011010
00000000001110101100
00000000000000000000
00000000000000000000
00000000000000000000
00000000000000000000
00000000000000000000
00000000000000000000
00000000000001110010
00000000000001110110
00000000000000000000
00000000000000000000
00000000000000000000
00000000000000000000
00000000000000000000
00000000000000011110
00000000000001010111
00000000000010001011
00000000000010001011
00000000000010001011
00000000000010001011
00000000000010001011
00000000000010001011
00000000000010010111
00000000000100000100
00000000001010111110
00000000010110000000
00000000011001100101
00000000001110001000
00000000000000000000
00000000000000000000
00000000000000000000
00000000000000000000
00000000000000100011
00000000000011011000
00000000000110100111
00000000001000110011
00000000001000011111
00000000000001101010
00000000000000000000
00000000000000000000
00000000000101010101
00000000001011001001
00000000000111001101
00000000000010111100
00000000000010001011
00000000000010001011
00000000000010001011
00000000000010001011
00000000000010001011
00000000000010001011
00000000000010100101
00000000000101110101
00000000001110011110
00000000010110110011
00000000010100010101
00000000000001001001
00000000000000000000
00000000000000000000
00000000000000000000
00000000000000000000
00000000000000000000
00000000000000000000
00000000000000000000
00000000000000000000
00000000000000000000
00000000000000000000
00000000000000000000
00000000000000000000
00000000001000110000
00000000001100000101
00000000000110110100
00000000000011010000
00000000000010001011
00000000000010001011
00000000000010001011
00000000000010001011
00000000000010001011
00000000000010001011
00000000000011010000
00000000001001100111
00000000010011101001
00000000010111010111
00000000001010000111
00000000000000000000
00000000000000000000
00000000000000000000
00000000000000000000
00000000000000000000
00000000000000000000
00000000000000000000
00000000000000000000
00000000000000000000
00000000000000000000
00000000000000000000
00000000000000000000
00000000000000000000
00000000000101111001
00000000000110010111
00000000000011101101
00000000000010110100
00000000000010001011
00000000000010001011
00000000000010001011
00000000000010001011
00000000000010001011
00000000000010001110
00000000000100111110
00000000001111011100
00000000011000101100
00000000010100100001
00000000000000001111
00000000000000000000
00000000000000000000
00000000000000000000
00000000000000000000
00000000000000000000
00000000000000000000
00000000000000000000
00000000000000000000
00000000000000000000
00000000000000000000
00000000000000000000
00000000000000000000
00000000000000000000
00000000000010011001
00000000000010101110
00000000000010000100
00000000000010000000
00000000000010001011
00000000000010001011
00000000000010001011
00000000000010001011
00000000000010001011
00000000000010001101
00000000000110000111
00000000010011100010
00000000010110100110
00000000001001010000
00000000000000000000
00000000000000000000
00000000000000000000
00000000000110001001
00000000000011001011
00000000000000000000
00000000000000000000
00000000000000000000
00000000000000000000
00000000000000000000
00000000000000001111
00000000000000000111
00000000000000011100
00000000000000111011
00000000000010000100
00000000000010010110
00000000000001100100
00000000000001111000
00000000000010001011
00000000000010001011
00000000000010001011
00000000000010001110
00000000000010001110
00000000000010010001
00000000000101111100
00000000001111001011
00000000001001111111
00000000000000000000
00000000000000000000
00000000000000000000
00000000000010100100
00000000001111100101
00000000001110011110
00000000001000001010
00000000000000000000
00000000000000000000
00000000000000000000
00000000000000000000
00000000000001011001
00000000000010011000
00000000000001011110
00000000000010001110
00000000000001100010
00000000000010000011
00000000000001110011
00000000000010010111
00000000000010011000
00000000000010000001
00000000000010101000
00000000000011111001
00000000000100001101
00000000000011001100
00000000000011010100
00000000000100010101
00000000000000000000
00000000000000000000
00000000000000000000
00000000000000000000
00000000000010001100
00000000010010001100
00000000011001001000
00000000010001010000
00000000000000000000
00000000000000000000
00000000000000000000
00000000000000000000
00000000000001111001
00000000000010010011
00000000000010010011
00000000000001110011
00000000000001101101
00000000000010001100
00000000000010000001
00000000000001110001
00000000000010100000
00000000000010001001
00000000000011111010
00000000001001100111
00000000001011000010
00000000000101111001
00000000000000000000
00000000000000000000
00000000000000000000
00000000000000000000
00000000000000000000
00000000000000000000
00000000000000000000
00000000001100011110
00000000010010001111
00000000001101100110
00000000000001111110
00000000000000000000
00000000000000000000
00000000000000000000
00000000000000011011
00000000000001100110
00000000000010000101
00000000000010001010
00000000000010010011
00000000000010110100
00000000000010011001
00000000000010010000
00000000000010011100
00000000000010001110
00000000000101011001
00000000010001010000
00000000010011100111
00000000000111010110
00000000000000000000
00000000000000000000
00000000000000000000
00000000000000000000
00000000000000000000
00000000000000000000
00000000000000000000
00000000001011001001
00000000000110101000
00000000000000000000
00000000000000000000
00000000000000000000
00000000000000000000
00000000000000000000
00000000000001011111
00000000000001100110
00000000000001110000
00000000000001111110
00000000000001110111
00000000000010001010
00000000000010000010
00000000000010010101
00000000000010100001
00000000000010000111
00000000000110111001
00000000010110011010
00000000010111101001
00000000000111011111
00000000000000000000
00000000000000000000
00000000000000000000
00000000000000000000
00000000000000000000
00000000000010000010
00000000001100000110
00000000010110111110
00000000001000111000
00000000000000000000
00000000000000000000
00000000000000000000
00000000000000000000
00000000000010010110
00000000000010000111
00000000000010000110
00000000000001110011
00000000000010000100
00000000000010000011
00000000000010001000
00000000000001111000
00000000000010000010
00000000000010010001
00000000000010000101
00000000000110101110
00000000010100000000
00000000010011101111
00000000001001011010
00000000000100000001
00000000000000000000
00000000000000000000
00000000000000000000
00000000000000000000
00000000000111000001
00000000010101100011
00000000011001011110
00000000000000000000
00000000000000000000
00000000000000000000
00000000000000000000
00000000000100011101
00000000000101101010
00000000000010110100
00000000000001110001
00000000000010001011
00000000000010001011
00000000000010001101
00000000000010001011
00000000000010001000
00000000000010001010
00000000000010000101
00000000000010000001
00000000000100100100
00000000001010111011
00000000001000010010
00000000000100101110
00000000001000011100
00000000001110011101
00000000000011111001
00000000000000000000
00000000000010110101
00000000001001111110
00000000010010100100
00000000000100010101
00000000000000000000
00000000000000000000
00000000000000000000
00000000000000000000
00000000001001001000
00000000000110100011
00000000000011000000
00000000000001110111
00000000000010001101
00000000000010010110
00000000000010001011
00000000000010001001
00000000000010001011
00000000000010001011
00000000000010010101
00000000000010011101
00000000000010101111
00000000000011011000
00000000000000000000
00000000000000000000
00000000000111001110
00000000010001000000
00000000010010110101
00000000001010100001
00000000000111011100
00000000000110110010
00000000000001011100
00000000000000000000
00000000000000000000
00000000000000000000
00000000000000000000
00000000000110111110
00000000001001010011
00000000000101010001
00000000000010011101
00000000000010010010
00000000000010001100
00000000000010001110
00000000000010000111
00000000000010000111
00000000000010001011
00000000000010001011
00000000000010100111
00000000000010000011
00000000000001110111
00000000000000000000
00000000000000000000
00000000000000000000
00000000000000001101
00000000010000000111
00000000010111101011
00000000010100111110
00000000001001110010
00000000000000000000
00000000000000000000
00000000000000000000
00000000000000000000
00000000000000000000
00000000000101011010
00000000001010001111
00000000000110101101
00000000000011100111
00000000000010010000
00000000000010110000
00000000000001101111
00000000000001111000
00000000000010000101
00000000000010000110
00000000000010001011
00000000000010001011
00000000000010001101
00000000000001110111
00000000000001101100
00000000000000010101
00000000000000000000
00000000000000000000
00000000000000000000
00000000000000000000
00000000001000011000
00000000001101011101
00000000001001101110
00000000000000000000
00000000000000000000
00000000000000000000
00000000000000000000
00000000000100010010
00000000001000110100
00000000000110000011
00000000000010110010
00000000000010100100
00000000000010010011
00000000000001111001
00000000000001111011
00000000000001111000
00000000000010001101
00000000000010001110
00000000000010001011
00000000000010001011
00000000000001111100
00000000000010001110
00000000000010011011
00000000000010010100
00000000000000101001
00000000000000000000
00000000000000000000
00000000000000000000
00000000000000000000
00000000000000000000
00000000000000000000
00000000000000000000
00000000000000000000
00000000000000000000
00000000000100100101
00000000000111011111
00000000000101010101
00000000000011001000
00000000000010011111
00000000000010111111
00000000000001111101
00000000000001110111
00000000000001111110
00000000000010000110
00000000000010010010
00000000000010001111
00000000000010001011
00000000000010001011
00000000000001100100
00000000000001100111
00000000000010000110
00000000000010010101
00000000000010000101
00000000000000011111
00000000000000000000
00000000000000000000
00000000000000000000
00000000000000000000
00000000000000000000
00000000000000000000
00000000000000000000
00000000000011111001
00000000000110011110
00000000000100011100
00000000000010011100
00000000000010001010
00000000000010010110
00000000000010011000
00000000000001101111
00000000000010001100
00000000000010011000
00000000000010011111
00000000000010010001
00000000000010001101
00000000000010001011
00000000000010001011
00000000000010000010
00000000000001111010
00000000000001111100
00000000000010000011
00000000000010001001
00000000000001111111
00000000000001000000
00000000000000000000
00000000000000000000
00000000000000000000
00000000000000000000
00000000000000000000
00000000000000000000
00000000000010001101
00000000000011001111
00000000000010010001
00000000000001111111
00000000000010001010
00000000000010001110
00000000000010001000
00000000000001101100
00000000000001111101
00000000000010010000
00000000000010010000
00000000000010001011
00000000000010001011
00000000000010001011
00000000000010001011
00000000000010001011
00000000000010001011
00000000000010001011
00000000000010001011
00000000000010001011
00000000000010001011
00000000000010001001
00000000000001100011
00000000000000011010
00000000000000000000
00000000000000000000
00000000000000000000
00000000000000100011
00000000000001110100
00000000000010001011
00000000000010000011
00000000000010001000
00000000000010001100
00000000000010001011
00000000000010001011
00000000000010000011
00000000000010000110
00000000000010001100
00000000000010001011
00000000000010001011
00000000000010001011
00000000000010001011
00000000000010001011
00000000000010001011
00000000000010001011
00000000000010001011
00000000000010001011
00000000000010001011
00000000000010001011
00000000000010001011
00000000000010001011
00000000000010001111
00000000000010001001
00000000000010001010
00000000000010000111
00000000000010001001
00000000000010001100
00000000000010001011
00000000000010001011
00000000000010001011
00000000000010001011
00000000000010001011
00000000000010001011
00000000000010001011
00000000000010001011
00000000000010001011
00000000000010001011
00000000000010001011
00000000000010001011
00000000000010001011
00000000000010001011
00000000000111010000
00000000000111010000
00000000000111010000
00000000000111010000
00000000000111010000
00000000000111010000
00000000000111010000
00000000000111100111
00000000000111111011
00000000000111110111
00000000000111111010
00000000000111110010
00000000000111011111
00000000000111001010
00000000000111010100
00000000000111101111
00000000001000010100
00000000001000010001
00000000000111101000
00000000000111010101
00000000000111011100
00000000000111110001
00000000000111111001
00000000000111111111
00000000001000000101
00000000000111100001
00000000001000001101
00000000000111100101
00000000000111010000
00000000000111010000
00000000000111010000
00000000000111010000
00000000000111010000
00000000000111010000
00000000000111010111
00000000000111101000
00000000001000000111
00000000001000011011
00000000001000001101
00000000000111111011
00000000000111101110
00000000000111101111
00000000001000010000
00000000001000110011
00000000001000110111
00000000001000111100
00000000001000000001
00000000000111010011
00000000000111010011
00000000000111101100
00000000001000000111
00000000001000001000
00000000000111111110
00000000001000001100
00000000001000011110
00000000001000001101
00000000000111010000
00000000000111010000
00000000000111010000
00000000000111010000
00000000000111010000
00000000000111010000
00000000000111010101
00000000000111111010
00000000001000100001
00000000001001001101
00000000001001011000
00000000001000110110
00000000001000010110
00000000001000001100
00000000001000101101
00000000001001011110
00000000001001011010
00000000001001001000
00000000001000010111
00000000000111111000
00000000000111101010
00000000000111110010
00000000001000001001
00000000001000011100
00000000001000101101
00000000001010000010
00000000001001100101
00000000001000101011
00000000000111010000
00000000000111010000
00000000000111010000
00000000000111010000
00000000000111010000
00000000000111010000
00000000000111011111
00000000000111111101
00000000001000011101
00000000001000111100
00000000001001011011
00000000001000111000
00000000001000011110
00000000001000111010
00000000001001111100
00000000001010001011
00000000001001111111
00000000001001000110
00000000001000001110
00000000000111010101
00000000000111000100
00000000000111011010
00000000000111110000
00000000000111011101
00000000000110111111
00000000001001000101
00000000001001011001
00000000001000101001
00000000000111010000
00000000000111010000
00000000000111010000
00000000000111010000
00000000000111010000
00000000000111010000
00000000000111011111
00000000000111111111
00000000001000100101
00000000001000111000
00000000001001001001
00000000001001000001
00000000001000101110
00000000001001110101
00000000001010100111
00000000001001110111
00000000001000110001
00000000000111101000
00000000000110110111
00000000000101110111
00000000000101100110
00000000000111101111
00000000001001101110
00000000000111101001
00000000000011000001
00000000000010101010
00000000000100110110
00000000000111100000
00000000000111010000
00000000000111010000
00000000000111010000
00000000000111010000
00000000000111010000
00000000000111010000
00000000000111011111
00000000000111111000
00000000001000011000
00000000001000001000
00000000001000000110
00000000001000111010
00000000001011111110
00000000001111000010
00000000001111011111
00000000001110101011
00000000001101000011
00000000001100011101
00000000001100000101
00000000001100010000
00000000001101000011
00000000010001011111
00000000010111101101
00000000011000010000
00000000001101100101
00000000000011001011
00000000000000000000
00000000000101010101
00000000000111010000
00000000000111010000
00000000000111010000
00000000000111010000
00000000000111010000
00000000000111010000
00000000000111011000
00000000000111100110
00000000000111000101
00000000000111001101
00000000001010011111
00000000010001011101
00000000011100010111
00000000101010011110
00000000110100101111
00000000111010001001
00000000111010011100
00000000111011010011
00000000111011101100
00000001000000011011
00000001000111111000
00000001010001001010
00000001010001011011
00000001000100001000
00000000101101011011
00000000010100001001
00000000000011110100
00000000000100110110
00000000000111010000
00000000000111010000
00000000000111010000
00000000000111010000
00000000000111010000
00000000000111010000
00000000000111001100
00000000000111101100
00000000000111101101
00000000001100000010
00000000011100001101
00000000111011001001
00000001011101101001
00000001110110100100
00000010000101100100
00000010001100111010
00000010001101111001
00000010001111111100
00000010010001011110
00000010010110011010
00000010100000100101
00000010101110000010
00000010100100101101
00000001111100101000
00000001001100011000
00000000100110011110
00000000001100001111
00000000000110101000
00000000000111010000
00000000000111010000
00000000000111010000
00000000000111010000
00000000000111010000
00000000000111010000
00000000000111001101
00000000001000001011
00000000001110100001
00000000100010010100
00000001001000000110
00000001111100001010
00000010101111011000
00000011000111110100
00000011001101011010
00000011001100100011
00000011001100001101
00000011001001100001
00000011001010110110
00000011010001100110
00000011011101000110
00000011101011011000
00000011011110010100
00000010101000011011
00000001100011110001
00000000110001011101
00000000010010100010
00000000001001000000
00000000000111010000
00000000000111010000
00000000000111010000
00000000000111010000
00000000000111010000
00000000000111010000
00000000000111100001
00000000001001011111
00000000011000010010
00000001000000101011
00000001111111001001
00000011000010010101
00000011101111011001
00000011111010111100
00000011101110001000
00000011011111101000
00000011011010011110
00000011010101001100
00000011010110100100
00000011011110110010
00000011101000011000
00000011101010100110
00000011010101100000
00000010100000011001
00000001100000000111
00000000110001011000
00000000010101110000
00000000001010101110
00000000000111010000
00000000000111010000
00000000000111010000
00000000000111010000
00000000000111010000
00000000000111010000
00000000000111010101
00000000001011010011
00000000100110010000
00000001100011000100
00000010110001010110
00000011101011110010
00000011110111101000
00000011100001110010
00000010110101010010
00000010001111110010
00000010000010101010
00000001111111110111
00000010000100000010
00000010001110101100
00000010011100010000
00000010011110000000
00000010001010111000
00000001100110110101
00000000111111110001
00000000100011100000
00000000010010001100
00000000001010010000
00000000000111010000
00000000000111010000
00000000000111010000
00000000000111010000
00000000000111010000
00000000000111001111
00000000000111001100
00000000010000111001
00000000111010011001
00000010000000110101
00000011001110010001
00000011110010001010
00000011100001110000
00000010110011100001
00000001111100011001
00000001001010001100
00000000101111101001
00000000100111100000
00000000101010111011
00000000110101011100
00000001000001100100
00000001000110001001
00000000111101101000
00000000101110101001
00000000011111001011
00000000010011011011
00000000001100001100
00000000001001001110
00000000000111010000
00000000000111010000
00000000000111010000
00000000000111010000
00000000000111010000
00000000000111010000
00000000001001011101
00000000011101111010
00000001010111011011
00000010100110001101
00000011101011101111
00000011111010010010
00000011011001101101
00000010100110001101
00000001110001110111
00000001000011010110
00000000011100110101
00000000001000000110
00000000000101011100
00000000001100100111
00000000010011011011
00000000010110001100
00000000010011011111
00000000010000100011
00000000001100111110
00000000001010111011
00000000001000111011
00000000000111110110
00000000000111010000
00000000000111010000
00000000000111010000
00000000000111001111
00000000000111010010
00000000000111011010
00000000001111000110
00000000110100001000
00000001110111101100
00000011000100101111
00000100000001011111
00000100001001100011
00000011101011001100
00000010111110010111
00000010010100000111
00000001100110101100
00000001000000011010
00000000011000011111
00000000000101010010
00000000000011111011
00000000001000100101
00000000001010111011
00000000001010011100
00000000001010000110
00000000001001000110
00000000001001001000
00000000001001001000
00000000000111011100
00000000000111001010
00000000000111010111
00000000000110110110
00000000000110101101
00000000001000000001
00000000001000101110
00000000010001010011
00000001000001101011
00000010000110111000
00000011000000010001
00000011100101100110
00000011110010001111
00000011101100101011
00000011010111000000
00000011000000001010
00000010010101111101
00000001101100010000
00000000110110010010
00000000010000110110
00000000000100000001
00000000001000001100
00000000001001110111
00000000001001111101
00000000001010101000
00000000001001001000
00000000001001000010
00000000001000111100
00000000001000001101
00000000000111010001
00000000000111101110
00000000000110010010
00000000000101101100
00000000001011000101
00000000001111101011
00000000010011111000
00000000110110001001
00000001101000110111
00000010010001001101
00000010100001000011
00000010101001011110
00000010110100101111
00000011001010101101
00000011011000001010
00000011000000111110
00000010010110101101
00000001010010100110
00000000011110110111
00000000000110011010
00000000001001000100
00000000001011011100
00000000001010100000
00000000001010010100
00000000001001010001
00000000001001000110
00000000001000010100
00000000000111101110
00000000000111110110
00000000001000010010
00000000000111101101
00000000001011111011
00000000011000010101
00000000100001100010
00000000100110011100
00000000101000001001
00000000110101111001
00000001001010000011
00000001010000110001
00000001010011011111
00000001011110000111
00000010010010001011
00000011001111111010
00000011011100110000
00000010111001111101
00000001101110001111
00000000101110101101
00000000001010010101
00000000001000011101
00000000001010101110
00000000001010100110
00000000001010010111
00000000001001011001
00000000001001010010
00000000001000111101
00000000000111111010
00000000001000101111
00000000001001001011
00000000001100001110
00000000100000110000
00000000111011100100
00000001000100100111
00000001001000000001
00000000101111101110
00000000010100001000
00000000001110101110
00000000010100011110
00000000010100111000
00000000011010111101
00000001011101001111
00000010110000000000
00000011010110111100
00000010111011101001
00000001110110110000
00000000111000001011
00000000010000111111
00000000001001011001
00000000001001011000
00000000001000111011
00000000001000011100
00000000000111101111
00000000001000010111
00000000001000010011
00000000000111111111
00000000001001010011
00000000001001101001
00000000010010000110
00000000111011110100
00000001101101000100
00000001111100011010
00000001110010010100
00000001010001000101
00000000100000110001
00000000000100000111
00000000000001100011
00000000000110100000
00000000011001101010
00000001100000100001
00000010110001101011
00000011010111101110
00000010110110001001
00000001110010000000
00000000110111001011
00000000010011110100
00000000001010001100
00000000001000101000
00000000001000010001
00000000000111110011
00000000000111010001
00000000000111011000
00000000000111011001
00000000000111010111
00000000001001001110
00000000001001011001
00000000010110001000
00000001001111100010
00000010010101011010
00000010110011110011
00000010100111110011
00000001111110101101
00000001001001101101
00000000011001010100
00000000000111011111
00000000001000111000
00000000101100010100
00000001111010001110
00000010111110011111
00000011010100101100
00000010100111101010
00000001100101110110
00000000110000011110
00000000010011110101
00000000001010101111
00000000001000011111
00000000001000010101
00000000000111100111
00000000000111010100
00000000000111001010
00000000000111010000
00000000000111010000
00000000001000100010
00000000001000100011
00000000010100010011
00000001001011000110
00000010011010011111
00000011001011000110
00000011001011110111
00000010101101010000
00000001111011110100
00000001001100111011
00000000110101011111
00000000111101101010
00000001101100011111
00000010101101011000
00000011010001010011
00000011000100100111
00000010001010001111
00000001001111101111
00000000100101010001
00000000010000100001
00000000001010010011
00000000001000000111
00000000001000000101
00000000000111100010
00000000000111011101
00000000000111001000
00000000000111010000
00000000000111010000
00000000000111110111
00000000001000110000
00000000010000001011
00000000110011100100
00000001111001010100
00000010111100100001
00000011010100001101
00000011001101111000
00000010110100001011
00000010011000101110
00000010001010101101
00000010010101100100
00000010111011000101
00000011010100011110
00000011000110111110
00000010011011001101
00000001100000100110
00000000110100010000
00000000011001100000
00000000001100100100
00000000001001010000
00000000001000000010
00000000001000000011
00000000000111010001
00000000000111100101
00000000000111001011
00000000000111010000
00000000000111010000
00000000001001000011
00000000001001010110
00000000001101000001
00000000011101000101
00000001001001000000
00000010001000000100
00000011000000010101
00000011011001101010
00000011011011001011
00000011010111001000
00000011010100110110
00000011011000000000
00000011011101101110
00000011001101110110
00000010011111011110
00000001101001101011
00000000111100101000
00000000100000001100
00000000010000011010
00000000001001110000
00000000001000011100
00000000001000101110
00000000001000101110
00000000000111011011
00000000000111100110
00000000000111001110
00000000000111010000
00000000000111010000
00000000001010000101
00000000001001110000
00000000001001101101
00000000001100001111
00000000011101101010
00000001000100100000
00000001111100110010
00000010110011010000
00000011010110000010
00000011101011111010
00000011110100111111
00000011101011110111
00000011001111101101
00000010100000000001
00000001100111101111
00000000111011000010
00000000011111111010
00000000010000011000
00000000001001011100
00000000001000111000
00000000001000100011
00000000001000110100
00000000001001001101
00000000000111101100
00000000000111100101
00000000000111010101
00000000000111010000
00000000000111010000
00000000001010000110
00000000001010010011
00000000001001111001
00000000001001100000
00000000001100000011
00000000010111110110
00000000111000010000
00000001100100100000
00000010001010011011
00000010100011111010
00000010101110111110
00000010100010010010
00000001111111100000
00000001010110100011
00000000110011101110
00000000011100010011
00000000001111110111
00000000001010010101
00000000001000001110
00000000001001001011
00000000001001010100
00000000001000101011
00000000001000101000
00000000000111101000
00000000000111011110
00000000000111010101
00000000000111010000
00000000000111010000
00000000001000000111
00000000001000011101
00000000001000011010
00000000001000001000
00000000001000000110
00000000001001110100
00000000010011111001
00000000100111011000
00000000111100010110
00000001001100110011
00000001010101010111
00000001001110011001
00000000111010010010
00000000100101110011
00000000010110101110
00000000001101010101
00000000001001001101
00000000001000000110
00000000000111101010
00000000001000110001
00000000001001000001
00000000001000100110
00000000001000010010
00000000000111110010
00000000000111011000
00000000000111010011
00000000000111010000
00000000000111010000
00000000000111010000
00000000000111010000
00000000000111010000
00000000000111010000
00000000000111010000
00000000000111010000
00000000001000101001
00000000001100010011
00000000010000111000
00000000010100110111
00000000010111010110
00000000010101111111
00000000010001011011
00000000001101000101
00000000001010000010
00000000001000001001
00000000000111011110
00000000000111011010
00000000000111010110
00000000000111100111
00000000000111101010
00000000000111100101
00000000000111011111
00000000000111011000
00000000000111010000
00000000000111010000
00000000000111010000
00000000000111010000
00000000000111010000
00000000000111010000
00000000000111010000
00000000000111010000
00000000000111010000
00000000000111010000
00000000000111010000
00000000000111010000
00000000000111011000
00000000000111010110
00000000000111011011
00000000000111100000
00000000000111010111
00000000000111010101
00000000000111010011
00000000000111010000
00000000000111010000
00000000000111010000
00000000000111010000
00000000000111010000
00000000000111010000
00000000000111010000
00000000000111010000
00000000000111010000
00000000000111010000
00000000000111010000
00000000000111010000
00000000000111010000
00000000000000000000
00000000000000000000
00000000000000000000
00000000000000000000
00000000000000000000
00000000000000000000
00000000000000000000
00000000000000000000
00000000000000000000
00000000000000000000
00000000000000000000
00000000000000000000
00000000000000000000
00000000000000000000
00000000000000000000
00000000000000000000
00000000000000000000
00000000000000000000
00000000000000000000
00000000000000000000
00000000000000000000
00000000000000000000
00000000000000000000
00000000000000000000
00000000000000000000
00000000000000000000
00000000000000000000
00000000000000000000
00000000000000000000
00000000000000000000
00000000000000000000
00000000000000000000
00000000000000000000
00000000000000000000
00000000000000000000
00000000000000000000
00000000000000000000
00000000000000000000
00000000000000000000
00000000000000000000
00000000000000000011
00000000000000000000
00000000000000000000
00000000000000000000
00000000000000000000
00000000000000000000
00000000000000000000
00000000000000000000
00000000000000000110
00000000000000000000
00000000000000000000
00000000000000000000
00000000000000000000
00000000000000000000
00000000000000000000
00000000000000000000
00000000000000000000
00000000000000000000
00000000000000000000
00000000000000000000
00000000000000000000
00000000000000000000
00000000000000000000
00000000000000000000
00000000000000000000
00000000000000000000
00000000000000000000
00000000000000000000
00000000000000000000
00000000000000000000
00000000000000000000
00000000000000000000
00000000000000000000
00000000000000000000
00000000000000000000
00000000000000000000
00000000000000000000
00000000000000000000
00000000000000000000
00000000000000000000
00000000000000000000
00000000000000000000
00000000000000000000
00000000000000000000
00000000000000000000
00000000000000000000
00000000000000000000
00000000000000000000
00000000000000000000
00000000000000000000
00000000000000000000
00000000000000000000
00000000000000000000
00000000000000000000
00000000000000000000
00000000000000000000
00000000000000000000
00000000000000000000
00000000000000000000
00000000000000000000
00000000000000000000
00000000000000000000
00000000000000000000
00000000000000000000
00000000000000000000
00000000000000000000
00000000000000000000
00000000000000000000
00000000000000010000
00000000000000010110
00000000000000001111
00000000000000000000
00000000000000000000
00000000000000000000
00000000000000000000
00000000000000000000
00000000000000000000
00000000000000000000
00000000000000000000
00000000000000000000
00000000000000000000
00000000000000000000
00000000000000000000
00000000000000000000
00000000000000000000
00000000000000000000
00000000000000000000
00000000000000000000
00000000000000000000
00000000000000000000
00000000000000000000
00000000000000000000
00000000000000000000
00000000000000000000
00000000000000000000
00000000000000000000
00000000000001001000
00000000000010100110
00000000000001111100
00000000000000010011
00000000000000000000
00000000000000000000
00000000000000000000
00000000000000000000
00000000000000000000
00000000000000000000
00000000000000000010
00000000000000000000
00000000000000000000
00000000000000000000
00000000000000000000
00000000000000000000
00000000000000000000
00000000000000000000
00000000000000000000
00000000000000000000
00000000000000000000
00000000000000000000
00000000000000000000
00000000000000000000
00000000000000000000
00000000000000000000
00000000000000000000
00000000000000000000
00000000000000000000
00000000000000111011
00000000000001001000
00000000000000100011
00000000000000000000
00000000000000000000
00000000000000000000
00000000000000000000
00000000000000000000
00000000000000000000
00000000000000000011
00000000000000000000
00000000000000000000
00000000000000000000
00000000000000000000
00000000000000000000
00000000000000000000
00000000000000000000
00000000000000000000
00000000000000000000
00000000000000000000
00000000000000000000
00000000000000000000
00000000000000000000
00000000000000000000
00000000000000000000
00000000000000000000
00000000000000000000
00000000000000000000
00000000000000000000
00000000000000000000
00000000000000000000
00000000000000000000
00000000000000000000
00000000000000000000
00000000000000000000
00000000000000000000
00000000000000000000
00000000000000000000
00000000000000000000
00000000000000000000
00000000000000000000
00000000000000000000
00000000000000000000
00000000000000000000
00000000000000000000
00000000000000000000
00000000000000000000
00000000000000000000
00000000000000000000
00000000000000000000
00000000000000000000
00000000000000000000
00000000000000000000
00000000000000000000
00000000000000000000
00000000000000000000
00000000000000000000
00000000000000000000
00000000000000000000
00000000000000000000
00000000000000000000
00000000000000000000
00000000000000000000
00000000000000000000
00000000000000000000
00000000000000000000
00000000000000000000
00000000000000000000
00000000000000000000
00000000000000000000
00000000000000000000
00000000000000000000
00000000000000000000
00000000000000000000
00000000000000000000
00000000000000000000
00000000000000000000
00000000000000000000
00000000000000000000
00000000000000000000
00000000000000000000
00000000000000000000
00000000000000000000
00000000000000000000
00000000000000000000
00000000000000000000
00000000000000000000
00000000000000000000
00000000000000000000
00000000000000000000
00000000000000000000
00000000000000000000
00000000000000000000
00000000000000000000
00000000000000000000
00000000000000000000
00000000000000000000
00000000000000000000
00000000000000000000
00000000000000000000
00000000000000000000
00000000000000000000
00000000000000000000
00000000000000000000
00000000000000000000
00000000000000000000
00000000000000000000
00000000000000000000
00000000000000000000
00000000000000000000
00000000000000000000
00000000000000000000
00000000000000000000
00000000000000000000
00000000000000000000
00000000000000000000
00000000000000000000
00000000000000000000
00000000000000000000
00000000000000000000
00000000000000000000
00000000000000000000
00000000000000000000
00000000000000000000
00000000000000000000
00000000000000000000
00000000000000000000
00000000000000000000
00000000000000000000
00000000000000000000
00000000000000000000
00000000000000000000
00000000000000000000
00000000000000000000
00000000000000000000
00000000000000000000
00000000000000000000
00000000000000000000
00000000000000000000
00000000000000000000
00000000000000000000
00000000000000000000
00000000000000000000
00000000000000000000
00000000000000000000
00000000000000000000
00000000000000000000
00000000000000000000
00000000000000000000
00000000000000000000
00000000000000000000
00000000000000000000
00000000000000000000
00000000000000000000
00000000000000000000
00000000000000000000
00000000000000000000
00000000000000000000
00000000000000000000
00000000000000000000
00000000000000000000
00000000000000000000
00000000000000001010
00000000000001001101
00000000000000000000
00000000000000000000
00000000000000000000
00000000000000000000
00000000000000000000
00000000000000000000
00000000000000000000
00000000000000000000
00000000000000000000
00000000000000000000
00000000000000000000
00000000000000000000
00000000000000000000
00000000000000000000
00000000000000000000
00000000000000000000
00000000000000000000
00000000000000000000
00000000000000000000
00000000000000000000
00000000000000000000
00000000000000000000
00000000000000000000
00000000000000000000
00000000000000000000
00000000000000110011
00000000000001011101
00000000000000011110
00000000000000000101
00000000000000000000
00000000000000000000
00000000000000000000
00000000000000000000
00000000000000000000
00000000000000000000
00000000000000000000
00000000000000000000
00000000000000000000
00000000000000000000
00000000000000000000
00000000000000000000
00000000000000000000
00000000000000000000
00000000000000000000
00000000000000000000
00000000000000000000
00000000000000000000
00000000000000000000
00000000000000000000
00000000000000000000
00000000000000000000
00000000000000000000
00000000000000000000
00000000000000000000
00000000000000011101
00000000000000000000
00000000000000000000
00000000000000000000
00000000000000000000
00000000000000000000
00000000000000000000
00000000000000000000
00000000000000000000
00000000000000000000
00000000000000000000
00000000000000000000
00000000000000000000
00000000000000000000
00000000000000000000
00000000000000000000
00000000000000000000
00000000000000000000
00000000000000000000
00000000000000000000
00000000000000000000
00000000000000000000
00000000000000000000
00000000000000000000
00000000000000000000
00000000000000000000
00000000000000000000
00000000000000000000
00000000000000000000
00000000000000000000
00000000000000000000
00000000000000000000
00000000000000000000
00000000000000000000
00000000000000000000
00000000000000000000
00000000000000000000
00000000000000000000
00000000000000000000
00000000000000000000
00000000000000000000
00000000000000000000
00000000000000000000
00000000000000000000
00000000000100101111
00000000000101011010
00000000000000000000
00000000000000000000
00000000000000000000
00000000000000000000
00000000000000000000
00000000000000000000
00000000000000000000
00000000000000000000
00000000000000000000
00000000000000000000
00000000000000000000
00000000000000000000
00000000000000000000
00000000000000000000
00000000000000000010
00000000000000000000
00000000000000000000
00000000000000000010
00000000000000000000
00000000000000000000
00000000000000000000
00000000000000000000
00000000000000000000
00000000000000000000
00000000000000000000
00000000000000000000
00000000000110001000
00000000000101001101
00000000000011100110
00000000000000000000
00000000000000000000
00000000000000000000
00000000000000000000
00000000000000000000
00000000000000000000
00000000000000000000
00000000000000000000
00000000000000000000
00000000000000000000
00000000000000000000
00000000000000000000
00000000000000000000
00000000000000000000
00000000000000000000
00000000000000000000
00000000000000000000
00000000000000000000
00000000000000000000
00000000000000000000
00000000000000000000
00000000000000000000
00000000000000000000
00000000000000000000
00000000000000000000
00000000000000000000
00000000000000000000
00000000000000000000
00000000000000000000
00000000000000000000
00000000000000000000
00000000000000000000
00000000000000000000
00000000000000000000
00000000000000000000
00000000000000000000
00000000000000000000
00000000000000000000
00000000000000000000
00000000000000000000
00000000000000000000
00000000000000000101
00000000000000000000
00000000000000001011
00000000000000000000
00000000000000000000
00000000000000000000
00000000000000000000
00000000000000000000
00000000000000000000
00000000000000000000
00000000000000000000
00000000000000000000
00000000000000000000
00000000000000000000
00000000000000000000
00000000000000000000
00000000000000000000
00000000000000000000
00000000000000000000
00000000000000000000
00000000000000000000
00000000000000000000
00000000000000000000
00000000000000000000
00000000000000000000
00000000000000000000
00000000000000000000
00000000000000000000
00000000000000000000
00000000000000000000
00000000000000000011
00000000000000000000
00000000000000000000
00000000000000000011
00000000000000000000
00000000000000000000
00000000000000000000
00000000000000000000
00000000000000000000
00000000000000000000
00000000000000000000
00000000000000000000
00000000000000000000
00000000000000000000
00000000000000000000
00000000000000000000
00000000000000000000
00000000000000000000
00000000000000000000
00000000000000000000
00000000000000000000
00000000000000000000
00000000000000000000
00000000000000000000
00000000000000000000
00000000000000000000
00000000000000000000
00000000000000000000
00000000000000000011
00000000000000000000
00000000000000000000
00000000000000000000
00000000000000000000
00000000000000010001
00000000000000111110
00000000000000000000
00000000000000000000
00000000000000000000
00000000000000000000
00000000000000000000
00000000000000000000
00000000000000000000
00000000000000000000
00000000000000000000
00000000000000000000
00000000000000000000
00000000000000000000
00000000000000000000
00000000000000000000
00000000000000000000
00000000000000000000
00000000000000000100
00000000000000000000
00000000000000000000
00000000000000000000
00000000000000000001
00000000000000000000
00000000000000000000
00000000000000000000
00000000000000000000
00000000000000000000
00000000000001001100
00000000000100011111
00000000000000010010
00000000000000000000
00000000000000000000
00000000000000000000
00000000000000000000
00000000000000000000
00000000000000000000
00000000000000000000
00000000000000000000
00000000000000000000
00000000000000000000
00000000000000000000
00000000000000000000
00000000000000000000
00000000000000000000
00000000000000000000
00000000000000000000
00000000000000000000
00000000000000000000
00000000000000000000
00000000000000000101
00000000000000000000
00000000000000000000
00000000000000000000
00000000000000000000
00000000000000000000
00000000000000111011
00000000000100011100
00000000000110110101
00000000000000011111
00000000000000000000
00000000000000000000
00000000000000000000
00000000000000000000
00000000000000000000
00000000000000000000
00000000000000000000
00000000000000000000
00000000000000000000
00000000000000000000
00000000000000000000
00000000000000000000
00000000000000000000
00000000000000000000
00000000000000000000
00000000000000000000
00000000000000000111
00000000000000000000
00000000000000000101
00000000000000000000
00000000000000000000
00000000000000000000
00000000000000000000
00000000000000000000
00000000000000000010
00000000000001001011
00000000000101001001
00000000000111110101
00000000000001100110
00000000000000000000
00000000000000000000
00000000000000000000
00000000000000000000
00000000000000000000
00000000000000000000
00000000000000000000
00000000000000000000
00000000000000000000
00000000000000000000
00000000000000000000
00000000000000000000
00000000000000000000
00000000000000000000
00000000000000000000
00000000000000010101
00000000000000000000
00000000000000000000
00000000000000000000
00000000000000000000
00000000000000000000
00000000000000000111
00000000000000000000
00000000000000000000
00000000000000000000
00000000000001001000
00000000000011101000
00000000000110101000
00000000000100100100
00000000000000000000
00000000000000000000
00000000000000000000
00000000000000000000
00000000000000000000
00000000000000000000
00000000000000000000
00000000000000000000
00000000000000000000
00000000000000000000
00000000000000000000
00000000000000000000
00000000000000000000
00000000000000000000
00000000000000001100
00000000000000000000
00000000000000000000
00000000000000000000
00000000000000000000
00000000000000000000
00000000000000001011
00000000000000000111
00000000000000000000
00000000000000000000
00000000000000000000
00000000000000101101
00000000000011010010
00000000000101001110
00000000000100011010
00000000000001000001
00000000000000000000
00000000000000000000
00000000000000000000
00000000000000000000
00000000000000000000
00000000000000000000
00000000000000000000
00000000000000000000
00000000000000000000
00000000000000010011
00000000000000000000
00000000000000000000
00000000000000000000
00000000000000000000
00000000000000000000
00000000000000000000
00000000000000000000
00000000000000000000
00000000000000000000
00000000000000000000
00000000000000000000
00000000000000000000
00000000000000000000
00000000000000000000
00000000000000100100
00000000000001010111
00000000000001100110
00000000000001000001
00000000000000000000
00000000000000000000
00000000000000000000
00000000000000000000
00000000000000000000
00000000000000000000
00000000000000000000
00000000000000000000
00000000000000000000
00000000000000001001
00000000000000000000
00000000000000000000
00000000000000000000
00000000000000000000
00000000000000000000
00000000000000000000
00000000000000000000
00000000000000000000
00000000000000000000
00000000000000000000
00000000000000000000
00000000000000000000
00000000000000000000
00000000000000000000
00000000000000000000
00000000000000000000
00000000000000000000
00000000000000000000
00000000000000000001
00000000000000000001
00000000000000000000
00000000000000000000
00000000000000000000
00000000000000000000
00000000000000000000
00000000000000000000
00000000000000000000
00000000000000000000
00000000000000000000
00000000000000000000
00000000000000000000
00000000000000000000
00000000000000000000
00000000000000000000
00000000000000000000
00000000000000000000
