00000000000001110110
11111111111101101011
00000000010111110110
00000001001010101110
00000001011010001011
00000000011110011010
11111111001011100111
11111110110011011001
11111110101100001001
11111110001000011011
00000000000000101100
00000000010101010100
00000001100001011100
00000010001100100111
00000001000001110111
11111110101010000111
11111101010111011001
11111101011010111011
11111100111101000101
11111100000001101111
00000000001100001011
00000001010110001101
00000010111001010110
00000010110100000110
00000001001001111000
11111111111000000000
00000000010011000111
00000001000010111010
00000000101010000111
11111111010001011011
00000000101101111010
00000010010101000101
00000011010110011111
00000010100101101100
00000001001011011111
00000000111111001000
00000010000101100100
00000011010110010100
00000011111101001000
00000010110001101001
00000001010101110111
00000010111110111000
00000100000011011111
00000011110110110110
00000010001000111110
00000000001101101101
11111111101111001000
00000000101100001001
00000010001011001100
00000010010000011110
00000001000101111111
00000010100000010001
00000100110111010001
00000110101001101000
00000101101000110001
00000001100101101010
11111110001111011011
11111101011101000100
11111110111100010101
00000000010101110001
11111111110111011011
00000000000101110100
00000010110100001000
00000110011101101000
00000111100110111101
00000011011100101111
11111110001110000010
11111100100001110100
11111101111100000111
11111111100011101000
00000000110001000101
11111111001100011010
11111111110010000001
00000001110100100010
00000011101010000110
00000010001101010111
11111110110001010100
11111101101100001111
11111110100101000110
11111111100111100011
00000100010111000101
00000010001010011001
11111111101100001101
11111110010000100010
11111111010110010001
00000000111010101001
00000000000111110000
11111111001111110001
11111111010010111000
11111111110010001001
00000110000110010101
00000101111001011110
00000010111110111000
00000000101111101001
00000001010010110111
00000010001101001010
00000001000010111100
11111111110111111100
11111111101111010001
11111111111100111110
00000000000101110000
11111111110010000111
11111110110001100101
11111101001110110101
11111100101001101101
11111101110010110100
11111111001111111000
11111111011011000110
11111111100001111100
00000001011010001101
11111111111101111001
11111110111001111101
11111100001101100001
11111001100011001010
11111010011101101100
11111110010100100011
00000000011011100011
11111111100011011011
11111111011111110101
00000010110010101000
11111111101101011010
11111101100011000100
11111001001000010000
11110111000100110011
11111100001010110001
00000011100011100100
00000101010010011100
00000010101011010001
00000010000001101110
00000101010010100000
11111111001110001011
11111011101101000111
11110110001100010011
11110110100101010000
00000000001011000010
00001000110001100101
00001001000110010110
00000101110000011001
00000100101011010111
00000110001011111001
11111110100101111100
11111010111100001011
11110110111111101000
11111010010100101110
00000011011010110011
00001000100001000011
00001000100011001111
00000111000001111000
00000101010100111011
00000100010000100101
11111101001111110011
11111011110100101110
11111100010011101110
00000000001001001011
00000010111101100110
00000011100100010001
00000110010100110110
00000111111010110101
00000100111001001001
00000001111000111010
11111010101101000101
11111100110011110101
00000001010110000011
00000010111111011110
11111111111101101111
00000000000011101001
00000110110100110001
00001001011110101111
00000100100011101101
00000000110111010110
11111000111110111110
11111101000110011011
00000010001110110011
00000001010101111111
11111101101111011001
00000001001010011000
00001001100111011001
00001001111010101111
00000011011101010000
00000000011000110001
11111010001000000000
11111101011000101011
00000000100011011101
11111111001110000001
11111110110111101111
00000101010011000010
00001011001111011001
00000111110110011111
00000001101111000111
00000000000000110110
11111101001010111010
11111110111000011101
00000000000100111001
00000000001011110011
00000011010110001111
00001000101111111101
00001001001000111010
00000100000000101001
00000000010100010011
11111111111100001101
00000000000010100011
11111111111110101000
00000000000010101111
00000000101101110111
00000010001001001001
00000011100111111011
00000100001000111010
00000100001001100011
00000100011001011011
00000100011111110101
11111111111100111010
11111111110011000110
00000000010100000010
00000010001010100111
00000100101011010110
00000101111000111111
00000101010010011000
00000100100001000100
00000100010111111001
00000100000010101110
11111111111000100101
00000000000100010101
00000001110000110000
00000100100100101010
00000110101000101100
00000110010001100111
00000100011001001111
00000010101100010100
00000001010110000000
00000000101001101010
11111111111100001001
00000000101000001010
00000010001111100100
00000011100101111010
00000100000010011110
00000011100011101000
00000010011010000111
00000000111000110110
11111111001001010110
11111110101011010000
00000000100111001101
00000001101010100011
00000001110100000011
00000000110111100100
00000000110100101101
00000001111010111001
00000010110000011111
00000001111011100010
00000000001110101011
11111111101001010010
00000001101011101001
00000010110100110010
00000001110110101101
11111111111000011011
11111111111110001010
00000001111100000100
00000011110010010010
00000011001101110011
00000001010100010100
00000000010110010111
00000001110101110101
00000010111010110010
00000010010010110001
00000001011101100100
00000001110000100010
00000011000010110110
00000011111000110110
00000010110000011100
00000001000010001011
00000000001110010100
00000000111101111010
00000001110000000101
00000010100111000110
00000011110001001100
00000100100000100100
00000011111000011010
00000010101011001000
00000001010100010010
00000000011100010101
00000000000111110100
11111111111001001000
00000000011111111111
00000010011111011011
00000100010101101010
00000011110001100100
00000001110010010011
00000000011010111000
00000000000101011001
00000000001000111101
00000000000111001110
11111111011111110001
11111111111001100011
00000001000110110100
00000001001110101110
11111111101110110010
11111110110010111000
11111111001010011110
11111111110101010001
00000000001001110011
00000000000111000011
00000000000111011100
00000000000101000000
00000000101110101101
00000011000110100000
00000110100000011101
00001001011010110010
00001010100100011101
00001010011011110111
00001010000100101011
00001000101011011111
00000000001001100110
00000000110000100000
00000011011110110011
00000111101110000100
00001010101111010100
00001010101100000100
00001000000110110101
00000101100100100000
00000011101000100111
00000001011111100010
00000000010101000001
00000001111000010000
00000101001101100001
00000111000101000001
00000101011011010010
00000000111010111101
11111100011001100100
11111001111011010100
11111000010001100100
11110111101100100011
00000000110001110001
00000010101110101000
00000100001111010100
00000010100100001110
11111110101110000000
11111011011110101111
11111010101111000111
11111010111101111111
11111010001010000111
11111001111110111100
00000001100100101000
00000010101001001100
00000001100101101101
11111110001011111000
11111011101001100001
11111101000001010110
00000000010110001000
00000010010000100111
00000001100111100001
00000000010101000100
00000010100101011000
00000010001101100100
11111111011000111110
11111100000111100010
11111011100011100110
11111110011100000011
00000001011100001111
00000010001011100001
00000001100011101011
00000000111001100001
00000011101101111000
00000011000110110001
00000001011010101110
00000001010000110110
00000010111110101110
00000011001101011011
00000001011101001101
11111111000011110101
11111110110101111001
11111111110010011011
00000010010001000001
00000010011111101101
00000011111100111010
00000111010010011111
00001000001100100001
00000100000011011111
11111110101100111100
11111100001100101111
11111101110101101110
11111111110001101100
11111110110101110110
11111111000010101000
00000000011110000010
00000001010111111000
11111111011010100011
11111011011111101110
11111001100011110110
11111011100000101111
11111110110100010011
00000000001010010001
11111100111011001100
11111011100001110011
11111001110110100110
11110111011100100100
11110101110110010011
11110110101000001001
11111001111100100001
11111110000001111010
00000000001010011101
00000000010010001010
11111111111111100100
11111111100100101100
11111110000000010011
11111011000000000101
11110111110110101010
11110101101111010100
11110101000111001000
11110101011110000001
11110101110110101100
11110111001110111001
11111111110111111101
11111111000011100001
11111100110110101010
11111010000100011100
11111000111001010000
11111010100011001101
11111110000011110100
00000000011111110110
00000000110000101110
00000000100010001110
11111111111000010010
11111111010101110110
11111110000101111011
11111101010001000011
11111111000011101001
00000100000000010001
00001001011101101000
00001100000111010001
00001011111000110001
00001001111110111100
00000000000100100000
00000000101101000011
00000000111000001100
00000000111100111011
00000010000110010101
00000100001100011011
00000110000111101101
00000111100000001100
00001000101011010000
00001000010110100100
11111111100010100011
00000001100001100101
00000100010000001111
00000110111010000100
00000111001100101000
00000011111010111100
00000000011110101010
11111111101010001011
00000001011100001110
00000010110000000101
11111101000110111010
11111110011111100001
00000011010001000110
00001000110100101000
00001001101100011000
00000101001011111100
00000000100101100110
11111111001000011011
11111111111101010001
00000000100000010001
11111011101111100100
11111010000100110010
11111100010000011111
00000000011111000101
00000010111011011000
00000010011101011010
00000001111100111111
00000010100010011110
00000001111100111100
00000000101001111010
00000000011110000001
11111101010110000100
11111011010100110010
11111011001110010111
11111101100110101110
00000001100110110101
00000100110100101111
00000101101100011101
00000011000111010001
00000000101010101011
00000110110000111001
00000110101110111011
00000101101000010101
00000100000101000100
00000100100010101011
00000111011100111001
00001000011101111100
00000110000111111101
00000010011001010011
00000000010111100100
00000111101000111010
00001011010110001000
00001101001000111001
00001100101000001100
00001011011100111010
00001010011001111000
00000111100111011101
00000011110100100110
00000001000111000000
00000000001011001110
00000000010010000101
00000000111111100011
00000001110001010000
00000001000101101010
11111110111001100010
11111100110110000110
11111011110001001110
11111011001111001010
11111010000111000111
11111001001001011101
00000000100110100110
00000001111001111111
00000010010101000110
11111111110110011000
11111100000001001110
11111001110110101110
11111010000001010101
11111010111000010001
11111010010101000110
11111001010110100011
00000001001001010001
00000010111010011100
00000011000001110011
11111111101101111100
11111011101011110100
11111010100101001000
11111101001011110100
00000000000111001000
00000000000111100011
11111110100111001111
00000001100011011110
00000011101110010011
00000100010000011110
00000001010101001100
11111101010110111011
11111100000101110000
11111111000000011001
00000010101011000100
00000011010101000101
00000010001100100001
00000001011110110001
00000011100011001010
00000100110101101111
00000011010110100101
00000000010010110010
11111101101100000001
11111101110010000010
11111111101110010100
00000001001100001011
00000001101110010100
00000001001101001100
00000001111110000111
00000011100010001000
00000100100111010010
00000011010110111001
11111111010110100101
11111100001001111111
11111100010010101101
11111110011000000110
00000000000010100000
00000001001100011111
11111111101111001100
00000000010010001111
00000010110111000110
00000011000110100111
11111111010001111000
11111011101001111100
11111011111110001011
11111110011111000001
11111111111011001100
00000010000100011000
11111111000000010100
11111101010111010101
11111110011111011110
11111110110101011010
11111100101101110010
11111011100111000010
11111101100111100011
00000000001001001011
00000000011111000010
00000011100001001011
00000000111001001011
11111110110001001010
11111110101000010111
11111110000001011011
11111100111000011010
11111101100010010111
00000000000000111100
00000001010111010000
00000000101001111111
00000100110010000100
00000100000100101101
00000011100100101001
00000011010000100110
00000001101011011111
00000000010001001010
00000000100101010011
00000001101000100001
00000001011100101111
00000000011101100110
00000000010000111100
00000000100110011000
00000000110011110011
00000000110100110001
00000000110100101110
00000000100100001110
00000000011110100000
00000000110010010011
00000001000100011001
00000000110010011000
00000000010101001011
00000000100010100110
00000000101011001010
00000001011001011010
00000010000001110111
00000010001001100101
00000010101000110111
00000011101001011010
00000100101010010001
00000100000011001100
00000000010011110011
00000000011001001000
00000001110011010100
00000100101001011101
00000101100100000000
00000100011001011100
00000011011100000011
00000011111001110001
00000100101000110110
00000011000001001110
11111111111110000000
00000000101010101010
00000100101010000100
00001001000001101101
00001000001101100100
00000011110100111011
00000000101110001011
00000000010010101010
00000000001011101101
11111110001011111101
11111111101111100000
00000001010100001010
00000101111110001011
00001000100001100011
00000101011100010100
00000000111000011001
11111110101011110110
11111110001001000011
11111101101101110001
11111100101110101101
00000001000011111110
00000011000001010101
00000101100110111010
00000100100001101001
00000001000101110011
11111111101010010100
11111111010000010001
11111110111010010001
11111111000011011001
11111111000000100100
00000011011010111100
00000100111100101011
00000100000111110001
00000000100110100010
11111111000011000100
11111111111110001110
11111111001001001000
11111110101100011010
11111111101100011101
00000000001000011110
00000100101110001000
00000101010110101110
00000010111100101000
00000000110111111111
00000010011010001011
00000010111010011010
11111111100001100111
11111101110010001000
11111111000100101111
00000000000010100000
00000100001010100001
00000011010111000000
00000010001000001111
00000100001100001011
00000111100001011000
00000101011101011011
11111111001111011001
11111100101110011001
11111110100100100111
11111111111111110111
00000011010101101111
00000001111100100101
00000001111000111111
00000100111001110101
00000110000010111010
00000001100101001000
11111100101001111110
11111100100110011100
11111111000001111001
00000000000101101000
11111111111001101110
11111111100010110111
11111110101011111111
11111101111100011111
11111101111100010000
11111110000110011100
11111101111011011111
11111101110011110010
11111110001101101110
11111111000101100110
11111111110001111011
11111111000010011110
11111101111011101110
11111101101011010011
11111110010010111101
11111110100010100100
11111110010100111110
11111110001110010001
11111110011101100101
11111110111110000100
11111111100110101100
11111110101001001100
11111101100111110001
11111101011001101110
11111101110010010000
11111101111010101000
11111101110111111111
11111101110101010001
11111101110100110010
11111110010101111101
11111111011110000011
11111110100110011110
11111101011011101110
11111100101000000110
11111100010101100101
11111100010111101001
11111100110001100011
11111101001101100100
11111101101100100101
11111110011001011110
11111111001111101110
11111110110110011110
11111101110101000110
11111100111001001011
11111100000101000011
11111100001000110000
11111101001101101101
11111110000001101101
11111110101000011001
11111111010100010110
11111110100101101000
11111110011100000100
11111101110011001000
11111100111101010001
11111100010001101011
11111100101110011010
11111110000000111110
11111110100001111101
11111111000010101100
11111111110010101001
11111101110111011101
11111101100110010100
11111100110100110000
11111100010100001101
11111100100001110010
11111101100000001001
11111110100010101101
11111110100000010110
11111110110111110101
11111111101011011011
11111101111110100110
11111101011011110001
11111100110100110001
11111100101111011101
11111101010001000101
11111110000011011011
11111110111111000101
11111110110001011001
11111110111010010111
11111111100110011110
11111110011011110011
11111110010010011001
11111101111001010111
11111101011110010100
11111101011101010001
11111110000011011011
11111110110110000111
11111110111010101100
11111111001001001010
11111111101101000110
11111110100011111101
11111110110010111001
11111110011001011111
11111101100000010010
11111101010011101011
11111101111010100111
11111110100111110110
11111111000101000000
11111111011111100100
11111111111000010010
00000000000110101101
00000000011001111110
00000000110111101101
00000001010010111101
00000001111000001111
00000010111111111111
00000011111011101100
00000100001000100110
00000100000100111011
00000100000110111100
00000000001100111000
00000000011111010010
00000000101010011110
00000001001111001100
00000011010001110011
00000101100110000110
00000110001101001100
00000101110110001010
00000110010010110000
00000111000001011001
00000000001100010011
11111111111111110000
11111111110111000010
00000001111100100101
00000101111000101000
00000111001011100100
00000100111110001110
00000011010000110010
00000100000000001010
00000100111101100000
11111111110011010011
11111110101111001100
11111111010011010100
00000011101000000001
00000111100000101100
00000110001100100010
00000001110100110100
11111111001100011100
11111111000100010101
11111111011000001110
11111111011000111001
11111101110110011001
11111111000110110110
00000011010011111011
00000101100110011001
00000100100110010100
00000010011101010010
00000000010000100001
11111110010111110100
11111101110001000001
11111111111100000111
11111111010011110101
11111111110111110001
00000000101001000101
00000001000110111010
00000010110111001101
00000101000110001111
00000100000011001110
00000000111010010011
11111111011001011100
00000001100100101100
00000011001101111000
00000010101000000010
11111111001001001111
11111101011111001011
00000001001010011010
00000101011101111010
00000100111010101110
00000001101110111100
00000000001001001110
00000010000011110001
00000101011011011111
00000101010100100011
00000001010111000000
11111111111110001111
00000011010100011110
00000101001010011000
00000011000001100010
00000000101111111000
00000000000101100100
11111111110101110001
00000010101010011010
00000100001000011100
00000100000101100000
00000100111000000000
00000101100111000111
00000011000011101000
00000000001001011110
11111111110010110001
00000000000101110100
11111101011010101101
11111101111101000111
11111111111000110010
00000010110110010000
00000100010011101111
00000010100001110010
11111111100000000110
11111110101100110110
11111111101100111100
00000000000110101100
00000000000101100001
00000000010110111101
00000000111100011000
00000001100010011011
00000010001110001110
00000011000101110110
00000011110001001110
00000011111011000110
00000011100101001001
00000011000010101001
00000000001100001000
00000000110100001100
00000001110111011001
00000010110001110011
00000011101110110011
00000100101111100011
00000100110110000000
00000100001101010101
00000011010110110110
00000010100101010010
00000000011011111001
00000001101101000100
00000011010010101011
00000100011010111001
00000101001010010101
00000101010010101100
00000100011000111001
00000011001011000101
00000001101100101101
00000000100011110011
00000000110010100110
00000010100110000010
00000100010010001001
00000100101010100001
00000100011101101101
00000011111110000110
00000011100010001001
00000010101000011100
00000000101101110000
11111111011111100110
00000001010100010001
00000011010000110010
00000100000011011011
00000010110100000000
00000001110011011011
00000010001001101111
00000011001001001101
00000010110110101000
00000000110100111000
11111111110001111110
00000010001010110010
00000011110110000000
00000011110111011001
00000001111011100111
00000001001100110110
00000010001000011010
00000011010100110010
00000011001111101101
00000001010010010010
00000000001000110001
00000010100111101100
00000011101101100000
00000011110100000001
00000011000000010011
00000010110000000111
00000010100100000001
00000011000010110110
00000011001010011100
00000001011010011111
00000000001010101001
00000010001101010101
00000010100110011100
00000011100100100100
00000100101111011010
00000100110000010010
00000010111010110110
00000001111101111010
00000010000100110100
00000001001110001000
00000000010001100110
00000001100000000010
00000001001110110101
00000011000111111000
00000101001111000010
00000100011101001011
00000001010101101111
11111111110011100000
00000000110001111010
00000001000101010010
00000000011001101000
00000001001000101000
00000000101001101000
00000010010010101111
00000011100000110000
00000001101111010111
11111111000100001101
11111111000011101100
00000000101111011101
00000001000000011010
00000000010100001011
00000000000101110010
11111111111111110100
11111111110111101001
11111111111101101101
00000000010110100011
00000001001110011100
00000010001111111101
00000010101111110000
00000011001001111111
00000011011111000010
00000000000010101101
11111111101000101000
11111111001100100111
11111111011110001111
00000000110111101011
00000011001010001001
00000100101001111001
00000100110000000111
00000101010001001100
00000110001110100100
11111111110100110010
11111110110100001111
11111101111011101110
11111110101111000111
00000001101100001110
00000101000000101001
00000101010010010000
00000011110000110001
00000100000101000101
00000101101110110011
11111111011000000111
11111101100011010110
11111100100011110010
11111110111100110000
00000100011011001111
00001000000110011010
00000110010001111001
00000010111111010100
00000010011000101000
00000011010110101001
11111110111010110101
11111100101010111001
11111100010101111101
00000000010010000001
00000110100011101100
00001001011100110100
00000111010100011111
00000100100110000011
00000010101111111100
00000001101110110001
11111110111110101101
11111101011010100110
11111101110011100110
00000000101100011100
00000100000110110110
00000110001110110001
00000110100011000111
00000110001101100011
00000011101110111111
00000001001101000111
11111111100111001110
00000000010011000011
00000001110110001001
00000001100111100110
00000000111011100111
00000010111000011000
00000101110101101111
00000110111010100100
00000011111100101010
00000000111010100111
11111111100010111010
00000010101101000001
00000101001101001001
00000011101010010000
00000001100110110100
00000011111101010010
00000111010100100000
00000110110101111110
00000010111111101011
00000000100011000100
11111110011000100000
00000001110011000110
00000100001011011110
00000011111110010111
00000011110000110110
00000110011110011110
00001000000100011111
00000101001000101110
00000001011001011010
00000000001010100111
11111101101101000111
11111111011110100111
00000000110011111100
00000010000001011011
00000100010101101000
00000110101100010111
00000101101110111001
00000010001110010000
00000000001101001010
00000000000010101111
00000000001001100111
00000000001110001111
00000000000000010000
11111111101010000101
11111111010000100001
11111111001111111000
11111111111111001101
00000000011100111100
00000000001010011011
11111111110010111111
00000000010100001100
00000000110001100011
00000001010101111100
00000001110100111100
00000010010000100111
00000011101110111101
00000101100111110111
00000110001111111001
00000100111111111111
00000011000001010110
00000000101011110100
00000010000110000111
00000011111010001111
00000100000111111110
00000011110001000101
00000100101111010011
00000110000011101011
00000110001011110001
00000100010010110111
00000010000000010111
00000001010111100110
00000100001010110110
00000110010100000011
00000100110011000111
00000010000101010001
00000001000010101000
00000001011011010111
00000001100011101111
00000000011101011101
11111111011101010111
00000001011110110011
00000100100101111110
00000110000101010100
00000100101101010011
00000001101101101111
00000000001000100000
11111111110111101110
00000000000110111000
11111111111011001111
11111111011101111111
00000000111011110100
00000010001111110011
00000011000001010001
00000011000010110011
00000001111100110010
00000000101011101100
00000000000101000000
00000000110111110000
00000001001100000000
00000000011000001011
00000001010001011001
11111111111101101010
11111111101010011000
00000001000000100000
00000001110100000101
00000000100111100100
00000000010011110101
00000001011111110100
00000001111000100010
00000000110001100011
00000011011001001000
00000001010001110011
00000000110100000001
00000011000110111101
00000011101101010010
00000001101011001110
00000000110101110110
00000001011000101111
00000001100101011010
00000000101101110110
00000100100111011111
00000100000001011100
00000100110111100010
00000110101000001000
00000101011101000010
00000010010100111110
00000000101010100010
00000000101001110110
00000001000001001000
00000000100000111010
00000011001110110111
00000011111000101100
00000100111010010101
00000100101101100100
00000010011101100100
00000000001101011111
11111111101110101100
00000000011000101111
00000000101110001110
00000000010010011000
00000000001010101101
00000000000100011000
11111111010000000010
11111101010101010101
11111010111111101110
11111001101001100111
11111001101101100100
11111001110010111111
11111001011111111100
11111010100101001100
00000000001101111001
00000000000010000001
11111110011011010100
11111011011100000010
11111001100101100000
11111010100101100000
11111100101011111100
11111101010101100001
11111100100101011101
11111101001011101000
00000000011010101110
00000000011101100010
11111110110011011011
11111100100111011111
11111101101010010111
00000001111100011010
00000101110001001100
00000110101110110111
00000101010111100100
00000011111100110000
00000000110110011011
00000001100110000010
00000000101010101010
11111111100111111100
00000001000000001000
00000011111100100100
00000110011110000001
00000111010011000111
00000110011111111000
00000100101011001101
00000001000110000111
00000011000100111110
00000011111011000100
00000011110101100001
00000010001010110011
00000000000011101010
11111111110101101001
00000001000011100010
00000001110101111001
00000001011000000111
11111111101000110111
00000010010010100001
00000101100100010101
00000111100111000000
00000100100110000101
11111111001100101110
11111101100011011001
11111111010011010110
00000000101101000011
00000000100001011110
11111101010111011010
11111110011001001011
00000001101100010010
00000100100111100111
00000010100000100111
11111110011111010111
11111110101000111000
00000000101000100101
00000001010001001110
00000000100111110100
11111110100011010110
11111100101001100011
11111101000101100011
11111110110011111101
11111110110101111100
11111111001101101001
00000001010001011010
00000010000001010101
00000001001111110000
00000000011100111110
00000011101010010110
00000001010111101110
11111111110100000001
00000000011001000101
00000001100011101000
00000011010010100100
00000100000001000011
00000010011010010101
00000000101011001100
00000000001010010001
00000110100001010000
00000110110100011001
00000110100001111011
00000110100010100110
00000110011110110000
00000101110001010101
00000011110001110011
00000001010100000000
00000000000101101010
00000000000001110100
00000000000111111011
00000000001101111010
11111111110011011001
11111110111011101110
11111110101101001100
11111111001101001100
11111111101011100110
11111111100011100011
11111111001011010101
11111111100011000001
00000000001011001010
00000000000101110000
11111111010000111110
11111110101111011001
11111111100011100001
00000000110101101101
00000001000111000111
00000000100100100101
00000000000110110011
11111111110001111111
00000000001010110011
11111111111010101111
11111111101010010100
00000000011110000111
00000010010011100101
00000011111010100000
00000100010011111001
00000100010010100010
00000100000001100111
00000010101001101111
11111111111110101010
00000000000101111100
00000001001011100110
00000011010100000000
00000100100110101000
00000100010110000111
00000100110000110110
00000110000101111010
00000110101100000001
00000100111110101111
11111111100000010000
00000000110101010001
00000011111001101011
00000111000101101110
00000110011010001001
00000010111001101100
00000010000011001011
00000011100000001000
00000100100011001110
00000011100100101100
11111110111001101011
00000000111110011001
00000101100101001111
00001000110001010010
00000111010000100001
00000011000100111011
00000000111110110111
00000000101111101101
00000000111011101110
00000000110110011001
11111111001000111001
00000000001000101100
00000011010101001100
00000101110100001110
00000110101010011101
00000101100111000010
00000011100100111110
00000001000011111000
11111111101010010111
11111111110100011011
00000001011110010011
00000000110001111111
00000000000011001001
00000000101100111111
00000100000100010100
00000110011011000110
00000100111110110101
00000001011010100011
11111111011110010010
11111111101110000000
00000100001110010000
00000011110011001101
00000001010011000111
00000000010000000011
00000010110100110110
00000101010010100111
00000011110100010110
00000000110111110011
11111111101100101101
11111111111001110111
00000100111000101011
00000110010101000111
00000101011101111111
00000100010011101100
00000100100110001000
00000100011111001011
00000010011001010100
00000000100001111110
00000000000011110011
00000000000011001001
00000000010100011011
00000001000001001101
00000001110000000100
00000010000100110001
00000011001111110111
00000101001110011010
00000110010110110100
00000101110100010001
00000100100111010011
00000100001001011010
00000000101100000101
00000001110101000000
00000010001100100110
00000010010101010010
00000011101010001101
00000100100111010110
00000011101011001101
00000001101100011111
00000000010110101011
00000000000111100001
00000001000111001000
00000001111100010110
00000001010011010011
00000000101110110110
00000000011001110100
11111111011001011001
11111110000100101100
11111100110101111111
11111100001011111100
11111100011111111001
00000000111111100010
00000000110111001101
00000000000000011001
11111111010101010001
11111110101000000100
11111111000011100101
00000000100011011011
00000001000111100111
00000000010100111010
11111111111000000110
00000000011000111110
11111111111001110011
11111111100110101100
11111111000011100110
11111110111110001110
00000001011000111101
00000100101100000100
00000101110010010000
00000100011000110010
00000010111001100110
00000000010011110111
00000000000011010001
00000000000001000110
11111111011111001001
11111111010110010111
00000001010101000011
00000011111001000110
00000100100011100001
00000010111011000111
00000001011100011111
00000001001101110100
00000001101111100101
00000010101111010000
00000011000000110000
00000010111001001001
00000011011000001111
00000011011001100000
00000010110001111010
00000001010011010110
00000000010000011101
00000000100000010001
00000001001100101011
00000011001111011011
00000100010100000011
00000100011011101101
00000011001100001111
00000001011101000010
00000001100001001111
00000001001101001001
00000000011001000011
11111110011000000011
11111110010101001110
11111111101100100000
00000000010111010010
11111111101010101111
11111110001110111011
11111110101001011100
00000001001111111111
00000001101010000011
00000000100100101011
11111101110011011110
11111100110100001101
11111100110000101110
11111100101110100111
11111100010111100011
11111101001100110010
00000000000011111001
00000010001111000100
00000001100111001001
00000000011100000110
11111111111111111101
11111111101011100100
11111111000011100100
11111110110000101001
11111110111001000110
11111110101111001001
11111110011101101000
11111110101010110001
11111110110101100011
11111110011100010011
00000000000000100110
00000000000111100101
00000001001101111010
00000011010000001100
00000100110010011101
00000101100000100101
00000110100100100001
00000111100111011011
00000110101111001001
00000011110100101000
00000000010000100111
00000001110001011110
00000100110110110000
00000110111101010000
00000110101001011010
00000110011110000110
00001000000000101111
00001001001110100100
00001000001011100000
00000101011100111000
00000000111110000000
00000100001010001100
00000111001100111001
00000110010101111000
00000010010011000101
11111111011100101011
11111111010001011000
11111111110000001101
00000000001100100101
00000000101011111111
00000001001011000000
00000100101000110100
00000110111010011000
00000101110010111110
00000010110001100110
11111111011100001001
11111100100101110001
11111011001000100110
11111011110110000011
11111101110010111111
11111111111010010111
00000000011111100001
00000001010010101111
00000010110101000101
00000100101001001011
00000100001100011111
00000000111101100100
11111110011110011101
11111110010110110001
11111111000011100010
00000000101010101110
11111100110111011111
11111010100010001111
11111101000111111110
00000010000100001010
00000011101110101100
00000001110111111011
00000000101010110101
00000000100001111111
00000000001110100100
00000101000101011111
00000001010100111110
11111110011101000111
11111111010010101000
00000001011111111001
00000001100100011000
00000000100100100110
00000000110111001000
00000000111110101100
00000000010101101110
00000111010011100001
00001000011011111000
00001000110110001010
00000111100110010010
00000100011111001000
00000001101100001011
00000000101001100000
00000000111011101110
00000000101111111101
00000000001010110000
00000011010010101000
00000110101111010001
00001000101001100010
00000111000010101111
00000011010011111010
00000001000011100100
00000000101000011010
00000000100101101111
00000000001110101100
00000000000000100001
