00000110100000101010
00000100100101000010
00000000000000000000
00000000000000000000
00000011111001110111
00000000000000000000
00000100000111000110
00000001000000111110
00000100101001010111
00000000000000000000
00000100100010010010
00000000000000000000
00000101111011001111
00000001011001000100
00000000000000000000
00000011000111001101
00000100000000010100
00000000000000000000
00000000000000000000
00000000000000000000
00000010011100111001
00000000000000000000
00000000001011111100
00000000000000000000
00000001111011010101
00000001010100101000
00000000000001010100
00000010110101111101
00000000000000000000
00000001111100010000
00000011010111001100
00000000000000000000
00000000100000010000
00000010001000100010
00000000000000000000
00000100001000010100
00000000111000010011
00000010101100000100
00000001111100000011
00000111001100100000
00000000000000000000
00000000000000000000
00000100111000110000
00000000000000000000
00000001110000001101
00000000101100011100
00000011101101001101
00000101100000010001
00000000110110111000
00000100111110101001
00000000000000000000
00000011100110000011
00000010001101101110
00000101010000111010
00000000000000000000
00000000000000000000
00000000000000000000
00000001010111100110
00000000000000000000
00000001001100000101
00000011000000000111
00000001111101101101
00000100100111011000
00000010001101101111
00000111000100010101
00000001010110001111
00000010111100110001
00000000000000000000
00000001100010110101
00000000000000000000
00000000000000000000
00000000000000000000
00000100011101110011
00000000000000000000
00000011110100000010
00000001100100110000
00000000000000000000
00000101110001001111
00000000000000000000
00000100001100000101
00000100101110011101
00000001010010101001
00000001001001111001
00000001011110010010
00000011001111010101
00000000000000000000
00000010101001000100
00000000000000000000
00000110001010110111
00000010111000111001
00000101010110011111
00000010001110101111
00000000000000000000
00000000011110001001
00000001101100111010
00000011011110000111
00000000000000000000
00000000000000000000
00000001010010111011
00000101000111011101
00000010111011111101
00000000000000000000
00000000000000000000
00000000000000000000
00000000111011100101
00000011111100100111
00000010011010010001
00000000110011000110
00000111010111110001
00000000000000000000
00000000000000000000
00000010110000111111
00000000000000000000
00000001000001000011
00000000000000000000
00000000000000000000
00000011110100010001
00000000111010000100
00000000000000000000
00000000000000000000
