00000001001110000110
00000011000101011100
00000011000001010010
00000001001110011010
11111110110110101100
11111110101100011100
11111110110001101001
11111101001010110001
11111011101000000111
11111011101001101011
00000001100101111000
00000011100111010010
00000100001010010011
00000011101111110100
00000011110011110001
00000110010001001011
00000110110100111010
00000010000011111101
11111100011111000000
11111011000111100010
00000000110110010011
00000010110111001111
00000100101110011100
00000101000101110001
00000110001110101011
00001000111001101001
00001001110000001001
00000100000110011001
11111101100000101100
11111011110100110010
00000000000001101001
00000001111110010101
00000100001000110111
00000100110010110111
00000101011001110001
00000110001000000000
00000101110001110001
00000001111010001100
11111101110001100100
11111100111000001001
11111111101011101011
00000001010101010100
00000011100100000010
00000100100101111011
00000100000101000100
00000010101000011010
00000010000100011101
00000000111011000010
11111110111110110001
11111110011100011000
00000000010100001000
00000010000101010111
00000011110011111001
00000011101000111011
00000010000001110111
00000001011001101110
00000010100101101000
00000010011001001000
00000000011011001110
11111111010000111100
00000001101000001011
00000010111000001110
00000010101001000011
00000001011010100001
00000000111110000110
00000001100000111100
00000001101001111000
11111111110011110100
11111101011110011001
11111101000110000011
00000010011011110011
00000001110101101011
00000000110010101110
00000001001100100111
00000010001001110111
00000001100001111000
11111111010101011000
11111100001100000101
11111010001010010101
11111010111000001110
00000011010100010101
00000011000001111100
00000011001010111101
00000100010001101110
00000101000011011101
00000100001100111111
00000010101000111010
00000000100001001110
11111101111101101110
11111101000001111110
00000101001011101101
00000110110001010100
00000111010001101010
00000111000000110001
00000110111001000101
00000110101011000001
00000110101000111110
00000110001010110110
00000011100010100010
00000000011111010001
11111110100010110000
11111001111111100101
11110110001101100101
11111001100001100011
00000000000000000010
00000000110011100110
11111110110010010011
00000010010111100100
00001001001111101100
00001001100010111100
11111110010010001000
11111001010001101101
11110111100001110101
11111110101110011111
00000101100100111110
00000010100010101011
11111101010110111000
00000001111001000100
00001011110001101110
00001100010010001111
11111110010000000001
11111010100000001011
11111011111011000101
00000011110010010101
00000110001101111010
11111110110001100010
11111001111001000110
00000010001011110100
00001110100001000011
00001101011110000111
11111110101010100011
11111101001010001101
11111111101110101010
00000011001010110111
11111111000111111111
11110111011110000000
11111000011000110011
00000110001011001001
00010001010111100010
00001100010110010111
11111111001111000101
11111110101111000110
11111110111111010100
11111100111110110110
11110111101000011101
11110101111101010100
11111110101010110100
00001100110100111001
00010001010100001101
00001000111110101001
11111110110000101101
11111101000001001011
11111010101011111001
11110111100001010001
11110110010000001001
11111100011001011000
00001000011111110110
00010000010100001111
00001101110010100101
00000110001011111110
11111011100111110001
11111000110110001011
11110110110111100100
11110110001101001010
11111010010110001111
00000100010100111010
00001100011111101100
00001100110011000100
00001000110010100010
00000101111010010000
11110111100100101101
11110101001100000110
11110110101001111001
11111010110011010011
00000001111011011000
00001000100010000001
00001001001100110010
00000110000010011000
00000110001001010110
00000111111101100001
11110110001110011111
11110110101011110110
11111100100110000000
00000011000010111011
00000111110010000010
00001000110111001001
00000101111010110101
00000100010100000001
00000111011001110110
00001001101000110010
11111001011101100110
11111101011010001010
00000011011111101111
00000111001001001110
00001000101011011010
00000111100001000010
00000101011111000010
00000101101010010100
00000111111110010101
00000111110101000010
11111111110110010001
00000000111010100010
00000011000000111110
00000101001010011010
00000101011101011011
00000100010001001001
00000100001011100111
00000101011011111111
00000110001100100100
00000100011101001101
00000000100000101001
00000001100011110000
00000010000000000001
00000001110010111110
00000000100010000010
11111111111100001101
00000001001001000010
00000100000011011011
00000101100110001000
00000011111100110001
00000000101000111000
00000000011000011110
11111110110010010000
11111101101011010100
11111101111010111110
11111111110101011101
00000010110111110011
00000100111001010001
00000100111111101111
00000010111011010010
00000000001100100000
11111111000100110100
11111101110100111101
11111110001100101011
00000000011001000010
00000100000010001010
00000101110001011000
00000101001001111001
00000011100010110111
00000001101100000110
11111111111001001110
11111111010110010101
11111111100101110011
00000001100111010011
00000101010101101101
00000111100111000010
00000110001101111001
00000011101000100010
00000001110101111011
00000001000011110110
00000000001010101010
00000000100101000110
00000010101111101010
00000110001110101101
00001000110000000111
00000111111011011101
00000100111011010011
00000011000011000111
00000010111001000111
00000010100100100000
00000000101111100001
00000011001111001011
00000110110001010100
00001000110010111110
00000111110000011011
00000101010110111011
00000100001100010011
00000101001001111110
00000101111010110100
00000100111100001010
00000001111110101110
00000101001010001010
00000111001000001100
00000110010000000100
00000100010110100110
00000011100101101100
00000100011111010011
00000101110011001010
00000101110010001010
00000100011001110110
00000010100010010001
00000011010100010101
00000010111100101100
00000001111101100111
00000001011100000001
00000001101100101010
00000010000011000111
00000001110101010001
00000001011000111101
00000000111110011101
00000000010011001111
11111111001001011000
11111110010100111100
11111101111100011000
11111110000110111101
11111110001111110001
11111110000111110000
11111101110011100111
11111110000001110011
11111111000110110110
00000001010011100011
00000100000110011100
00000101111000101111
00000100010111000010
00000000000111001110
11111101000000010101
11111101100101100001
00000000001001000111
00000010000011000111
00000010100000111010
00000000110001100000
00000000110000100000
11111101001111010001
11110111100001100011
11110010110011011110
11110100010100010101
11111001111100011011
11111110010101100111
11111111100010011111
11111111011010001001
11111111101111101010
11111101101110001111
11111001111011010011
11110111000011111101
11111000010000011111
11111110111110000101
00000100010110111010
00000011110101101001
00000000001010100110
11111101101110010101
11111111010111101110
11111110000001110111
11111101000010011010
11111110111010111000
00000100111101010111
00001011000000011010
00001010010000111110
00000011100011100000
11111101010010110001
11111100001001101001
11111111110000110000
11111111110010001001
00000001110101110111
00000111000110010000
00001100010000111000
00001011011111001010
00000011111110011100
11111011110110001111
11111001011101001000
11111100100101000000
00000000110100001100
00000011101110101000
00001001000001101000
00001101011101011101
00001100000101111100
00000100111110010010
11111101100101000001
11111011110110100100
11111111011000101100
00000010111011100011
00000100110010100001
00001010000100110010
00001110001010101001
00001101000110111001
00000111010100011110
00000010001011011010
00000001110100100110
00000101110010011101
00001000111110101001
00001000000010111000
00000111101010010010
00001001111000000011
00001000001010110101
00000011011111001010
11111111001111101110
11111110101101001111
00000001001011111111
00000011100001111010
00000011001010110010
00000001000100011100
00000001111001101001
11111110010001110011
11111000110001000101
11110100011001111001
11110011000011111111
11110011100111110010
11110100101011010110
11110101000111000000
11110101011100010001
11110111100010100000
11111010000011000110
11110101010010100000
11110001010011100001
11110000001001001001
11110000111010001001
11110010000000000010
11110011001000101100
11110100001010100101
11110110000110000111
11111001100000001111
00000000101111101011
00000001011100100101
00000010001001100111
00000100100000011011
00001000011010111100
00001010100000011000
00000110100111101100
00000000100111111100
11111101101010100010
11111101110010111100
00000010001011111010
00000101000011111101
00001000011110110110
00001100110110100000
00010000110001110100
00010000011011100110
00001011011011010101
00000101011010001110
00000010100100001111
00000010000001001100
00000001110000001001
00000011111001100111
00000110101010100001
00001000011101011100
00001000000010000101
00000101010111001100
00000010111000110100
00000010011110101001
00000100000000001101
00000100101110110001
00000000010101010001
00000001000010010110
00000010000101011110
00000000110001011001
11111101111000001011
11111011010011110011
11111101000110111001
00000010011011101101
00000110101100111101
00000110011110100011
11111111000111000111
11111110010111101011
11111101001001001101
11111010111110111010
11111001010110000000
11111010110001011000
00000001000101111111
00000111110100011111
00001001011010001001
00000101110111001110
11111101000000010110
11111010001110001010
11110111111000000000
11110110110101111111
11111000001111101000
11111100111000001101
00000010011000011001
00000100100111110010
00000010001001110111
11111111011001100001
11111010010000110000
11110111010000100100
11110110010001110000
11110111111111110010
11111011101101101001
11111110101010101001
11111111010111101010
11111100011011110011
11111001011011100101
11111001111111100011
11111101110010101100
11111101011010011011
11111111011111000101
00000011111010001011
00001000010000001110
00001010011110100010
00001001000111000100
00000100101101111111
00000001000010000010
00000000000111110011
00000111000100000100
00001010101110011010
00001111010101110110
00010011110110001000
00010111000010111111
00010111111110101111
00010110011110000010
00010010101101000011
00001101110101100111
00001001001110010000
00001001111001101100
00001110110001000100
00010010101110010110
00010100001010101000
00010011111000010110
00010010110000011010
00010001011011010100
00001111110011101111
00001100111001111000
00001000100101011001
00000010001010000001
00000011010111011000
00000001000011100000
11111101010111000010
11111100010110010111
11111110001010010110
11111101001010001101
11111000000000100100
11110101111010100001
11111001000000001001
00000010101011110001
00000100110100101110
00000100000110000001
00000010100001011100
00000100000101001011
00000111001111000000
00000100011011010010
11111100010100100110
11111000000011111010
11111010001111011101
00000011000001100111
00000101100001010011
00000101100111101001
00000101110101000110
00001000001100101101
00001010001110010000
00000101001001001011
11111100101000100100
11111000111100111010
11111011110001011010
00000010100001101100
00000100001000110010
00000100100101001011
00000100111001010000
00000110000101100011
00000101011101111101
11111111101011111101
11111001101000000111
11111001001011111000
11111101100101010001
00000001110101011000
00000010111010011000
00000011010011100010
00000010111000011001
00000001111100010011
11111111011010100111
11111011011101110110
11111001011000111101
11111011110011111100
11111111111111100011
00000010000001101001
00000010001001100001
00000001100100110110
00000000011110000011
11111110101101001011
11111100100010010000
11111010100101100011
11111010101010011010
11111100111011011010
11111111011001111111
00000010000101111001
00000000011111110100
11111111000010100101
11111101110101100000
11111100011100100101
11111010100101011111
11111001010001101001
11111000111100111000
11111001000010011000
11111010100011110010
00000010000100010010
00000000000000110100
11111110001001010101
11111100111001001110
11111011111001000111
11111011001000101111
11111011000110000101
11111001111101001001
11111000001011101110
11111000111000110001
00000100001000111101
00000011011111010010
00000010010110010110
00000001101100111110
00000001111000110100
00000010101110100101
00000011000011001110
00000001001000000011
11111110010000010000
11111101100111111110
00000110110111010100
00000111010000001111
00000111001111010001
00000111101111000001
00001000010110010001
00001000111101010111
00001000110000110010
00000110100000110001
00000011011111110000
00000010000100001101
11111111110110010100
00000000111010101111
00000100001100011111
00000110010001010000
00000110100011000011
00000110111000101001
00000111011100011010
00000101110000101110
00000001110010100010
11111111011100110011
00000000000001010110
00000011001111011111
00000111111101010100
00001000011101000010
00000101110100110100
00000011110010001001
00000100010111010011
00000011000110100011
11111111010110100011
11111110001101100111
00000000110100111111
00000100110100111011
00000111011001111111
00000100001100111001
11111111010110101110
11111110111110111110
00000010011010100011
00000001101110011010
11111101001010010101
11111100100000101110
00000001010010110101
00000100000001000011
00000011011101111000
11111110110111111100
11111100101001111010
00000000111000101100
00000110001010111000
00000011111101011010
11111101000110111010
11111011110101110101
00000001001011110000
00000010000101001100
00000000011111011000
11111110010011000101
00000000010110001100
00000110100110001000
00001001100011101000
00000011100101110110
11111100000010101010
11111011100000111110
00000000111100011110
00000000110001000110
00000000001100101100
00000001110000001000
00000110110110000100
00001010101001001011
00000111010010001011
11111110010001000110
11111000111111101000
11111010101111011101
00000000111100100001
00000001011011101111
00000010111101101110
00000111011110110011
00001011011100110101
00001001010000010110
00000001110111010000
11111011110011001010
11111011000001101101
11111101001001101011
00000010001110000100
00000101010100100011
00001001000011011101
00001011110010011110
00001010001000111011
00000100010110011111
00000000001010011101
00000000101110110100
00000010001010101001
00000001100001000101
00000101001001100000
00001001011110100011
00001011011000010010
00001001111011110010
00000101110001000100
00000010001010001101
00000010000011101110
00000011111011000001
00000011001111000010
00000000100100011001
00000111001100001111
00001000001001110110
00000110001000011001
00000011010101111110
00000000111101001110
11111111111111110010
00000000010110011001
00000000001011111101
11111101101101100000
11111011111111111010
11111111011001111111
11111110100010001100
11111110010000010001
11111110100100010110
11111101110110011000
11111100011110101100
11111011011110011100
11111100101111101011
11111110010100011001
11111110110000110011
11111111100101000110
11111110101011101001
11111110000010001010
11111101110000100000
11111100010011111000
11111010101100100101
11111010011100011000
11111100001111011000
11111101101111010001
11111101111101110100
11111111100000101001
11111110011101011100
11111101101100111011
11111101000011110010
11111011011100100100
11111010001111101011
11111010110001100011
11111100110000010010
11111110010000110001
11111101110110010001
11111111100000010110
11111110110001101101
11111101111010010010
11111101000001110110
11111100000111010011
11111011110010000000
11111100000011101111
11111101011101111011
11111110010100101101
11111110010000111100
11111111011100011011
11111110100000001111
11111101010011100100
11111101000000010111
11111100101101110000
11111100011111101011
11111100011111110001
11111101000001010101
11111101111010000000
11111110010101001001
11111110011011010111
11111101011000110001
11111100111001100110
11111100010011100100
11111011100100000010
11111011001011001011
11111010111110110110
11111011110101011101
11111101010110101100
11111110011000100101
11111101010100000110
11111100111011000111
11111100010001110101
11111011001111011000
11111010011011000000
11111010000010110110
11111010010100111010
11111011011111101000
11111101100001011001
11111111000000001101
11111101110000111001
11111101000110101011
11111100001011100100
11111011011101100100
11111011000110110101
11111011001110110101
11111011100101000001
11111100100100000101
11111110000010110100
11111111000001100011
11111110001111110010
11111101011111011110
11111100100010101001
11111011110100000001
11111011110001010100
11111100001010111011
11111100011110100110
11111100111000110101
11111101101010011110
11111110010010011000
11111110000101000001
11111101010111111110
11111100011111111100
11111011111000011100
11111011111100001111
11111100001011111001
11111100100010000110
11111101000000001110
11111101111000110000
11111110011111111011
11111111011101011100
11111110101010000011
00000000010001111001
00000100101110100110
00000111111101001011
00001000011001000000
00001001000000011111
00001010001100100110
00001001011011001011
00000101100010100011
11111110011000110100
11111101010111010011
11111111110110001101
00000011100011000000
00000011100110110000
00000001001101100001
00000001110110000001
00000110001110011101
00001000110111100111
00000110001011011101
11111110010001001100
11111101110101001010
11111111101101111111
00000000011100010110
11111101111101011011
11111011010000010101
11111101101111011100
00000100011001100001
00000111100011001011
00000100101110100111
11111111000001110111
11111111000100111001
11111111100111101010
11111110110010011110
11111100111110110011
11111101001101011001
00000010000010000101
00000111010010101011
00000110011101000000
00000010011000100111
00000000000010100011
00000000010011110001
00000000000111100111
11111111000100001100
11111111010000011010
00000011000100100000
00001000000010001100
00001000101011001111
00000011111010110110
00000000010010100111
00000001000110000010
00000001001000010000
00000000110010111011
00000001000001110100
00000100011101101001
00001001000101000000
00001010000001010011
00000101110000010001
00000001000011010110
11111111111000010101
00000001010111101100
00000001101001010101
00000010110010000101
00000101111000111010
00001001101111101000
00001011001000011110
00001000010110000111
00000100100011101100
00000011011010111111
00000011011000000001
00000000001100011110
00000010100100010111
00000110001100010011
00001000101110111001
00001001010110100100
00000111111100000001
00000110011100110010
00000111001001010000
00001000100011000111
00000111010000110110
11111110111111011101
00000010110000101101
00000101010101010101
00000101001000001101
00000011101011110011
00000010001010111010
00000010100010110010
00000101000100100111
00000110111011111110
00000101011010100111
11111110001010110011
11111111011011000100
11111111100000011001
11111110110001011100
11111101101100100000
11111100101011001101
11111100101101101010
11111110010001010111
11111111100001000000
11111111101010101111
00000001001011101110
00000010101101010011
00000011100000111110
00000100011100011010
00000101100000010011
00000101100010000110
00000100100110100000
00000011011100110100
00000011101110110010
00000011011011101110
00000001101111011000
00000011011010010101
00000011010100101000
00000010111010010011
00000011011010010011
00000100001000101000
00000011101001010110
00000010100100010011
00000011110011101001
00000011111010011100
00000001110100011111
00000010101101011110
00000001001101011101
00000000000000100100
00000001101111100011
00000100101000010000
00000100110000111111
00000011010110010110
00000011111010100000
00000011111100000010
00000001010101010001
00000001010111010100
11111111101101110001
11111111111001100100
00000011100001111100
00000110110101001010
00000110001110001101
00000011001001000000
00000010011011011100
00000010110101110100
00000000110011001110
00000000110111100110
00000000110010100001
00000010110100101001
00000110011001100110
00001000010100101010
00000101111111111101
00000001110011010000
00000001000000111100
00000001111111110100
00000001001100101110
00000010000100010010
00000011101101011110
00000110100001001010
00001001000010111100
00001000011010010111
00000100110101001110
00000001110000011100
00000001111101011100
00000011000010010011
00000010011000001110
00000100010110000111
00000111001100110000
00001001100101011000
00001001001000110011
00000110010101001000
00000100000101000111
00000011111101000011
00000100111101110101
00000100110011010111
00000011101001010101
00000101111111010011
00001000100010110001
00001000011111011100
00000110000000000000
00000100001001010100
00000100100011111100
00000101011101101001
00000101000011001010
00000011101111110010
00000100001011001110
00000101010010100111
00000101011111001100
00000100001110000011
00000011000100110001
00000011010100000111
00000100001010000110
00000011011001101101
00000001101010001001
00000001000111010100
00000011001011010001
00000010001001101101
00000001010111001010
00000001001001001101
00000001011001100100
00000001111001010111
00000001111001100010
00000000100111011010
11111111100010111010
00000000010010000100
11111110110111101111
11111101011111000011
11111101111100010110
00000000101010110101
00000100110110000101
00000110010111111011
00000111011000111111
00001001010001110101
00001001111000001010
00000111110111001001
11111101111110101011
11111011111000101001
11111100110101100101
00000000100101110011
00000100001010000001
00000011001000011000
00000011011011100111
00000111000101100011
00001010001000100111
00001001001111101111
11111101111000011101
11111100010101010000
11111110010011111001
00000010000110110011
00000011000001111010
11111111100100010001
11111111101011100100
00000101011001000111
00001010010000011000
00001001001111010100
11111110100111010010
11111110000111101110
00000000010011100111
00000010000001101010
00000000010010000010
11111101010110010010
00000000001000100011
00001000000000001101
00001100000111010101
00001000100010001010
11111111011110111101
11111111100001100011
00000000001011000100
11111111011101111101
11111101101101011101
11111110010100000010
00000100010011110110
00001011010011100111
00001011101010001000
00000101110111110101
11111111111001111110
11111111100000101100
11111110110110010000
11111110000110000011
11111110111001110010
00000011000111110111
00001001011111001010
00001100010000010001
00001000100101001100
00000011001001010100
11111111011110110000
11111110111101111101
11111110110001001110
11111111110100011100
00000011101100100010
00001001100011100011
00001101010110010011
00001100001101001110
00000111110110001001
00000100011101011011
11111110010010001010
11111110100000001011
00000000100011001101
00000100010010101001
00001001000010100100
00001100011110101010
00001100011110011100
00001010101101101011
00001001100001001111
00001000001001011000
11111100010001001010
11111101110111011100
00000010011010001010
00000110011111011100
00001000011010100001
00001000001110101101
00000110101001111000
00000110111001101110
00001000011111010001
00001000000101100010
11111011110110001100
11111110011110111110
00000010010100001110
00000100010000100100
00000100010000111011
00000011010000100011
00000010000100111111
00000010111011111000
00000100101110001101
00000100010100100111
00000010010010100110
00000101000011011001
00000110101110011001
00000111001011000111
00001000110111011010
00001001100101001111
00000110110001001111
00000010100001110110
00000000101100011001
00000001100011001000
00000011010000011111
00000110001110110111
00000110000110100111
00000100111101001011
00000101000000000001
00000110011000000001
00000100011110101100
00000001000000011010
00000000001100101010
00000010000110111000
00000010100101100101
00000011100011100100
00000001100001100001
11111111011001001100
00000000000001001011
00000011010001011111
00000010100011100110
11111111111101110101
11111111111010100000
00000010001000000001
00000001000111111101
00000000100111000001
11111110111001110010
11111110011010010010
00000001000100110010
00000100010101010111
00000011010100101011
00000000101001000011
00000000101101001010
00000010000000001111
00000000000100000101
11111111100011101001
11111111010110001111
00000001000011001010
00000100001000010010
00000101100100001010
00000011010101111010
00000000110010010010
00000000100001100110
00000001001100000110
11111111101000001010
11111111101110010100
00000001010101001010
00000100000000000101
00000101001111100000
00000011100111101000
11111111111010111111
11111101111001010101
11111110011001001101
11111111110111011011
00000000111011110100
00000010001111010110
00000100111011110010
00000111000001000110
00000101101111010010
00000010010011010100
11111111111000110010
11111111010001010010
11111111111011110001
00000000110001111101
00000101100000010100
00000111101011011111
00001001011110111011
00001001100010010000
00000111100001101100
00000110100010000001
00000110111010000011
00000110001111001001
00000100010111011000
00000010111010010110
00001000101100111011
00001001101010101001
00001001001110011000
00001000010010110110
00000111110001000111
00001000010110001000
00001000100111010101
00000110100111010110
00000011100000110001
00000010000001110111
00000101001111110001
00000100011001111111
00000011000010101001
00000010011110001000
00000010011001111001
00000010100010111000
00000010010010111100
00000000110100101110
11111111100100000010
11111111111010101111
00000001011000101001
00000000110100011111
11111110110111111110
11111111000010000110
00000001111011110010
00000011001000101000
11111111000101000110
11111011010110001010
11111100001110110011
11111111001001100011
00000010111100010001
00000100011100001110
00000101011111001010
00001000011100100001
00001011110101111110
00001011100110101110
00000100101001011001
11111110011110101110
11111110011101111111
00000000101100111110
00000011011111110110
00000101100101101111
00000110110111111011
00001000000011101011
00001000001111011000
00000101111111111011
00000000001100011111
11111101110001111011
11111111111100000000
00000001110110100110
00000010100001001010
00000011011100110001
00000011011110101111
00000010010111100000
00000000001011010001
11111110000001111100
11111100101110101010
11111110111100000011
00000010001010000000
00000010010000011010
00000000111011110101
00000000101101011010
11111111110100001010
11111101110001000001
11111100001100110011
11111101001011010001
00000000000000111011
00000011011111101100
00000100010011110100
00000010000010000101
11111111010001001010
11111101110010101011
11111100000101110111
11111011000011001010
11111100001011101011
11111111100110101000
00000010101000001011
00000011000011100001
00000001010010101100
11111111101001100001
11111101001000010000
11111010101100001111
11111010000101011100
11111011110000001111
11111110000001001110
11111111100010100001
11111110100001111011
11111011110101000010
11111010101010111011
11111100011111110111
11111101010010000101
11111100011010000111
11111110100011110001
00000001101001101101
00000011001100101000
00000010011000100110
11111111100000101100
11111011111110111100
11111011100100101011
11111110001010101011
00000011101011110111
00000101110000011010
00001000101000001001
00001010111001010111
00001011110000101111
00001011010011011011
00001001100001111001
00000110010011011111
00000100000111110100
00000011001101100100
00001001010001100101
00001100001011011010
00001101100110101110
00001101110001101011
00001101100001000011
00001101000010111100
00001011111011000100
00001001011011010110
00000110011110010001
00000011110001101010
00000000000110011101
00000000011010100011
00000001001000010000
00000010110101100000
00000011110111110111
00000011010111111000
00000001001111001000
11111111001000110000
11111111000011111100
11111111100111100101
00000000001001010111
00000001110110110011
00000100100010000001
00000111010000000100
00000111011011110101
00000110011110000001
00000101101101101000
00000100001011111001
00000010011001111010
00000000010101000101
00000000001010101110
00000010101111000101
00000110001111011001
00000111111110011010
00000110010111101111
00000101011100111001
00000111011010100110
00001000001100110100
00000101101111101011
00000001011111001111
00000000001111100111
00000010011111100110
00000100110100100011
00000100010001100101
00000001110010110110
00000010011010110000
00000110101001010000
00001000111100110100
00000101101110110010
00000001000111010111
00000000010010010100
00000001001101000111
00000001011111011011
00000000010100101001
00000000001100110111
00000011001011000110
00000111111110111001
00001000011000100101
00000100001100000111
00000000011110100010
11111111101101001110
11111111010010100110
11111111001110110110
00000000000001100010
00000010010101100110
00000110001111100011
00001000011110111000
00000110011001100010
00000010110101000000
00000001001110101001
11111110100111001101
11111110011101000001
11111111100101100011
00000010010010111101
00000101100000101011
00000111010011000111
00000110000111110010
00000010110101001101
00000000101010100010
00000000110111111001
11111111011100100011
00000000001010100100
00000010010011110101
00000101011111110111
00001000000100011010
00000111101100010110
00000100111001011101
00000001101101000010
11111111101011101111
11111111001011010101
00000010100011011011
00000100110110110011
00000111001110010000
00001001000010011010
00001001111000000111
00001000110111000110
00000111000100101111
00000101011001111000
00000010111010001010
00000000001111111101
00000101010110010111
00001000110010111110
00001010011011001101
00001010010100110001
00001001110010111110
00001001000000100011
00001000110000100111
00001000100000111101
00000110001000100101
00000010101000000000
00000001010010101011
00000000100001001100
11111111010111111111
11111110110010000110
11111110111001000111
11111110101010100001
11111101100001101100
11111110100001011011
00000010000101111011
00000011110101000011
11111111110111110001
11111110000010011111
11111011111110101010
11111010010011111000
11111011011001101101
11111100110111001100
11111101100010101100
11111111100001110000
00000010111111001100
00000011111111000110
11111111010010010111
11111110010001000111
11111101011001110110
11111110010101010101
00000001110010000010
00000011011111100001
00000011100110110111
00000011110111011010
00000100011010000111
00000100001010101111
11111111101111011101
00000000000011100100
00000000111010100100
00000011000110001000
00000101110011110011
00000110010000010010
00000101010011010011
00000011011101011101
00000010110000100001
00000011011011001101
00000000111000100010
00000001110111100111
00000011000100101101
00000100010100111101
00000101001111010011
00000100010010010011
00000001111101010001
11111111110110000010
00000001000110110000
00000011011010100111
00000010001000000011
00000011010011011010
00000100101111110101
00000101011101011110
00000100101101110011
00000010011011101100
00000001000001000001
00000010000000000001
00000101001100001000
00000110100001011011
00000011000101111001
00000100010110010010
00000101100000110011
00000101000001010001
00000011001011010011
00000010111001010010
00000101000000111010
00000111110011110100
00001001001011111010
00000111100100110110
00000001111110101000
00000001111001000011
00000000111011001000
11111111011110100000
11111111011000010000
00000001001101010000
00000011110100110010
00000100100010111111
00000011100010110000
00000010001000100111
11111101111101101110
11111011101110010000
11111001110111101101
11111001110100111001
11111010111101010111
11111100001100110000
11111100111010101110
11111100100010110011
11111100100000110010
11111101111000110011
11111011100101100111
11111001100000101111
11111001111000100100
11111011100111110101
11111101000010111100
11111101111110110110
11111110001001101111
11111110010101100111
11111111000011111100
00000000101001100100
00000010010011100011
00000110101110110011
00001010111001000010
00001100011101000111
00001100110000011000
00001100110100110011
00001010111101100100
00000110011011010000
00000001101101001100
11111111010111110001
00000011000000001010
00000110110011110111
00001000001001001101
00000110110011010101
00000110010010000101
00001000010100010010
00001001111101010111
00000111100111111011
00000011001110100100
00000000110111101011
00000001001100010000
00000001011101000110
11111111100011100010
11111100101111001101
11111100101011110001
00000000010100100101
00000011101111010001
00000010111111111000
00000000101110011000
00000000101000111000
11111111010000100111
11111101101100000111
11111011111000110110
11111011101001000110
11111110011110101111
00000001111110110010
00000010110000010011
00000000101100000111
11111111101010101111
00000000101000100100
11111110100001000101
11111100111001100110
11111101011010010000
00000000101001010111
00000100110010000000
00000101100001010110
00000010111110010011
00000000101100011110
00000000100100010101
00000000111110011100
11111110000000001111
11111110001100111010
00000000111101101110
00000100100000001111
00000101000110101110
00000001100110110010
11111110000100010101
11111101010110000101
11111110001111001010
11111111000010111100
00000000001000111011
00000010101011110100
00000101101101010100
00000110100100000100
00000011111111111000
11111111111000110100
11111101110111110011
11111101110001010110
11111101010110100101
11111101001110110100
00000111011101011011
00001010010000000001
00001011000001101010
00001010000100101000
00001000110011100110
00001000110001110101
00001001011010011111
00000111111011100111
00000011110110111111
00000000101000101101
00001011110110001110
00001101000111000000
00001100000000001000
00001010110101101111
00001011000000010101
00001100010111111000
00001101011010100000
00001011101010011111
00000111101011111110
00000100000111011010
00000100110100010110
00000100011100101101
00000011100100101011
00000010100001000111
00000001110010111111
00000001100110101100
00000001110101110010
00000010001010100001
00000010000100001000
00000001110010000111
