00000000000010110110
00000000000010110110
00000000000010110110
00000000000010110110
00000000000010110110
00000000000010110110
00000000000010110010
00000000000010111001
00000000000010110001
00000000000011000010
00000000000010001100
00000000000010101100
00000000000010010010
00000000000010010100
00000000000010100101
00000000000010011010
00000000000010011000
00000000000010000110
00000000000010101000
00000000000010001101
00000000000010110001
00000000000010011110
00000000000010111010
00000000000001110010
00000000000010100100
00000000000010011111
00000000000010110110
00000000000010110110
00000000000010110110
00000000000010110110
00000000000010110110
00000000000010110110
00000000000010110110
00000000000010110110
00000000000011000010
00000000000010011111
00000000000010111011
00000000000010011011
00000000000010011100
00000000000010101111
00000000000010100001
00000000000010101011
00000000000010000010
00000000000010110011
00000000000010000001
00000000000010101111
00000000000010101111
00000000000010101011
00000000000001110101
00000000000010001110
00000000000010010001
00000000000010010101
00000000000011000100
00000000000010011001
00000000000010110110
00000000000010110110
00000000000010110110
00000000000010110110
00000000000010110110
00000000000010110110
00000000000010110110
00000000000010110110
00000000000011001111
00000000000011000010
00000000000010110101
00000000000011100100
00000000000011000010
00000000000011001000
00000000000100001110
00000000000011001010
00000000000011111011
00000000000011100110
00000000000010101010
00000000000011000101
00000000000010111000
00000000000100001010
00000000000010001011
00000000000100101001
00000000000010100001
00000000000011100101
00000000000011011100
00000000000011010001
00000000000010110110
00000000000010110110
00000000000010110110
00000000000010110110
00000000000010110110
00000000000010110110
00000000000010110110
00000000000010110110
00000000000010110001
00000000000011011100
00000000000010101110
00000000000011101011
00000000000010011001
00000000000010111011
00000000000011001001
00000000000010111011
00000000000100000101
00000000000011010101
00000000000101000100
00000000000011000100
00000000000011111101
00000000000010111100
00000000000011111010
00000000000011101000
00000000000011010111
00000000000100100000
00000000000010010110
00000000000010111000
00000000000010110110
00000000000010110110
00000000000010110110
00000000000010110110
00000000000010110110
00000000000010110110
00000000000010110110
00000000000010110110
00000000000011010011
00000000000010111010
00000000000011000000
00000000000011101110
00000000000010110111
00000000000011110001
00000000000010111010
00000000000011101111
00000000000010110110
00000000000011110111
00000000000011000111
00000000000010101101
00000000000011001110
00000000000001011111
00000000000011100111
00000000000010111110
00000000000100000001
00000000000011000101
00000000000011011100
00000000000011010110
00000000000010110110
00000000000010110110
00000000000010110110
00000000000010110110
00000000000010110110
00000000000010110110
00000000000010110110
00000000000010110110
00000000000010110010
00000000000010101000
00000000000011110110
00000000000110000010
00000000000111100110
00000000000001101000
00000000000000000100
00000000000000000000
00000000000000000000
00000000000000000000
00000000000000000000
00000000000000000000
00000000000000000000
00000000000000000000
00000000000000000000
00000000000011011100
00000000000100101000
00000000000010001110
00000000000011001000
00000000000010011010
00000000000010110110
00000000000010110110
00000000000010110110
00000000000010110110
00000000000010110110
00000000000010110110
00000000000010110110
00000000000010110110
00000000000111101010
00000000001000000000
00000000000010101111
00000000000000000000
00000000000000000000
00000000000000000000
00000000000000000000
00000000000000000000
00000000000000000000
00000000000000000000
00000000000000000000
00000000000000000000
00000000000000000000
00000000000000000000
00000000000000000000
00000000000011001110
00000000000010110100
00000000000011110000
00000000000011001101
00000000000010101110
00000000000010110110
00000000000010110110
00000000000010110110
00000000000010110110
00000000000010110110
00000000000010110110
00000000000010110110
00000000000010110110
00000000000001001110
00000000000011110011
00000000000000000000
00000000000000000000
00000000000000000000
00000000000000000000
00000000000000000000
00000000000000000000
00000000000000000000
00000000000000000000
00000000000000000000
00000000000000000000
00000000000000000000
00000000000000000000
00000000000000000000
00000000000010110011
00000000000010011100
00000000000011100110
00000000000010011010
00000000000010111001
00000000000010110110
00000000000010110110
00000000000010110110
00000000000010110110
00000000000010110110
00000000000010110110
00000000000010110110
00000000000010110110
00000000000010000110
00000000000011011111
00000000000000000000
00000000000000000000
00000000000000000000
00000000000000000000
00000000000000000000
00000000000000000000
00000000000000000000
00000000000101111110
00000000000000000000
00000000000000000000
00000000000000000000
00000000000000000000
00000000000000000000
00000000000011010000
00000000000011011110
00000000000011011100
00000000000011010111
00000000000011010110
00000000000010110110
00000000000010110110
00000000000010110110
00000000000010110110
00000000000010110110
00000000000010110110
00000000000010110110
00000000000010110110
00000000000111111000
00000000000000000000
00000000000001011001
00000000000101000100
00000000010001100111
00000000100000011100
00000000101100110111
00000001001100101011
00000001010010100011
00000001010110100110
00000000111010110111
00000000110111010101
00000000100001110100
00000000011000111010
00000000001001000101
00000000000011010011
00000000000001111101
00000000000010100110
00000000000011001000
00000000000010001110
00000000000010110110
00000000000010110110
00000000000010110110
00000000000010110110
00000000000010110110
00000000000010110110
00000000000010110110
00000000000010110110
00000000001100010001
00000000011001100001
00000000100111001111
00000000111001100001
00000001001110011101
00000001010001000000
00000001001101001011
00000001010011000101
00000001001010001000
00000000110010111100
00000000110101010011
00000000011011101110
00000000011010000110
00000000010010101101
00000000010101100110
00000000000011111101
00000000000010010110
00000000000010111110
00000000000010100100
00000000000010101100
00000000000010110110
00000000000010110110
00000000000010110110
00000000000010110110
00000000000010110110
00000000000010110110
00000000000010110110
00000000000010110110
00000000001011100100
00000000011100010011
00000000100010010110
00000000111011110111
00000001001100100000
00000000110111001111
00000000101000110110
00000000010010111110
00000000010001011100
00000000001000110001
00000000011101101100
00000000010110000111
00000000101001001010
00000000010110110011
00000000010110101000
00000000000011001101
00000000000001111100
00000000000011101011
00000000000001010110
00000000000010111010
00000000000010110110
00000000000010110110
00000000000010110110
00000000000010110110
00000000000010110110
00000000000010110110
00000000000010110110
00000000000010110110
00000000000010111111
00000000001011010110
00000000011111011001
00000000011111111011
00000000011110110111
00000000100110111110
00000000001111001100
00000000000111011110
00000000001010001100
00000000000110110100
00000000011000110000
00000000100001001010
00000000100110000001
00000000011101111111
00000000010110011100
00000000000101010000
00000000000101100110
00000000000011100100
00000000000011101101
00000000000011111011
00000000000010110110
00000000000010110110
00000000000010110110
00000000000010110110
00000000000010110110
00000000000010110110
00000000000010110110
00000000000010110110
00000000000010111011
00000000000110110111
00000000000010011010
00000000000100101101
00000000000000000000
00000000000000000000
00000000000000000000
00000000000000000000
00000000000000000000
00000000001110111101
00000000000111001100
00000000010011110010
00000000010000101100
00000000001101011000
00000000000011000101
00000000000001011100
00000000000100011010
00000000000010100111
00000000000010110001
00000000000010101110
00000000000010110110
00000000000010110110
00000000000010110110
00000000000010110110
00000000000010110110
00000000000010110110
00000000000010110110
00000000000010110110
00000000000011000010
00000000000001101111
00000000001000011100
00000000000000000000
00000000000000000000
00000000000000000000
00000000000000000000
00000000000000000000
00000000000000000000
00000000001010010011
00000000011110001111
00000000100000101111
00000000010011110001
00000000000000000000
00000000000000000000
00000000000000000000
00000000000100000010
00000000000100111110
00000000000101001001
00000000000010100101
00000000000010110110
00000000000010110110
00000000000010110110
00000000000010110110
00000000000010110110
00000000000010110110
00000000000010110110
00000000000010110110
00000000000011000001
00000000000001111110
00000000000000000000
00000000000000000000
00000000000010111000
00000000000000000000
00000000000000000000
00000000000000000000
00000000000000000000
00000000001010101101
00000000011000010010
00000000011101001011
00000000011010000001
00000000000110000000
00000000000000000000
00000000000000000000
00000000000010111000
00000000000011011001
00000000000011010100
00000000000010101101
00000000000010110110
00000000000010110110
00000000000010110110
00000000000010110110
00000000000010110110
00000000000010110110
00000000000010110110
00000000000010110110
00000000000010101110
00000000000111101001
00000000000100001011
00000000010011011100
00000000001101110001
00000000010110010101
00000000010000110101
00000000000110000101
00000000001011100110
00000000001110000111
00000000010010111010
00000000011011110000
00000000001110010101
00000000000000111000
00000000000000000000
00000000000000110100
00000000000011011000
00000000000011111001
00000000000010011000
00000000000010101100
00000000000010110110
00000000000010110110
00000000000010110110
00000000000010110110
00000000000010110110
00000000000010110110
00000000000010110110
00000000000010110110
00000000000011000111
00000000001100011111
00000000010100110000
00000000101001010000
00000000111100011111
00000001001111001101
00000001010100011100
00000001000100001001
00000001000011111000
00000000110100001011
00000000110001010111
00000000100100110111
00000000101001110101
00000000011101001010
00000000000011111000
00000000000100001110
00000000000011001001
00000000000010101001
00000000000011010000
00000000000010110011
00000000000010110110
00000000000010110110
00000000000010110110
00000000000010110110
00000000000010110110
00000000000010110110
00000000000010110110
00000000000010110110
00000000000010110101
00000000001011101110
00000000011011110010
00000000100111111000
00000000111100010111
00000001010000110101
00000001001111000010
00000000111001101110
00000000111111111101
00000000111011010011
00000000111110010001
00000001000001101101
00000001000101011010
00000000110101111101
00000000101000101001
00000000010100101010
00000000000011101001
00000000000010011010
00000000000011000110
00000000000010101000
00000000000010110110
00000000000010110110
00000000000010110110
00000000000010110110
00000000000010110110
00000000000010110110
00000000000010110110
00000000000010110110
00000000000011000101
00000000000011010000
00000000000011101110
00000000000011001001
00000000000101011110
00000000000110101111
00000000000101101001
00000000010011100010
00000000001110011111
00000000011000110101
00000000010011100110
00000000010011010010
00000000000011111001
00000000000010011011
00000000000100110001
00000000000100000000
00000000000011010110
00000000000011010001
00000000000011000011
00000000000010100110
00000000000010110110
00000000000010110110
00000000000010110110
00000000000010110110
00000000000010110110
00000000000010110110
00000000000010110110
00000000000010110110
00000000000010110110
00000000000011010011
00000000000011000011
00000000000100000111
00000000000110110011
00000000001111111101
00000000001111111001
00000000010111010100
00000000100000010001
00000000100111110100
00000000010111001111
00000000010101110000
00000000000011110110
00000000000101000101
00000000000011100011
00000000000011011001
00000000000011001110
00000000000011000111
00000000000010111011
00000000000010111110
00000000000010110110
00000000000010110110
00000000000010110110
00000000000010110110
00000000000010110110
00000000000010110110
00000000000010110110
00000000000010110110
00000000000010111111
00000000000010110011
00000000000010110100
00000000000010111000
00000000000010100111
00000000010000110111
00000000001010001000
00000000011100010011
00000000011110111011
00000000100010110110
00000000010111010011
00000000010101011000
00000000000010100110
00000000000011100100
00000000000010110000
00000000000011100101
00000000000011011111
00000000000011001111
00000000000010111101
00000000000011001001
00000000000010110110
00000000000010110110
00000000000010110110
00000000000010110110
00000000000010110110
00000000000010110110
00000000000010110110
00000000000010110110
00000000000010101100
00000000000011101001
00000000000011010011
00000000000011111110
00000000000010011001
00000000001100010010
00000000001111110101
00000000010011110101
00000000010001000101
00000000010101111110
00000000000011100111
00000000000011001100
00000000000100010110
00000000000011100101
00000000000100010100
00000000000011001111
00000000000011111100
00000000000011011001
00000000000010111101
00000000000010101011
00000000000010110110
00000000000010110110
00000000000010110110
00000000000010110110
00000000000010110110
00000000000010110110
00000000000010110110
00000000000010110110
00000000000011000111
00000000000010101110
00000000000010100010
00000000000011001110
00000000001000001100
00000000000011110011
00000000011101010101
00000000010000100010
00000000011110001110
00000000010101001011
00000000000011011001
00000000000100110010
00000000000011111001
00000000000100000011
00000000000100100110
00000000000100101010
00000000000011110011
00000000000100000110
00000000000100001110
00000000000011011000
00000000000010110110
00000000000010110110
00000000000010110110
00000000000010110110
00000000000010110110
00000000000010110110
00000000000010110110
00000000000010110110
00000000000010101010
00000000000011010011
00000000000011100110
00000000000011111100
00000000001101000111
00000000011000110111
00000000100111101011
00000000100100111011
00000000110000101110
00000000010101010000
00000000000001100110
00000000000011100101
00000000000011010110
00000000000011001010
00000000000011000110
00000000000011101010
00000000000011010100
00000000000011011101
00000000000011001001
00000000000010110111
00000000000010110110
00000000000010110110
00000000000010110110
00000000000010110110
00000000000010110110
00000000000010110110
00000000000010110110
00000000000010110110
00000000000011010100
00000000000010111111
00000000000011011001
00000000000011010101
00000000001011101000
00000000011010011010
00000000011100101110
00000000101010111110
00000000111001000000
00000000011110111101
00000000001001101011
00000000000011011001
00000000000011111010
00000000000100001001
00000000000011100111
00000000000011101111
00000000000011111100
00000000000011101100
00000000000011001111
00000000000011001101
00000000000010110110
00000000000010110110
00000000000010110110
00000000000010110110
00000000000010110110
00000000000010110110
00000000000010110110
00000000000010110110
00000000000010110001
00000000000010101110
00000000000010110011
00000000000010100110
00000000000011000100
00000000010000010101
00000000010100100111
00000000011010111110
00000000101001110100
00000000100100101000
00000000010011110011
00000000000010100001
00000000000010110110
00000000000010110110
00000000000010110110
00000000000010110110
00000000000010110110
00000000000010110110
00000000000010110110
00000000000010110110
00000000000010110110
00000000000010110110
00000000000010110110
00000000000010110110
00000000000010110110
00000000000010110110
00000000000010110110
00000000000010110110
00000000000011001111
00000000000011010101
00000000000011011110
00000000000100011100
00000000000100000101
00000000001100100010
00000000010110010100
00000000100000000111
00000000101010100100
00000000101010101100
00000000010110000011
00000000000010101101
00000000000010110110
00000000000010110110
00000000000010110110
00000000000010110110
00000000000010110110
00000000000010110110
00000000000010110110
00000000000010110110
00000000000010110110
00000000000010110110
00000000000010101010
00000000000010101010
00000000000010101010
00000000000010101010
00000000000010101010
00000000000010101010
00000000000011111100
00000000000100011011
00000000000100101100
00000000000110000011
00000000000101100011
00000000000110010110
00000000000110111011
00000000000110011000
00000000000110011101
00000000000110100110
00000000000110110000
00000000000110011101
00000000000101100110
00000000000110011000
00000000000110000111
00000000000111110010
00000000000110100011
00000000000101010111
00000000000011111011
00000000000010101000
00000000000010101010
00000000000010101010
00000000000010101010
00000000000010101010
00000000000010101010
00000000000010101010
00000000000010101010
00000000000010101010
00000000000100010100
00000000000101000000
00000000000101010111
00000000000111001000
00000000000101111101
00000000000111111000
00000000000111010011
00000000001000100011
00000000000111100001
00000000000111100010
00000000001000101000
00000000000110110110
00000000000111001100
00000000000111111100
00000000000111100001
00000000001000100101
00000000000110101111
00000000000101011111
00000000000011100011
00000000000011001100
00000000000010101010
00000000000010101010
00000000000010101010
00000000000010101010
00000000000010101010
00000000000010101010
00000000000010101010
00000000000010101010
00000000000100110101
00000000000101110000
00000000000110100100
00000000001000010010
00000000000110101000
00000000000111101000
00000000001000111001
00000000001000100110
00000000001000111110
00000000001000010000
00000000001000000001
00000000000111000101
00000000001000001100
00000000001000011010
00000000001000101101
00000000001001011011
00000000000110111111
00000000000101010110
00000000000011110011
00000000000010100100
00000000000010101010
00000000000010101010
00000000000010101010
00000000000010101010
00000000000010101010
00000000000010101010
00000000000010101010
00000000000010101010
00000000000100110100
00000000000110011001
00000000000111101101
00000000001000111110
00000000000110111001
00000000000111110101
00000000000111111101
00000000001000011111
00000000001001000100
00000000001000110101
00000000001001001011
00000000001000001111
00000000001001001111
00000000001001001001
00000000001000000011
00000000001000100001
00000000000110011001
00000000000100001000
00000000000011011000
00000000000010101101
00000000000010101010
00000000000010101010
00000000000010101010
00000000000010101010
00000000000010101010
00000000000010101010
00000000000010101010
00000000000010101010
00000000000101101111
00000000000111100100
00000000001000011000
00000000001010100010
00000000001000110000
00000000000111110011
00000000001000101000
00000000000111000000
00000000000111010101
00000000001001000111
00000000001010010100
00000000001001100110
00000000001010000110
00000000000111011100
00000000000111100110
00000000000111000110
00000000000110010100
00000000000100110100
00000000000011110011
00000000000010000010
00000000000010101010
00000000000010101010
00000000000010101010
00000000000010101010
00000000000010101010
00000000000010101010
00000000000010101010
00000000000010101010
00000000000101011111
00000000000111100101
00000000001010001101
00000000011000100111
00000000100010111011
00000000101101000100
00000000110100100101
00000000110001101001
00000000110001100110
00000000110010101111
00000000110011001000
00000000100110010011
00000000011000111101
00000000001110000001
00000000000011111011
00000000000111001001
00000000000101100011
00000000000100110010
00000000000011100100
00000000000011001011
00000000000010101010
00000000000010101010
00000000000010101010
00000000000010101010
00000000000010101010
00000000000010101010
00000000000010101010
00000000000010101010
00000000010010010011
00000000100010100101
00000000101110111101
00000001001111100111
00000001100010010110
00000001111111001101
00000010010001110000
00000010011011111000
00000010010000010010
00000010010000101011
00000010010011101010
00000001110001110000
00000001011000001101
00000000101011000011
00000000001111010101
00000000000111100001
00000000000110100011
00000000000101011101
00000000000011010110
00000000000010110110
00000000000010101010
00000000000010101010
00000000000010101010
00000000000010101010
00000000000010101010
00000000000010101010
00000000000010101010
00000000000010101010
00000000100111111110
00000001010000100011
00000001111011110100
00000010111000011100
00000011010110110111
00000011101011000010
00000011110111110000
00000011110011111100
00000011101111110000
00000011110110101101
00000011111011101100
00000011001110101110
00000010000111011001
00000001000111000000
00000000010011110011
00000000000111010100
00000000000101011010
00000000000100110101
00000000000011010000
00000000000010101101
00000000000010101010
00000000000010101010
00000000000010101010
00000000000010101010
00000000000010101010
00000000000010101010
00000000000010101010
00000000000010101010
00000000111011001110
00000010001010101111
00000011010111011111
00000100011100010110
00000100100101010111
00000100011000000010
00000011110010111010
00000011100011111011
00000011011100101001
00000011111000111100
00000100101000111001
00000011101100110110
00000010101101001000
00000001001011111101
00000000010101011011
00000000001000000100
00000000000110001010
00000000000100110011
00000000000011110101
00000000000001111101
00000000000010101010
00000000000010101010
00000000000010101010
00000000000010101010
00000000000010101010
00000000000010101010
00000000000010101010
00000000000010101010
00000001000001010111
00000010010010100010
00000011101001001111
00000100010101100001
00000100000001101011
00000011010001000000
00000010101010100000
00000001111101011001
00000010100001001101
00000011110011001000
00000100101000001110
00000100001100111000
00000010110001011110
00000001000101000111
00000000010000011011
00000000001000010101
00000000000111110011
00000000000101000100
00000000000011111011
00000000000011010111
00000000000010101010
00000000000010101010
00000000000010101010
00000000000010101010
00000000000010101010
00000000000010101010
00000000000010101010
00000000000010101010
00000000101001101000
00000001101101101011
00000010111100011101
00000011001001000101
00000010010101110111
00000001100101011101
00000000110010100001
00000000111000111100
00000010001110100101
00000011100100111000
00000100101001000100
00000011100110101011
00000010011101011011
00000000110010111111
00000000000110101101
00000000001010101100
00000000001000011111
00000000000111001000
00000000000011011000
00000000000010111001
00000000000010101010
00000000000010101010
00000000000010101010
00000000000010101010
00000000000010101010
00000000000010101010
00000000000010101010
00000000000010101010
00000000001100111011
00000000111001000011
00000001011010100111
00000001100101011000
00000001000000101001
00000000010110101100
00000000001001010010
00000000100001101011
00000010010101010011
00000100001000000010
00000100100011000001
00000011100001000101
00000001110010100001
00000000011000001100
00000000000010011011
00000000001010011100
00000000001001011011
00000000000111000000
00000000000100000100
00000000000010101101
00000000000010101010
00000000000010101010
00000000000010101010
00000000000010101010
00000000000010101010
00000000000010101010
00000000000010101010
00000000000010101010
00000000000011101110
00000000001101111111
00000000101100100101
00000000101100110001
00000000101010101101
00000000010011110011
00000000000000000000
00000001001110001110
00000010111101101111
00000100011011010111
00000100010011111011
00000011001000010011
00000001001100110101
00000000011011001000
00000000000001110100
00000000001100000110
00000000001000110001
00000000000111001011
00000000000100000101
00000000000010000011
00000000000010101010
00000000000010101010
00000000000010101010
00000000000010101010
00000000000010101010
00000000000010101010
00000000000010101010
00000000000010101010
00000000000011110010
00000000010001111011
00000000110110001100
00000001000011001001
00000001010111010000
00000001000110111110
00000001000000010100
00000010001001000010
00000011100001100001
00000100110011111001
00000011111110000011
00000010100110110100
00000000111001010101
00000000000000000000
00000000001011100111
00000000001010001010
00000000001001000010
00000000000100011101
00000000000011000110
00000000000010100101
00000000000010101010
00000000000010101010
00000000000010101010
00000000000010101010
00000000000010101010
00000000000010101010
00000000000010101010
00000000000010101010
00000000000011010100
00000000101000010001
00000001101110101001
00000010011111000000
00000010110111100010
00000010110110110001
00000010100110000011
00000011100101111111
00000100101101000010
00000101010001011010
00000100010100111001
00000010110100111101
00000001001010101110
00000000011011011000
00000000001111101100
00000000000100111010
00000000000111011101
00000000000101001010
00000000000001111011
00000000000010110111
00000000000010101010
00000000000010101010
00000000000010101010
00000000000010101010
00000000000010101010
00000000000010101010
00000000000010101010
00000000000010101010
00000000000011100001
00000000111100011000
00000010010111111010
00000011010000100000
00000100000100000011
00000011111011000101
00000100001000010111
00000100111000010101
00000101010101011101
00000101011011000001
00000100011101101111
00000010111011001001
00000001111100101111
00000000111111000011
00000000100101010001
00000000010011010110
00000000000101010011
00000000000100011101
00000000000010110001
00000000000010110101
00000000000010101010
00000000000010101010
00000000000010101010
00000000000010101010
00000000000010101010
00000000000010101010
00000000000010101010
00000000000010101010
00000000000011101001
00000001000010111110
00000010000111011000
00000011001001010000
00000011100000001101
00000011110010111001
00000011111110010100
00000100110100101010
00000101000111001101
00000100110011110110
00000011110100011110
00000010110010100011
00000001100100001100
00000001000110110011
00000000100100001000
00000000001011110100
00000000000110000100
00000000000100000001
00000000000011100001
00000000000010100111
00000000000010101010
00000000000010101010
00000000000010101010
00000000000010101010
00000000000010101010
00000000000010101010
00000000000010101010
00000000000010101010
00000000000011101010
00000000101011101110
00000001001111001010
00000001110111000000
00000010000100010110
00000010011100110110
00000011100001011001
00000100101111100010
00000100100101011101
00000011111100100010
00000010101110101110
00000001101100100101
00000000111011110011
00000000011011110001
00000000001011111101
00000000001000100111
00000000000110001000
00000000000101000101
00000000000011101100
00000000000010101001
00000000000010101010
00000000000010101010
00000000000010101010
00000000000010101010
00000000000010101010
00000000000010101010
00000000000010101010
00000000000010101010
00000000000011011011
00000000001110111001
00000000011111111000
00000000101011111000
00000000110110101011
00000001101110110010
00000011010101011011
00000100100011100101
00000100010011011110
00000011000101101111
00000001100100100000
00000000111101010100
00000000100011011011
00000000010101110101
00000000001000111000
00000000000000000000
00000000000110001000
00000000000100011111
00000000000011111000
00000000000011000000
00000000000010101010
00000000000010101010
00000000000010101010
00000000000010101010
00000000000010101010
00000000000010101010
00000000000010101010
00000000000010101010
00000000000011000001
00000000000101010111
00000000000111111100
00000000001000001001
00000000001001010000
00000001100110010001
00000011001110011001
00000100011101110000
00000011110011001011
00000010011010010100
00000000110001010100
00000000000011001100
00000000001001001110
00000000001000011101
00000000001000101101
00000000001000000111
00000000000111000110
00000000000101110011
00000000000011001001
00000000000010101011
00000000000010101010
00000000000010101010
00000000000010101010
00000000000010101010
00000000000010101010
00000000000010101010
00000000000010101010
00000000000010101010
00000000000010110001
00000000000101111010
00000000000111001001
00000000001000000000
00000000010110001011
00000001111100101101
00000011100110100110
00000100010000110100
00000011010101001110
00000001110001011010
00000000010111001111
00000000000000100001
00000000001000010000
00000000001001010100
00000000001000011000
00000000001001000010
00000000000110101111
00000000000101110011
00000000000100000000
00000000000010110100
00000000000010101010
00000000000010101010
00000000000010101010
00000000000010101010
00000000000010101010
00000000000010101010
00000000000010101010
00000000000010101010
00000000000011000101
00000000000110000100
00000000000110011100
00000000001000000100
00000000101011100001
00000010010110001010
00000100000110010100
00000100000111101101
00000011001101100001
00000001010101000110
00000000010110001100
00000000000000000000
00000000000111100101
00000000001000001100
00000000001000001101
00000000001001000010
00000000000111001011
00000000000101011001
00000000000100010100
00000000000010011011
00000000000010101010
00000000000010101010
00000000000010101010
00000000000010101010
00000000000010101010
00000000000010101010
00000000000010101010
00000000000010101010
00000000000011010001
00000000000101101110
00000000000111001000
00000000000111010001
00000000111111111010
00000010101110000101
00000100011100000011
00000100001011110000
00000011000110001110
00000001001010110001
00000000001001010011
00000000000111110000
00000000000110011110
00000000000110110110
00000000000111011011
00000000000111100010
00000000000110111101
00000000000100100010
00000000000011001011
00000000000010111011
00000000000010101010
00000000000010101010
00000000000010101010
00000000000010101010
00000000000010101010
00000000000010101010
00000000000010101010
00000000000010101010
00000000000100000100
00000000000101110000
00000000000101101100
00000000000111001011
00000001000010110001
00000010101010111110
00000100010111010011
00000011111110000000
00000010111010100000
00000001001010101111
00000000001001100100
00000000000100111100
00000000000101101101
00000000000101110011
00000000000101110101
00000000000101101000
00000000000101101001
00000000000100010100
00000000000011000101
00000000000010011010
00000000000010101010
00000000000010101010
00000000000010101010
00000000000010101010
00000000000010101010
00000000000010101010
00000000000010101010
00000000000010101010
00000000000100010000
00000000000100111000
00000000000110001101
00000000000110000000
00000000101101100100
00000010010011000100
00000100000101000010
00000011110000001110
00000010101101101001
00000001001000110100
00000000000111101000
00000000000100011011
00000000000010111110
00000000000100001110
00000000000011111010
00000000000100100100
00000000000011001111
00000000000011010101
00000000000010100001
00000000000010101011
00000000000010101010
00000000000010101010
00000000000010101010
00000000000010101010
00000000000010101010
00000000000010101010
00000000000010101010
00000000000010101010
00000000000100010101
00000000000101000100
00000000000101101111
00000000000111100111
00000000010001010100
00000001110100101100
00000011010001101010
00000011011010000111
00000010011001011000
00000001000011011011
00000000001010011000
00000000000010111010
00000000000011010110
00000000000010101110
00000000000011010011
00000000000011001100
00000000000011001111
00000000000010100011
00000000000010111001
00000000000010011101
00000000000010101010
00000000000010101010
00000000000010101010
00000000000010101010
00000000000010101010
00000000000010101010
00000000000010101010
00000000000010101010
00000000000100000010
00000000000100011010
00000000000101110110
00000000000110100000
00000000001001010110
00000001010000110010
00000010011000000001
00000010010110101110
00000001110001111011
00000000100101001011
00000000000000000000
00000000000011001001
00000000000010101010
00000000000010101010
00000000000010101010
00000000000010101010
00000000000010101010
00000000000010101010
00000000000010101010
00000000000010101010
00000000000010101010
00000000000010101010
00000000000010101010
00000000000010101010
00000000000010101010
00000000000010101010
00000000000010101010
00000000000010101010
00000000000011100001
00000000000100010111
00000000000100100100
00000000000110111100
00000000001000000110
00000000101101110000
00000001001111010001
00000001001101110110
00000000111000000110
00000000001000010101
00000000000000000000
00000000000010110111
00000000000010101010
00000000000010101010
00000000000010101010
00000000000010101010
00000000000010101010
00000000000010101010
00000000000010101010
00000000000010101010
00000000000010101010
00000000000010101010
00000000000010001011
00000000000010001011
00000000000010001011
00000000000010001011
00000000000010001011
00000000000010001011
00000000000010100111
00000000000011000010
00000000000100000000
00000000000100101100
00000000000101010110
00000000000110011001
00000000000101100101
00000000000111010110
00000000000101100000
00000000001000000000
00000000000110110111
00000000000110101101
00000000000110100100
00000000000101011100
00000000000110011001
00000000000110001110
00000000000111010100
00000000000110100000
00000000000100110010
00000000000100100001
00000000000010001011
00000000000010001011
00000000000010001011
00000000000010001011
00000000000010001011
00000000000010001011
00000000000010001011
00000000000010001011
00000000000011001111
00000000000011000011
00000000000100100001
00000000000110000101
00000000000111101100
00000000000111110000
00000000000111001010
00000000001000101100
00000000000111011110
00000000001010010110
00000000001000110010
00000000001000000000
00000000000110001111
00000000001000011001
00000000001000001101
00000000001000110000
00000000001001011111
00000000001000100010
00000000000101001111
00000000000100001001
00000000000010001011
00000000000010001011
00000000000010001011
00000000000010001011
00000000000010001011
00000000000010001011
00000000000010001011
00000000000010001011
00000000000010100011
00000000000100010000
00000000000101100001
00000000001000000111
00000000001000110111
00000000000111001010
00000000001001011010
00000000001011000001
00000000001010001010
00000000001001100001
00000000001001011001
00000000001000101000
00000000001000111011
00000000001011100110
00000000001001011111
00000000001010010000
00000000001000111101
00000000001000011101
00000000000101101000
00000000000100010011
00000000000010001011
00000000000010001011
00000000000010001011
00000000000010001011
00000000000010001011
00000000000010001011
00000000000010001011
00000000000010001011
00000000000010011110
00000000000101010111
00000000000110101110
00000000001000101000
00000000001000101110
00000000001001010111
00000000001001011001
00000000001000110100
00000000001000101001
00000000001001100010
00000000001011000001
00000000001001010011
00000000001100000001
00000000001001100110
00000000001001111000
00000000001001011100
00000000001010010001
00000000000111000110
00000000000100101101
00000000000011010011
00000000000010001011
00000000000010001011
00000000000010001011
00000000000010001011
00000000000010001011
00000000000010001011
00000000000010001011
00000000000010001011
00000000000011111010
00000000000011111010
00000000000110011100
00000000001001001001
00000000001100101000
00000000001011011010
00000000001001000100
00000000001010100111
00000000000110111110
00000000001010010100
00000000001010101100
00000000001011000000
00000000001011011010
00000000001010111100
00000000001010010111
00000000000111000100
00000000001000101010
00000000000110001110
00000000000110000110
00000000000011111001
00000000000010001011
00000000000010001011
00000000000010001011
00000000000010001011
00000000000010001011
00000000000010001011
00000000000010001011
00000000000010001011
00000000000011101101
00000000000100010110
00000000001001010100
00000000000110001010
00000000001100100001
00000000010000001011
00000000100011100101
00000000111100000011
00000000111100001001
00000000111110000001
00000000111100010101
00000001000011001000
00000000111110110011
00000000111010001010
00000000100011010100
00000000001000100101
00000000000111011001
00000000000110111011
00000000000101011110
00000000000011011111
00000000000010001011
00000000000010001011
00000000000010001011
00000000000010001011
00000000000010001011
00000000000010001011
00000000000010001011
00000000000010001011
00000000000000000000
00000000000100111000
00000000001101100010
00000000100101100001
00000001010100000101
00000001111000011010
00000010011100101000
00000010110110010011
00000010111011001010
00000010110011010101
00000010110010101011
00000010100111101000
00000010001011001000
00000001110111110110
00000000111101001100
00000000001001011111
00000000000110010011
00000000000111110010
00000000000101010011
00000000000100000010
00000000000010001011
00000000000010001011
00000000000010001011
00000000000010001011
00000000000010001011
00000000000010001011
00000000000010001011
00000000000010001011
00000000000000000000
00000000011001111100
00000001000101010001
00000010011110000011
00000011101000100100
00000100001011001111
00000100011101111010
00000100101110000010
00000100010010011111
00000011111111000010
00000011110111101101
00000011110111010000
00000011110001110010
00000010111010111111
00000001100100100001
00000000001001101100
00000000000111000110
00000000000110011101
00000000000100111101
00000000000011001111
00000000000010001011
00000000000010001011
00000000000010001011
00000000000010001011
00000000000010001011
00000000000010001011
00000000000010001011
00000000000010001011
00000000011001010101
00000000111111001100
00000010010001001100
00000011110110001111
00000101100001110100
00000101111101011111
00000101011011000101
00000100110011010011
00000011111011010001
00000100011000011000
00000100101110100010
00000101001101101010
00000100110100010101
00000011101010100101
00000001111011000001
00000000001010111110
00000000001001011100
00000000000101111011
00000000000110111000
00000000000100001001
00000000000010001011
00000000000010001011
00000000000010001011
00000000000010001011
00000000000010001011
00000000000010001011
00000000000010001011
00000000000010001011
00000000110001110001
00000001011000110101
00000010110111010001
00000100011000110100
00000101100011111001
00000101011101100100
00000100100101101001
00000011110110101011
00000011001100110001
00000011111000101100
00000101000100000100
00000101101100000110
00000101110100001100
00000011110101011101
00000001101101101110
00000000001010111111
00000000001010011001
00000000000111100101
00000000000110001000
00000000000011110000
00000000000010001011
00000000000010001011
00000000000010001011
00000000000010001011
00000000000010001011
00000000000010001011
00000000000010001011
00000000000010001011
00000000011100111111
00000001011111011100
00000010101001011011
00000011101001101010
00000011111110100010
00000011101000000101
00000010101100111110
00000001100100011011
00000001111100011000
00000010110000010101
00000100110100110111
00000101011101111110
00000101011101100001
00000011001101101101
00000001010010000010
00000000001100011010
00000000001011101011
00000000001001100101
00000000001000010001
00000000000100100000
00000000000010001011
00000000000010001011
00000000000010001011
00000000000010001011
00000000000010001011
00000000000010001011
00000000000010001011
00000000000010001011
00000000000110000010
00000000110001011111
00000001100000011101
00000010000000010011
00000010001011000001
00000001101110001111
00000000111101111110
00000000001101000101
00000001010001010011
00000010110011000001
00000100111001100100
00000101110001011000
00000101000000110110
00000010110011010111
00000000101001010001
00000000001101001110
00000000001100111111
00000000001011101001
00000000001000100011
00000000000011100000
00000000000010001011
00000000000010001011
00000000000010001011
00000000000010001011
00000000000010001011
00000000000010001011
00000000000010001011
00000000000010001011
00000000000010111100
00000000000110110110
00000000011000001100
00000000110100001111
00000000111001101011
00000000111111011001
00000000101110111000
00000000011101101011
00000001100001110101
00000011100001101000
00000100111101011101
00000101111101110101
00000100001000010000
00000010000000001011
00000000010110110000
00000000001100100010
00000000001101101101
00000000001011001111
00000000001001100001
00000000000010110001
00000000000010001011
00000000000010001011
00000000000010001011
00000000000010001011
00000000000010001011
00000000000010001011
00000000000010001011
00000000000010001011
00000000000010110100
00000000000000000000
00000000000010011111
00000000100000100111
00000001001001111011
00000001100011100101
00000001011001100001
00000001101100101110
00000010110000110111
00000100101100101001
00000101011001101010
00000101100010000100
00000011100011100110
00000001101001000000
00000000001100101011
00000000001011000101
00000000001011111101
00000000001000101001
00000000000111000000
00000000000010101011
00000000000010001011
00000000000010001011
00000000000010001011
00000000000010001011
00000000000010001011
00000000000010001011
00000000000010001011
00000000000010001011
00000000000010010001
00000000000000000000
00000000110000011100
00000001010110101010
00000010101010010111
00000011010011010001
00000011100010000010
00000011101100011101
00000100101000111010
00000101101000100100
00000110001011011101
00000101101001101100
00000011110111100001
00000001111000101100
00000000111000101111
00000000100011111110
00000000001010100111
00000000001001001100
00000000000101010101
00000000000010111010
00000000000010001011
00000000000010001011
00000000000010001011
00000000000010001011
00000000000010001011
00000000000010001011
00000000000010001011
00000000000010001011
00000000000010011100
00000000011001011111
00000001011001110001
00000010100110010000
00000011110101000100
00000100110010111100
00000100101011101001
00000100110011111001
00000101100101010001
00000110010100111111
00000110100110101111
00000101101010111100
00000011111100000111
00000010011111100010
00000001001010011000
00000000100100000101
00000000001000010001
00000000000110111001
00000000000100011111
00000000000011001010
00000000000010001011
00000000000010001011
00000000000010001011
00000000000010001011
00000000000010001011
00000000000010001011
00000000000010001011
00000000000010001011
00000000000010100000
00000000110010100110
00000001011111010101
00000010110111100010
00000011110010010001
00000100101011000011
00000100100000001110
00000100110111010001
00000110001000101011
00000111000001010011
00000110011010000010
00000100111011100110
00000010111110110001
00000010001001010100
00000001001101100011
00000000101111111011
00000000001001100010
00000000000110000001
00000000000100011110
00000000000011100010
00000000000010001011
00000000000010001011
00000000000010001011
00000000000010001011
00000000000010001011
00000000000010001011
00000000000010001011
00000000000010001011
00000000000010110011
00000000011110100100
00000001001000011100
00000010000010110001
00000010110011111001
00000011001110100001
00000011111100110111
00000100111000010101
00000110000111100100
00000110101001110111
00000101111101001111
00000100010011101101
00000010001101110110
00000001100100100101
00000000111001111011
00000000011110111110
00000000001000011010
00000000000110011000
00000000000101110001
00000000000011111000
00000000000010001011
00000000000010001011
00000000000010001011
00000000000010001011
00000000000010001011
00000000000010001011
00000000000010001011
00000000000010001011
00000000000010101101
00000000000111001000
00000000011101110000
00000000110101010010
00000001001101000001
00000001100111100011
00000010101010001000
00000100010001011111
00000101011000011110
00000110000111111001
00000100100001001001
00000010101010110100
00000001010010100001
00000000111110101001
00000000101001100001
00000000010011001100
00000000001001001101
00000000000111011110
00000000000100111001
00000000000011111011
00000000000010001011
00000000000010001011
00000000000010001011
00000000000010001011
00000000000010001011
00000000000010001011
00000000000010001011
00000000000010001011
00000000000010010111
00000000000011001111
00000000000110101001
00000000001000010111
00000000001001100110
00000000110001011111
00000001110100110101
00000011111101110111
00000100111010101110
00000101011001000111
00000011001101011001
00000001001111011011
00000000001010000100
00000000001010010010
00000000001010111001
00000000001010110110
00000000001000100100
00000000001000001000
00000000000101101111
00000000000100100110
00000000000010001011
00000000000010001011
00000000000010001011
00000000000010001011
00000000000010001011
00000000000010001011
00000000000010001011
00000000000010001011
00000000000010010001
00000000000011110011
00000000000100010010
00000000000111010011
00000000000011111011
00000000111011001000
00000010001110111010
00000100010010010101
00000101010110100010
00000100111101000110
00000010110000001101
00000000101001100111
00000000001010000010
00000000001011100011
00000000001000101101
00000000001010000011
00000000001000101011
00000000001001010101
00000000000110001101
00000000000011111000
00000000000010001011
00000000000010001011
00000000000010001011
00000000000010001011
00000000000010001011
00000000000010001011
00000000000010001011
00000000000010001011
00000000000010000011
00000000000011100111
00000000000101101000
00000000000111110100
00000000000100010011
00000001001101110100
00000010110011011010
00000100100010110001
00000101011100001111
00000100011101010101
00000010010110111011
00000000010100001001
00000000001000001110
00000000001001000100
00000000001001001111
00000000001001111110
00000000001000111110
00000000001000010000
00000000000110001101
00000000000100001100
00000000000010001011
00000000000010001011
00000000000010001011
00000000000010001011
00000000000010001011
00000000000010001011
00000000000010001011
00000000000010001011
00000000000010001000
00000000000100010110
00000000000101110011
00000000000111110100
00000000011110110010
00000001011100101010
00000011010001101100
00000100100101111101
00000101010101010010
00000100000111101100
00000010000001101101
00000000001001010101
00000000001000101001
00000000000111100010
00000000001000111100
00000000001000110011
00000000001000011110
00000000000111001011
00000000000101011000
00000000000011011010
00000000000010001011
00000000000010001011
00000000000010001011
00000000000010001011
00000000000010001011
00000000000010001011
00000000000010001011
00000000000010001011
00000000000010101011
00000000000100000101
00000000000100110010
00000000000110100000
00000000110110000010
00000001011011101010
00000011001110001111
00000100011001100010
00000101010010000101
00000100001000011100
00000010000000101001
00000000000110111001
00000000000110001101
00000000000111010010
00000000000101101001
00000000000110110000
00000000000110010101
00000000000110011011
00000000000100001100
00000000000011010001
00000000000010001011
00000000000010001011
00000000000010001011
00000000000010001011
00000000000010001011
00000000000010001011
00000000000010001011
00000000000010001011
00000000000010110000
00000000000011101100
00000000000101100100
00000000000110100111
00000000100010010000
00000001011100101111
00000010111111000011
00000100010011110111
00000100110110100000
00000100001000010101
00000001111111100101
00000000000100111111
00000000000011111110
00000000000100100100
00000000000011110101
00000000000100110010
00000000000100010010
00000000000011111100
00000000000010110111
00000000000010100111
00000000000010001011
00000000000010001011
00000000000010001011
00000000000010001011
00000000000010001011
00000000000010001011
00000000000010001011
00000000000010001011
00000000000011000100
00000000000011011001
00000000000101001111
00000000000101111011
00000000001010111011
00000001001100100010
00000010100011111011
00000011110011100100
00000100000110010110
00000011011000110001
00000001100111001011
00000000000100111000
00000000000011010010
00000000000011000100
00000000000011001001
00000000000011001110
00000000000011010100
00000000000010111100
00000000000010100110
00000000000010011000
00000000000010001011
00000000000010001011
00000000000010001011
00000000000010001011
00000000000010001011
00000000000010001011
00000000000010001011
00000000000010001011
00000000000010111110
00000000000011110011
00000000000100110011
00000000000101111000
00000000001001000100
00000000111100001111
00000001111001000000
00000010100001011010
00000010110000111101
00000010011000010000
00000001001011111010
00000000000011101010
00000000000010001011
00000000000010001011
00000000000010001011
00000000000010001011
00000000000010001011
00000000000010001011
00000000000010001011
00000000000010001011
00000000000010001011
00000000000010001011
00000000000010001011
00000000000010001011
00000000000010001011
00000000000010001011
00000000000010001011
00000000000010001011
00000000000010101101
00000000000011100111
00000000000100011011
00000000000110001001
00000000001000001011
00000000100011000110
00000001001100011011
00000001101001010000
00000001101100001000
00000001010100011100
00000000100011111101
00000000000100001100
00000000000010001011
00000000000010001011
00000000000010001011
00000000000010001011
00000000000010001011
00000000000010001011
00000000000010001011
00000000000010001011
00000000000010001011
00000000000010001011
00000000000010001011
00000000000010001011
00000000000010001011
00000000000010001011
00000000000010001011
00000000000010001011
00000000000010101011
00000000000010011001
00000000000001110111
00000000000011011001
00000000000001100001
00000000000010101000
00000000000001100010
00000000000010000000
00000000000010100000
00000000000001101110
00000000000010110001
00000000000001000111
00000000000001110100
00000000000010101000
00000000000010100001
00000000000010010001
00000000000001100110
00000000000001111101
00000000000001011101
00000000000001111001
00000000000010001011
00000000000010001011
00000000000010001011
00000000000010001011
00000000000010001011
00000000000010001011
00000000000010001011
00000000000010001011
00000000000010101010
00000000000010000111
00000000000010100000
00000000000010100011
00000000000001101111
00000000000010010000
00000000000010110101
00000000000011101001
00000000000001101100
00000000000010010111
00000000000001101111
00000000000001101011
00000000000011100110
00000000000010101101
00000000000010001111
00000000000000111001
00000000000001110110
00000000000001110100
00000000000010110001
00000000000010010000
00000000000010001011
00000000000010001011
00000000000010001011
00000000000010001011
00000000000010001011
00000000000010001011
00000000000010001011
00000000000010001011
00000000000010111100
00000000000010001011
00000000000010110100
00000000000010001100
00000000000001000011
00000000000010011010
00000000000001110110
00000000000001000110
00000000000001111101
00000000000010101101
00000000000010000000
00000000000010101010
00000000000001101011
00000000000010111100
00000000000001000000
00000000000011000100
00000000000010000001
00000000000001101011
00000000000001110100
00000000000010000001
00000000000010001011
00000000000010001011
00000000000010001011
00000000000010001011
00000000000010001011
00000000000010001011
00000000000010001011
00000000000010001011
00000000000010110111
00000000000010010011
00000000000001010100
00000000000010100101
00000000000010011000
00000000000010001110
00000000000010101001
00000000000001011010
00000000000001111100
00000000000010000010
00000000000011100011
00000000000001001001
00000000000010001110
00000000000000111100
00000000000000101111
00000000000001110100
00000000000001000110
00000000000010101001
00000000000010011000
00000000000010100101
00000000000010001011
00000000000010001011
00000000000010001011
00000000000010001011
00000000000010001011
00000000000010001011
00000000000010001011
00000000000010001011
00000000000011100000
00000000000010000110
00000000000010001000
00000000000011100110
00000000000000000000
00000000000010011001
00000000000001001011
00000000000001111000
00000000000010101111
00000000000011010100
00000000000001111011
00000000000000111110
00000000000010111110
00000000000001001011
00000000000011100010
00000000000010101111
00000000000001101101
00000000000001111110
00000000000001100010
00000000000001111110
00000000000010001011
00000000000010001011
00000000000010001011
00000000000010001011
00000000000010001011
00000000000010001011
00000000000010001011
00000000000010001011
00000000000010010100
00000000000010111101
00000000000010111011
00000000001101000010
00000000001011001100
00000000010011110000
00000000001001101101
00000000000100000010
00000000000011101100
00000000000100011100
00000000000011110001
00000000000000000000
00000000000000000000
00000000000000000000
00000000000000000000
00000000000001100111
00000000000010101111
00000000000001101111
00000000000010101110
00000000000001111101
00000000000010001011
00000000000010001011
00000000000010001011
00000000000010001011
00000000000010001011
00000000000010001011
00000000000010001011
00000000000010001011
00000000001101100111
00000000001011101011
00000000010100011100
00000000001111110001
00000000010000110011
00000000000101100100
00000000001000110100
00000000000011010001
00000000000000000000
00000000000100010011
00000000000000000000
00000000000000000000
00000000000000000000
00000000000000000000
00000000000000000000
00000000000001111101
00000000000001101010
00000000000001100100
00000000000001101110
00000000000010000011
00000000000010001011
00000000000010001011
00000000000010001011
00000000000010001011
00000000000010001011
00000000000010001011
00000000000010001011
00000000000010001011
00000000010101000010
00000000011001010111
00000000010101111110
00000000011010110000
00000000000000000000
00000000000000000000
00000000000000000000
00000000000000000000
00000000000000000000
00000000000000000000
00000000011000000101
00000000000000000000
00000000000000000000
00000000000000000000
00000000000000000000
00000000000001101010
00000000000001100000
00000000000010110001
00000000000010011100
00000000000010101000
00000000000010001011
00000000000010001011
00000000000010001011
00000000000010001011
00000000000010001011
00000000000010001011
00000000000010001011
00000000000010001011
00000000011000100010
00000000011110010010
00000000001010100001
00000000000111101111
00000000000000000000
00000000000000000000
00000000000000000000
00000000000101110010
00000000001111000000
00000000101001111000
00000000100101100100
00000000000000000000
00000000000000000000
00000000000000000000
00000000000000100111
00000000000000111101
00000000000001000100
00000000000010000100
00000000000001010111
00000000000001111000
00000000000010001011
00000000000010001011
00000000000010001011
00000000000010001011
00000000000010001011
00000000000010001011
00000000000010001011
00000000000010001011
00000000001110100001
00000000000101010111
00000000001011010110
00000000000000000000
00000000000000000000
00000000000000000000
00000000000000000000
00000000000000000000
00000000100001011000
00000000100001001110
00000000000010101110
00000000000000000000
00000000000000000000
00000000001000110110
00000000000010110101
00000000000011010100
00000000000001011011
00000000000001110010
00000000000010100111
00000000000001111001
00000000000010001011
00000000000010001011
00000000000010001011
00000000000010001011
00000000000010001011
00000000000010001011
00000000000010001011
00000000000010001011
00000000000000000000
00000000000000000000
00000000000000000000
00000000000000000000
00000000000000000000
00000000000001101100
00000000000000000000
00000000000011000100
00000000001100111011
00000000010101111010
00000000000000000000
00000000000000000000
00000000000000000000
00000000000100101110
00000000001001010001
00000000000001010110
00000000000010011111
00000000000000001001
00000000000001010010
00000000000010000001
00000000000010001011
00000000000010001011
00000000000010001011
00000000000010001011
00000000000010001011
00000000000010001011
00000000000010001011
00000000000010001011
00000000000001101011
00000000000000000000
00000000000000000000
00000000000000000000
00000000000000110000
00000000001110101101
00000000001101011001
00000000010010001010
00000000100011010100
00000000000110010110
00000000000000000000
00000000000000000000
00000000000000000000
00000000001000011001
00000000001100111001
00000000000011001011
00000000000001100101
00000000000010100100
00000000000010001111
00000000000010101111
00000000000010001011
00000000000010001011
00000000000010001011
00000000000010001011
00000000000010001011
00000000000010001011
00000000000010001011
00000000000010001011
00000000000010101000
00000000000001001110
00000000000000111100
00000000000000000000
00000000000110001111
00000000000000000000
00000000000000000000
00000000100010110011
00000000011010000111
00000000000000000000
00000000000000000000
00000000000000000000
00000000000001111001
00000000000011000010
00000000000001100011
00000000000001100010
00000000000000000000
00000000000001011011
00000000000001101100
00000000000010001001
00000000000010001011
00000000000010001011
00000000000010001011
00000000000010001011
00000000000010001011
00000000000010001011
00000000000010001011
00000000000010001011
00000000000010010010
00000000001101001000
00000000010011100010
00000000011010001010
00000000000000000000
00000000000101100100
00000000000000000000
00000000011000010111
00000000001010010010
00000000000000000000
00000000000000000000
00000000000000001111
00000000000000000000
00000000000011110101
00000000000010110001
00000000000000000001
00000000000010110000
00000000000011000110
00000000000010111110
00000000000010000101
00000000000010001011
00000000000010001011
00000000000010001011
00000000000010001011
00000000000010001011
00000000000010001011
00000000000010001011
00000000000010001011
00000000000010010010
00000000010100110011
00000000100110001101
00000000001101011101
00000000000111010000
00000000000000000000
00000000000010111011
00000000001110110000
00000000000000000000
00000000000000000000
00000000000000000000
00000000000010001010
00000000001000000101
00000000000000000000
00000000000000000000
00000000000000000000
00000000000001001010
00000000000010010110
00000000000010011011
00000000000010000011
00000000000010001011
00000000000010001011
00000000000010001011
00000000000010001011
00000000000010001011
00000000000010001011
00000000000010001011
00000000000010001011
00000000000010101010
00000000011000101101
00000000010001110111
00000000000000000000
00000000000111000101
00000000000010100110
00000000001100011100
00000000000000000000
00000000000000000000
00000000000000000000
00000000000000000000
00000000000000000000
00000000000000000000
00000000000000000000
00000000000000000000
00000000000000000000
00000000000010001011
00000000000010000000
00000000000001111011
00000000000010000110
00000000000010001011
00000000000010001011
00000000000010001011
00000000000010001011
00000000000010001011
00000000000010001011
00000000000010001011
00000000000010001011
00000000000010010101
00000000001110110010
00000000000000000000
00000000000000000000
00000000000000000000
00000000010100011100
00000000011010100010
00000000101000110000
00000000000000000000
00000000000000000000
00000000000000000000
00000000001010010110
00000000000000000011
00000000000000000000
00000000000000000000
00000000000000000000
00000000000001100010
00000000000010100000
00000000000001111011
00000000000010001111
00000000000010001011
00000000000010001011
00000000000010001011
00000000000010001011
00000000000010001011
00000000000010001011
00000000000010001011
00000000000010001011
00000000000010100011
00000000000000000000
00000000000000000000
00000000000000000000
00000000000000000000
00000000010001010001
00000000100011101000
00000000011000111101
00000000000000000000
00000000000000000000
00000000000000000000
00000000000000100011
00000000010011110110
00000000011010110000
00000000010100110001
00000000001011101110
00000000000001100101
00000000000001110101
00000000000001111001
00000000000010000000
00000000000010001011
00000000000010001011
00000000000010001011
00000000000010001011
00000000000010001011
00000000000010001011
00000000000010001011
00000000000010001011
00000000000010001010
00000000000001111110
00000000000000000000
00000000000000000000
00000000000000000000
00000000001110111010
00000000001000100111
00000000000000000000
00000000000000000000
00000000000000000000
00000000000000000000
00000000000000000000
00000000000000000000
00000000000000000000
00000000000001011100
00000000000010011110
00000000000001101101
00000000000001111000
00000000000010100001
00000000000001111111
00000000000010001011
00000000000010001011
00000000000010001011
00000000000010001011
00000000000010001011
00000000000010001011
00000000000010001011
00000000000010001011
00000000000010001110
00000000000010100100
00000000000001110000
00000000000000110000
00000000000011011110
00000000100000010011
00000000010100100010
00000000000000000000
00000000000000000000
00000000000000000000
00000000000100001001
00000000000111101010
00000000000010100001
00000000000010010110
00000000000010100101
00000000000001100011
00000000000010010010
00000000000001101011
00000000000001101100
00000000000010001011
00000000000010001011
00000000000010001011
00000000000010001011
00000000000010001011
00000000000010001011
00000000000010001011
00000000000010001011
00000000000010001011
00000000000010001011
00000000000011100000
00000000000001100111
00000000000010001100
00000000001011110001
00000000011110100111
00000000010000010011
00000000000000000000
00000000000000000000
00000000000000000000
00000000001001110011
00000000001010100110
00000000000001010110
00000000000001111100
00000000000001110011
00000000000010001110
00000000000001011110
00000000000001110000
00000000000010010010
00000000000010010010
00000000000010001011
00000000000010001011
00000000000010001011
00000000000010001011
00000000000010001011
00000000000010001011
00000000000010001011
00000000000010001011
00000000000010011110
00000000000010011001
00000000000010010101
00000000000001011110
00000000010110010110
00000000100010101010
00000000000101110111
00000000000000000000
00000000000000000000
00000000000000000000
00000000000000000000
00000000000010011101
00000000000001011000
00000000000010001110
00000000000010000111
00000000000010111010
00000000000001000111
00000000000010001000
00000000000001101000
00000000000001111111
00000000000010001011
00000000000010001011
00000000000010001011
00000000000010001011
00000000000010001011
00000000000010001011
00000000000010001011
00000000000010001011
00000000000010011001
00000000000011000101
00000000000000110000
00000000000001110101
00000000010111001001
00000000011100000001
00000000000000000000
00000000000000000000
00000000000000000000
00000000000000000000
00000000000000000000
00000000000001100011
00000000000010000111
00000000000010100011
00000000000010100010
00000000000001011000
00000000000010010001
00000000000010010011
00000000000010111011
00000000000010011001
00000000000010001011
00000000000010001011
00000000000010001011
00000000000010001011
00000000000010001011
00000000000010001011
00000000000010001011
00000000000010001011
00000000000010111110
00000000000001101111
00000000000010001110
00000000000010000010
00000000001110111110
00000000001111010101
00000000001000011000
00000000000000000000
00000000000000000000
00000000000000000000
00000000000000000000
00000000000001101110
00000000000001011111
00000000000010000000
00000000000001110000
00000000000001101111
00000000000001011101
00000000000010000001
00000000000010010000
00000000000010000111
00000000000010001011
00000000000010001011
00000000000010001011
00000000000010001011
00000000000010001011
00000000000010001011
00000000000010001011
00000000000010001011
00000000000010011010
00000000000010010110
00000000000001011100
00000000000010101110
00000000000000000000
00000000001101101010
00000000000111101001
00000000000000000000
00000000000000000000
00000000000000000000
00000000000000000000
00000000000010100001
00000000000010100001
00000000000010011000
00000000000001111001
00000000000010010000
00000000000010010100
00000000000010100111
00000000000010010111
00000000000010010111
00000000000010001011
00000000000010001011
00000000000010001011
00000000000010001011
00000000000010001011
00000000000010001011
00000000000010001011
00000000000010001011
00000000000010110110
00000000000001101001
00000000000010100001
00000000000010010110
00000000000001101010
00000000001010011011
00000000000000000000
00000000000000000000
00000000000000000000
00000000001101110101
00000000000010100100
00000000000001101111
00000000000010000111
00000000000001111111
00000000000001110001
00000000000001111100
00000000000001111110
00000000000010000001
00000000000010001100
00000000000010001011
00000000000010001011
00000000000010001011
00000000000010001011
00000000000010001011
00000000000010001011
00000000000010001011
00000000000010001011
00000000000010001011
00000000000010001111
00000000000010010011
00000000000010000011
00000000000010101111
00000000000011011110
00000000001100101110
00000000000000000000
00000000000000000000
00000000000010010110
00000000001110011010
00000000001000100011
00000000000001111011
00000000000010001011
00000000000010001011
00000000000010001011
00000000000010001011
00000000000010001011
00000000000010001011
00000000000010001011
00000000000010001011
00000000000010001011
00000000000010001011
00000000000010001011
00000000000010001011
00000000000010001011
00000000000010001011
00000000000010001011
00000000000010001011
00000000000010011000
00000000000001100101
00000000000001110110
00000000000010101001
00000000000001001111
00000000000000000000
00000000000000000000
00000000000000000000
00000000001100000001
00000000010101100001
00000000001010110000
00000000000010000010
00000000000010001011
00000000000010001011
00000000000010001011
00000000000010001011
00000000000010001011
00000000000010001011
00000000000010001011
00000000000010001011
00000000000010001011
00000000000010001011
00000000000111010000
00000000000111010000
00000000000111010000
00000000000111010000
00000000000111010000
00000000000111010000
00000000000111110110
00000000000111101011
00000000001000001001
00000000001001001100
00000000001000010011
00000000001001000011
00000000001001001000
00000000000111111100
00000000001000111011
00000000001001010110
00000000001000110000
00000000001000010111
00000000001001000001
00000000001000010010
00000000001000100100
00000000001001101100
00000000001001110101
00000000000111011110
00000000001000000110
00000000000110110000
00000000000111010000
00000000000111010000
00000000000111010000
00000000000111010000
00000000000111010000
00000000000111010000
00000000000111010000
00000000000111010000
00000000001000100011
00000000001000100100
00000000001000001001
00000000001001110011
00000000001001011111
00000000001001011001
00000000001011010110
00000000001001100100
00000000001001011001
00000000001001110000
00000000001010101110
00000000001010001110
00000000001000011000
00000000001011011111
00000000001000011110
00000000001010001010
00000000001010000110
00000000001000011000
00000000001000010000
00000000000110111011
00000000000111010000
00000000000111010000
00000000000111010000
00000000000111010000
00000000000111010000
00000000000111010000
00000000000111010000
00000000000111010000
00000000001000001010
00000000001010011110
00000000001001000011
00000000001011001011
00000000001010100110
00000000001010100001
00000000001100101100
00000000001011101001
00000000001100110110
00000000001010111111
00000000001011100001
00000000001010001010
00000000001010001000
00000000001011111000
00000000001011110100
00000000001101010011
00000000001010100000
00000000001001000000
00000000001000101110
00000000000111100100
00000000000111010000
00000000000111010000
00000000000111010000
00000000000111010000
00000000000111010000
00000000000111010000
00000000000111010000
00000000000111010000
00000000001000011001
00000000001001111001
00000000001010011101
00000000001100011010
00000000001001111000
00000000001010010011
00000000001011010111
00000000001011111110
00000000001100010010
00000000001100000011
00000000001101000011
00000000001010111001
00000000001100001001
00000000001100100101
00000000001011110111
00000000001100100110
00000000001011000101
00000000001001000110
00000000000111100100
00000000000111001010
00000000000111010000
00000000000111010000
00000000000111010000
00000000000111010000
00000000000111010000
00000000000111010000
00000000000111010000
00000000000111010000
00000000001001011001
00000000001010001101
00000000001010110100
00000000001100101010
00000000001011110000
00000000001010110101
00000000001100001111
00000000001011001010
00000000001010110000
00000000001011001101
00000000001011011010
00000000001100101110
00000000001100001101
00000000001010111111
00000000001010001001
00000000001010101000
00000000001010011110
00000000001001010101
00000000001000000111
00000000000111001001
00000000000111010000
00000000000111010000
00000000000111010000
00000000000111010000
00000000000111010000
00000000000111010000
00000000000111010000
00000000000111010000
00000000001001011000
00000000001010010000
00000000001100000110
00000000000110100010
00000000010001000010
00000000001100111010
00000000001101110101
00000000000000111101
00000000000001111111
00000000000011110111
00000000000001111011
00000000001000011011
00000000000000000000
00000000000001010111
00000000000000001001
00000000001010111010
00000000001001110010
00000000001000011011
00000000000111111000
00000000000111000100
00000000000111010000
00000000000111010000
00000000000111010000
00000000000111010000
00000000000111010000
00000000000111010000
00000000000111010000
00000000000111010000
00000000000100001100
00000000010010100110
00000000001110000110
00000000010001011001
00000000001000101100
00000000010011011010
00000000100110000101
00000000011111111000
00000000100101101110
00000000010111111001
00000000100111011101
00000000100111000001
00000000100000100100
00000000001100010011
00000000000000000000
00000000001010101011
00000000001010011011
00000000001000111110
00000000001000100000
00000000000111010000
00000000000111010000
00000000000111010000
00000000000111010000
00000000000111010000
00000000000111010000
00000000000111010000
00000000000111010000
00000000000111010000
00000000000001100000
00000000010111000110
00000000100010100000
00000001010000011110
00000001011011000111
00000001011010001101
00000001111001010101
00000001111010110001
00000001111111101001
00000010000101011110
00000001111001111000
00000001100010001111
00000001000001101111
00000000100111001111
00000000000000000000
00000000001001101101
00000000001001111101
00000000001000110111
00000000000111100010
00000000000111001010
00000000000111010000
00000000000111010000
00000000000111010000
00000000000111010000
00000000000111010000
00000000000111010000
00000000000111010000
00000000000111010000
00000000100110001100
00000000111110000111
00000001101000001101
00000010101111001001
00000011000000111011
00000010111110111111
00000010111000001001
00000010110010011000
00000010010011010110
00000010101001111000
00000010111011100001
00000010010010100001
00000001010001010000
00000000101111000001
00000000000000000000
00000000001010110110
00000000001001100000
00000000001001101101
00000000000111110110
00000000000111000100
00000000000111010000
00000000000111010000
00000000000111010000
00000000000111010000
00000000000111010000
00000000000111010000
00000000000111010000
00000000000111010000
00000001000000100101
00000001111001101111
00000010011001001101
00000011101001011111
00000011110101001101
00000011100111101010
00000011011010100101
00000011001111101101
00000011001101110110
00000011101010110000
00000100011101111001
00000011101100100000
00000010001111101000
00000001001001110000
00000000010000000101
00000000001011100101
00000000001000010101
00000000001000110011
00000000001000001011
00000000000110111110
00000000000111010000
00000000000111010000
00000000000111010000
00000000000111010000
00000000000111010000
00000000000111010000
00000000000111010000
00000000000111010000
00000000111111010101
00000010100010011001
00000011011110001001
00000011101011101000
00000011011110001100
00000010101110000111
00000010000111110111
00000001111000000111
00000010100000111110
00000011010010011101
00000100001001100010
00000011010101111001
00000001110111010111
00000000111010010001
00000000010100001100
00000000010000000100
00000000001001110110
00000000001001010011
00000000000111110100
00000000000111010000
00000000000111010000
00000000000111010000
00000000000111010000
00000000000111010000
00000000000111010000
00000000000111010000
00000000000111010000
00000000000111010000
00000000100100101011
00000001100001001111
00000010100001001100
00000010100101000101
00000001110111011111
00000001001010011111
00000000100011101000
00000000001101111111
00000001101001001001
00000011001100110111
00000011111001010101
00000011000010001011
00000001110001111100
00000000100010000011
00000000010011010001
00000000001100100110
00000000001100000011
00000000001010010010
00000000000110101111
00000000000111001000
00000000000111010000
00000000000111010000
00000000000111010000
00000000000111010000
00000000000111010000
00000000000111010000
00000000000111010000
00000000000111010000
00000000001000001110
00000000100101001101
00000001000010101010
00000001010011110100
00000000110011100010
00000000101000110001
00000000001010011111
00000000100101000010
00000001111101100100
00000011100001000111
00000011101100100011
00000010100101011110
00000001100110001100
00000000100001110011
00000000011011011010
00000000001110101101
00000000001101100000
00000000001100011101
00000000001000011011
00000000000111111000
00000000000111010000
00000000000111010000
00000000000111010000
00000000000111010000
00000000000111010000
00000000000111010000
00000000000111010000
00000000000111010000
00000000001000000000
00000000000011010001
00000000010000100000
00000000010001101010
00000000011110001011
00000000010011101111
00000000000000000000
00000000111010110110
00000010010010100000
00000011011101000000
00000011010101110111
00000001101110001000
00000000111001011100
00000000000111010011
00000000001101101010
00000000001110001111
00000000001010110011
00000000001001011110
00000000000110111100
00000000000111000010
00000000000111010000
00000000000111010000
00000000000111010000
00000000000111010000
00000000000111010000
00000000000111010000
00000000000111010000
00000000000111010000
00000000001000001011
00000000000010001000
00000000110010110100
00000000110100011100
00000001000000101111
00000000111101100011
00000000100100110000
00000001110111100000
00000011001101010111
00000011100101000111
00000011001111111100
00000010000001001100
00000000110110010011
00000000000000101001
00000000000011011000
00000000000011001010
00000000001100001111
00000000001010001110
00000000001000110000
00000000000111000100
00000000000111010000
00000000000111010000
00000000000111010000
00000000000111010000
00000000000111010000
00000000000111010000
00000000000111010000
00000000000111010000
00000000000111100110
00000000100110000011
00000001011011100101
00000010000001000110
00000010011001101111
00000010010010000110
00000010000001011111
00000011000110110100
00000100001000100011
00000100000111000011
00000011000000000100
00000010000111000100
00000001100000111111
00000000101111110001
00000000010111011010
00000000000110100101
00000000001001010011
00000000001000001000
00000000000111111010
00000000000111001110
00000000000111010000
00000000000111010000
00000000000111010000
00000000000111010000
00000000000111010000
00000000000111010000
00000000000111010000
00000000000111010000
00000000000111101010
00000001000001001111
00000010010101001010
00000010110101110001
00000011010010110010
00000011000010101100
00000011000110101010
00000011011011100010
00000100010000100101
00000100000001101110
00000011001010001011
00000010000110011011
00000001011010110000
00000000110011101101
00000000100101010100
00000000001011011111
00000000001010000001
00000000001000101010
00000000000111011111
00000000000110111100
00000000000111010000
00000000000111010000
00000000000111010000
00000000000111010000
00000000000111010000
00000000000111010000
00000000000111010000
00000000000111010000
00000000001000011010
00000001000001011100
00000010000101001110
00000010101100101111
00000011001010110010
00000011001011011011
00000011111000010111
00000100010110011100
00000100011101111100
00000100000001111111
00000011001100100101
00000010000001110011
00000001011110001000
00000000101001011011
00000000010011011101
00000000001000010111
00000000001001101010
00000000001000111001
00000000001000001001
00000000000111000000
00000000000111010000
00000000000111010000
00000000000111010000
00000000000111010000
00000000000111010000
00000000000111010000
00000000000111010000
00000000000111010000
00000000000111111001
00000000100110000010
00000001001001111011
00000001100011100110
00000001110110101111
00000010010110101100
00000011010110010110
00000100010110111000
00000100001000100000
00000011001100101001
00000010100001010011
00000001111000101001
00000001100101001010
00000001000010011001
00000000101000011100
00000000010101011110
00000000001001100011
00000000000111111011
00000000001000011011
00000000000111001101
00000000000111010000
00000000000111010000
00000000000111010000
00000000000111010000
00000000000111010000
00000000000111010000
00000000000111010000
00000000000111010000
00000000001000000100
00000000001001101000
00000000001011100010
00000000001101100100
00000000001100010101
00000000111100011010
00000010011111100010
00000011101100000001
00000011010011101111
00000001110010110111
00000000111001011101
00000000010100000001
00000000001100101000
00000000001100000010
00000000001010111001
00000000001100011000
00000000001011011010
00000000001000011011
00000000001000000110
00000000000110110101
00000000000111010000
00000000000111010000
00000000000111010000
00000000000111010000
00000000000111010000
00000000000111010000
00000000000111010000
00000000000111010000
00000000000111010111
00000000001001010001
00000000001011111110
00000000001010111110
00000000000110011011
00000001100010101001
00000010111110010101
00000011100110111101
00000011000101011000
00000001101111100011
00000000100000001101
00000000010011100011
00000000001100011000
00000000001101111100
00000000001011111100
00000000001010100110
00000000001011011111
00000000001001010011
00000000001000000111
00000000000111010010
00000000000111010000
00000000000111010000
00000000000111010000
00000000000111010000
00000000000111010000
00000000000111010000
00000000000111010000
00000000000111010000
00000000000111001101
00000000001001110000
00000000001010100110
00000000001010000111
00000000000101111000
00000001101001111011
00000011001100000001
00000011100010001101
00000010100000010110
00000001100011100010
00000000010111000000
00000000010101101001
00000000001010011010
00000000001010111110
00000000001101001101
00000000001011001111
00000000001010111000
00000000001001011110
00000000001000100011
00000000000111010100
00000000000111010000
00000000000111010000
00000000000111010000
00000000000111010000
00000000000111010000
00000000000111010000
00000000000111010000
00000000000111010000
00000000000111001111
00000000001010101100
00000000001011010111
00000000001011101101
00000000101001011111
00000001110011010000
00000011011100110100
00000011011011110001
00000010001011111100
00000001001000010111
00000000000010101111
00000000001100100100
00000000001011111101
00000000001010111000
00000000001100000111
00000000001100011010
00000000001010110011
00000000001001001000
00000000000111110011
00000000000111000110
00000000000111010000
00000000000111010000
00000000000111010000
00000000000111010000
00000000000111010000
00000000000111010000
00000000000111010000
00000000000111010000
00000000000111111000
00000000001001110000
00000000001001110101
00000000001010001100
00000001000011010110
00000010001111101111
00000011011010110111
00000011010110001110
00000010001110001111
00000001001001110111
00000000000010011110
00000000001011010100
00000000001011011111
00000000001010111100
00000000001011100010
00000000001100000111
00000000001010111111
00000000001001010101
00000000001000110011
00000000000111100101
00000000000111010000
00000000000111010000
00000000000111010000
00000000000111010000
00000000000111010000
00000000000111010000
00000000000111010000
00000000000111010000
00000000000111111110
00000000001001111010
00000000001010011100
00000000001010111100
00000001000000100011
00000010011101011011
00000011100111011100
00000011001101011011
00000010010110000111
00000001001000011111
00000000000001000001
00000000001000011010
00000000001000110001
00000000001001000000
00000000001001100101
00000000001001001100
00000000001000111100
00000000000111110011
00000000000111100111
00000000000111001110
00000000000111010000
00000000000111010000
00000000000111010000
00000000000111010000
00000000000111010000
00000000000111010000
00000000000111010000
00000000000111010000
00000000001001000011
00000000001001000111
00000000001001001011
00000000001010011000
00000000100111001010
00000001111111110001
00000011011000101011
00000010111110001101
00000010011110101101
00000001010100000111
00000000001100011111
00000000001000001001
00000000001000100100
00000000001001000111
00000000001000101011
00000000001000111010
00000000001000100110
00000000001000000111
00000000000111101000
00000000000111011110
00000000000111010000
00000000000111010000
00000000000111010000
00000000000111010000
00000000000111010000
00000000000111010000
00000000000111010000
00000000000111010000
00000000001000001100
00000000001001001100
00000000001000111110
00000000001001111111
00000000001100000110
00000001100001011110
00000010111001101100
00000010011000001010
00000001110100001110
00000001000111110100
00000000010000100001
00000000000111001000
00000000000111010000
00000000000111010000
00000000000111010000
00000000000111010000
00000000000111010000
00000000000111010000
00000000000111010000
00000000000111010000
00000000000111010000
00000000000111010000
00000000000111010000
00000000000111010000
00000000000111010000
00000000000111010000
00000000000111010000
00000000000111010000
00000000001000110001
00000000001001010100
00000000001010001011
00000000001100000111
00000000001101001101
00000001000100011010
00000010000111001000
00000001110101010111
00000001001011101110
00000000101100110110
00000000010000111101
00000000000111010000
00000000000111010000
00000000000111010000
00000000000111010000
00000000000111010000
00000000000111010000
00000000000111010000
00000000000111010000
00000000000111010000
00000000000111010000
00000000000111010000
00000000000000000000
00000000000000000000
00000000000000000000
00000000000000000000
00000000000000000000
00000000000000000000
00000000000000000000
00000000000000000000
00000000000000000000
00000000000000000000
00000000000000000000
00000000000000000000
00000000000000000000
00000000000000000000
00000000000000000000
00000000000000000000
00000000000000000000
00000000000000000000
00000000000000000000
00000000000000000000
00000000000000000000
00000000000000000000
00000000000000000100
00000000000000000000
00000000000000000000
00000000000000000101
00000000000000000000
00000000000000000000
00000000000000000000
00000000000000000000
00000000000000000000
00000000000000000000
00000000000000000000
00000000000000000000
00000000000000000000
00000000000000000000
00000000000000000000
00000000000000000000
00000000000000000000
00000000000000000000
00000000000000000000
00000000000000000000
00000000000000000000
00000000000000000000
00000000000000000000
00000000000000000000
00000000000000000000
00000000000000000000
00000000000000000101
00000000000000000000
00000000000000011111
00000000000000000000
00000000000000100111
00000000000000000000
00000000000000000000
00000000000000000000
00000000000000000000
00000000000000000000
00000000000000000000
00000000000000000000
00000000000000000000
00000000000000000000
00000000000000000000
00000000000000000000
00000000000000000000
00000000000000000000
00000000000000010111
00000000000000000000
00000000000000000000
00000000000000000000
00000000000000000000
00000000000000000000
00000000000000000000
00000000000000000000
00000000000000000000
00000000000000000000
00000000000000000000
00000000000000000000
00000000000000000101
00000000000000000000
00000000000000010010
00000000000000000000
00000000000000000000
00000000000000000000
00000000000000000000
00000000000000000000
00000000000000000000
00000000000000000000
00000000000000000000
00000000000000000000
00000000000000000000
00000000000000000000
00000000000000000000
00000000000000000000
00000000000000000000
00000000000000000000
00000000000000101100
00000000000000000000
00000000000000000000
00000000000000000000
00000000000000000000
00000000000000000000
00000000000000000000
00000000000000110101
00000000000000000000
00000000000000000000
00000000000000000000
00000000000000000000
00000000000000000000
00000000000000000100
00000000000000000000
00000000000000000000
00000000000000000000
00000000000000000000
00000000000000000000
00000000000000000000
00000000000000000000
00000000000000000000
00000000000000000000
00000000000000000000
00000000000000000000
00000000000000000000
00000000000000000000
00000000000000001100
00000000000000000000
00000000000000000000
00000000000000001000
00000000000000000000
00000000000000000000
00000000000000000000
00000000000000000000
00000000000000000000
00000000000000000000
00000000000000100001
00000000000000000000
00000000000000011100
00000000000000000000
00000000000000001111
00000000000000000000
00000000000000000000
00000000000000000000
00000000000000000000
00000000000000000000
00000000000000000000
00000000000000000000
00000000000000000000
00000000000000000000
00000000000000000000
00000000000000000000
00000000000000000000
00000000000000000000
00000000000000000000
00000000000000000000
00000000000000000000
00000000000000000000
00000000000000000000
00000000000000000000
00000000000000011100
00000000000110001011
00000000000000110110
00000000000101111110
00000000000000000000
00000000000000000000
00000000000000000000
00000000000000100010
00000000000000000000
00000000000000000000
00000000000000000000
00000000000000000000
00000000000000000000
00000000000000000000
00000000000000000000
00000000000000000000
00000000000000000000
00000000000000000000
00000000000000000000
00000000000000000000
00000000000000000000
00000000000000000000
00000000000000000000
00000000000000000000
00000000000000000000
00000000000000000000
00000000000000000000
00000000000000000000
00000000000000000000
00000000000000000000
00000000000010000101
00000000000000000000
00000000000000000000
00000000000000001111
00000000000000000000
00000000000000011010
00000000000000000000
00000000000000000000
00000000000000000000
00000000000000000000
00000000000000000000
00000000000000000000
00000000000000000000
00000000000000000000
00000000000000000000
00000000000000000000
00000000000000000000
00000000000000000000
00000000000000000000
00000000000000000000
00000000000000000000
00000000000000000000
00000000000000000000
00000000000000000000
00000000000000000000
00000000000000000000
00000000000000000000
00000000000000000000
00000000000010100001
00000000000000000000
00000000000000000000
00000000000000000000
00000000000000000000
00000000000000000000
00000000000000000111
00000000000000000000
00000000000000000000
00000000000000000000
00000000000000000000
00000000000000000000
00000000000000000000
00000000000000000000
00000000000000000000
00000000000000000000
00000000000000000000
00000000000000000000
00000000000000000000
00000000000000000000
00000000000000000000
00000000000000000000
00000000000000000000
00000000000000000000
00000000000000000000
00000000000000000000
00000000000000000000
00000000000000000000
00000000001010011100
00000000000000000000
00000000000000000000
00000000000000000000
00000000000000010011
00000000000000000000
00000000000000010011
00000000000000000000
00000000000000000000
00000000000000000000
00000000000000000000
00000000000000000000
00000000000000000000
00000000000000000000
00000000000000000000
00000000000000000000
00000000000000000000
00000000000000000000
00000000000000000000
00000000000000000000
00000000000000000000
00000000000000000000
00000000000000000000
00000000000000000000
00000000000000000000
00000000000000000000
00000000000000000000
00000000000000000000
00000000000000111010
00000000000000000000
00000000000000001010
00000000000000000000
00000000000000000000
00000000000000010110
00000000000000000000
00000000000000000000
00000000000000000000
00000000000000000000
00000000000000000000
00000000000000000000
00000000000000000000
00000000000000000000
00000000000000000000
00000000000111101011
00000000000000000000
00000000000000000000
00000000000000000000
00000000000000000000
00000000000000000000
00000000000000000000
00000000000000000000
00000000000000000000
00000000000000000000
00000000000000000000
00000000000000000000
00000000000000000000
00000000000000000000
00000000000000000000
00000000000000000000
00000000000000000000
00000000000000000000
00000000000001000100
00000000000000000000
00000000000000000000
00000000000000000000
00000000000000000000
00000000000000000000
00000000000000000000
00000000000000000000
00000000000000000000
00000000000000000000
00000000001011101110
00000000000110011010
00000000000100100100
00000000000000000000
00000000000000000000
00000000000000000000
00000000000000000000
00000000000000000000
00000000000000000000
00000000000000000000
00000000000000000000
00000000000000000000
00000000000000000000
00000000000000000000
00000000000000000000
00000000000000000000
00000000000000000000
00000000000000000101
00000000000000000000
00000000000000001001
00000000000000000000
00000000000000000000
00000000000000000000
00000000000000000000
00000000000000000000
00000000000000000000
00000000000000000000
00000000000000000000
00000000000000000000
00000000001011101000
00000000000101001001
00000000000000000000
00000000000000000000
00000000000000000000
00000000000001101111
00000000000000000000
00000000000000000000
00000000000000000000
00000000000000000000
00000000000000000000
00000000000100000011
00000000000000000000
00000000000000000000
00000000000000000000
00000000000000000000
00000000000001011100
00000000000000000000
00000000000000000000
00000000000000000000
00000000000000000000
00000000000000000000
00000000000000000000
00000000000000000000
00000000000000000000
00000000000000000000
00000000000000000000
00000000000000000000
00000000000000000000
00000000000000000000
00000000000000000000
00000000000000000000
00000000000100100110
00000000000000000000
00000000000000000000
00000000000000000000
00000000000000000000
00000000000000000000
00000000000000000000
00000000000000000000
00000000000000000000
00000000000000000000
00000000000000000000
00000000000000000000
00000000000000101010
00000000000000000000
00000000000000001001
00000000000000000000
00000000000000000000
00000000000000000000
00000000000000000000
00000000000000000000
00000000000000000000
00000000000000000000
00000000000000000000
00000000000000001111
00000000000000000000
00000000000000000000
00000000000000000000
00000000000000000000
00000000000000000000
00000000000000000000
00000000000000000000
00000000000000000000
00000000000000000000
00000000000000000000
00000000000000000000
00000000000000000000
00000000000000000000
00000000000010101011
00000000000110000110
00000000000000000000
00000000000000000000
00000000000000000000
00000000000000000000
00000000000000000000
00000000000000000000
00000000000000000000
00000000000000000000
00000000000000000000
00000000000000000000
00000000000000000000
00000000000000000000
00000000000000000000
00000000000000000000
00000000000000000000
00000000000000000000
00000000000000000000
00000000000000000000
00000000000000000000
00000000000000000000
00000000000000000000
00000000000000000000
00000000000000000000
00000000000000000000
00000000000000000000
00000000000000000000
00000000000000000000
00000000000000000000
00000000000000000000
00000000000000000000
00000000000000010101
00000000000000000000
00000000000000000000
00000000000000000000
00000000000000000000
00000000000000000000
00000000000000000000
00000000000000000000
00000000000000000000
00000000000000000000
00000000000000000000
00000000000000000000
00000000000000000000
00000000000000000000
00000000000000000000
00000000000000000000
00000000000000000000
00000000000000000000
00000000000000000000
00000000000000000000
00000000000000000000
00000000000000000000
00000000000000000000
00000000000000000000
00000000000000000000
00000000000000000000
00000000000000000000
00000000000000000000
00000000000000000000
00000000000000001010
00000000000000000000
00000000000000000000
00000000000000000000
00000000000000000000
00000000000000000000
00000000000000000000
00000000000000000000
00000000000000000000
00000000000000000000
00000000000111011100
00000000000101100111
00000000000000000000
00000000000000000000
00000000000000000000
00000000000000000000
00000000000000000000
00000000000000000000
00000000000000000000
00000000000000000000
00000000000000000000
00000000000000000000
00000000000000000000
00000000001000001101
00000000000010000000
00000000000000000000
00000000000000000000
00000000000000000000
00000000000000000000
00000000000000000000
00000000000000000000
00000000000000000000
00000000000000000000
00000000000000000000
00000000000000000000
00000000000000000000
00000000000000000000
00000000000000000000
00000000001011010110
00000000001001010111
00000000001001111101
00000000000000000000
00000000000000000000
00000000000000000000
00000000000000000000
00000000000000000000
00000000000000000000
00000000001100001000
00000000000000000000
00000000000000000000
00000000000000000000
00000000000000000000
00000000000000000000
00000000000000000000
00000000000000000000
00000000000000011001
00000000000000000000
00000000000000000000
00000000000000000000
00000000000000000000
00000000000000000000
00000000000000000000
00000000000000000000
00000000000000000000
00000000000000000000
00000000000000001111
00000000000000000000
00000000000000000000
00000000000000000000
00000000000000000000
00000000000000000000
00000000000000000000
00000000000000000000
00000000000000000000
00000000000000000000
00000000000000000000
00000000000000000000
00000000000000000000
00000000000000000000
00000000000000000000
00000000000000000000
00000000000000010101
00000000000000000000
00000000000000011100
00000000000000000101
00000000000000000000
00000000000000000000
00000000000000000000
00000000000000000000
00000000000000000000
00000000000000000000
00000000000000000000
00000000000000000000
00000000000000000000
00000000000000000000
00000000000000011110
00000000000000000000
00000000000000000000
00000000000000000000
00000000000000000000
00000000000000000000
00000000000000000000
00000000000000000000
00000000000000000000
00000000000000000000
00000000000000000000
00000000000000000000
00000000000000000000
00000000000000000000
00000000000000000000
00000000000000000000
00000000000000000000
00000000000000000000
00000000000000000000
00000000000000000000
00000000000000000000
00000000000000000000
00000000000000000000
00000000000000000000
00000000000000000000
00000000000000000000
00000000000000000000
00000000000000000000
00000000000000000000
00000000000000000000
00000000000000000000
00000000000000000000
00000000000000000000
00000000000000000000
00000000000000000000
00000000000000000000
00000000000000000000
00000000000000000000
00000000000000000000
00000000000000000000
00000000000000000000
00000000000000000000
00000000000000000000
00000000000000100000
00000000000000000000
00000000000000000000
00000000000000000000
00000000000000000000
00000000000000000000
00000000000000000000
00000000000000000000
00000000000000000000
00000000000000000000
00000000000000000000
00000000000000000000
00000000000000000000
00000000000000000000
00000000000000000000
00000000000000000000
00000000000000000000
00000000000000000000
00000000000000000000
00000000000000000000
00000000000000000000
00000000000000000000
00000000000000000000
00000000000000000000
00000000000000000000
00000000000000000000
00000000000000000000
00000000000000000000
00000000000000000000
00000000000000011000
00000000000000000000
00000000000000000000
00000000000000000000
00000000000000000000
00000000000000000000
00000000000000000000
00000000000000000000
00000000000000000000
00000000000000000000
00000000000000000000
00000000000000000000
00000000000000000000
00000000000000000000
00000000000000000000
00000000000000000000
00000000000000000000
00000000000000000000
00000000000000000000
00000000000000000000
00000000000000000000
00000000000000000000
00000000000000001101
00000000000000000000
00000000000000000000
00000000000000000000
00000000000000000010
00000000000000000000
00000000000000000000
00000000000000000000
00000000000000000000
00000000000000000000
00000000000000000000
00000000000000000000
00000000000000000000
00000000000000000000
00000000000000000000
00000000000000000000
00000000000000000000
00000000000000001001
00000000000000000000
00000000000000010001
00000000000101010010
00000000000000000000
00000000000000000000
00000000000000000000
00000000000000000000
00000000000000000000
00000000000000000000
00000000000000000000
00000000000000010110
00000000000000000000
00000000000000001000
00000000000000000000
00000000000000000110
00000000000000000000
00000000000000000110
00000000000000000011
00000000000000000000
00000000000000000000
00000000000000000000
00000000000000000000
00000000000000000000
00000000000000000000
00000000000000000000
00000000000000000000
00000000000000000000
00000000000000000000
00000000000000000000
00000000000000000000
00000000001010111001
00000000000000000000
00000000000000000000
00000000000000000000
00000000000000000000
00000000000000000000
00000000000000000000
00000000000000011100
00000000000000000000
00000000000000001111
00000000000000000000
00000000000000000110
00000000000000000000
00000000000000000000
00000000000000000000
00000000000000000000
00000000000000000000
00000000000000000000
00000000000000000000
00000000000000000000
00000000000000000000
00000000000000000000
00000000000000000000
00000000000000000000
00000000000000000000
00000000000000000000
00000000000000000000
00000000000000000000
00000000000000000000
00000000000000000000
00000000000000000000
00000000000000000000
00000000000000000000
00000000000000000000
00000000000000000000
00000000000000000000
00000000000000000000
00000000000000000000
00000000000000000000
00000000000000000000
00000000000000000000
00000000000000000000
00000000000000000000
00000000000000000000
00000000000000000000
00000000000000000000
00000000000000000000
00000000000000000000
00000000000000000000
00000000000000000000
00000000000000000000
00000000000000000000
00000000000000010010
00000000000000000000
00000000000000000010
00000000000000000000
00000000000000000000
00000000000111000110
00000000000101100000
00000000000000000000
00000000000000000000
00000000000000000000
00000000000000000011
00000000000000000000
00000000000000000000
00000000000000000000
00000000000000000000
00000000000000000000
00000000000000000000
00000000000000000000
00000000000000000000
00000000000000000000
00000000000000000000
00000000000000000000
