11111100100001000110
00001110001100000010
11111100110111011111
00000110011101001011
00000001101101001110
00000001110001100101
11111110100011101000
11111110010111000111
11111111101101101001
11111111001101011100
11111110101111111000
00000010100110011101
11111110001110001101
11111111011000101010
00000000010101000111
11111111001001011001
00000011110101010011
11111101100100100110
11111111000111111010
00000001111111101000
11111101110000011000
11111111001111101010
00000010001011001001
11111100000110010001
00000000000010000000
00000000000000111001
11111101010111011111
11111110100110010011
11111110111001001010
00000011101001101100
11111101101000110101
00000001011101101100
00000010100010010100
00000000110011101111
00000011010001000001
00000010011100100110
11111011111111111011
00000011001010011111
11111110010000001101
00000110011100101111
11111111101111010010
11111110001111000100
00000100000000101101
00000011010110110111
11111110010000010000
00000001011101111110
11111100010100110011
00000000000010100011
00000011010000101011
00000010011011110111
00000111001011101010
00000010000000100110
00000001011010011011
11111100010010011010
00000110100100010111
11111101011000110111
00000010010000000111
00000000111111111111
00000000000011011000
00000100100101011111
11111111111100000011
00000101100000011101
00000000100100100100
11111110101010011000
00000000001000010000
00000010111001000000
00000100010101101010
11111101100001100101
11111101100001010111
11111100100100011111
00000001101111011101
00000111101001101101
11111101110111001101
00000110001100110100
00000100100011010110
00000010111101000110
11111110111010001110
00011101010111101010
11111110001101010001
11111011000100101101
00000001101001011010
00000001100011110100
11111111010010110100
00000001011101101001
11111100000111011000
00000001111011100001
00000001101010011011
11111100101000011110
00000011011101101110
00000101000000000101
11111100101111011001
00000000100011101000
00000001100111111110
11111110111100011111
11111011011001100010
11111101101001111111
00000000101110001110
00000110000110000010
00000000101011111100
00000001101100111010
11111101001101100010
00000101000010001101
00000111000101001110
00000001111100110110
11111111001001001010
11111111110000011111
00000010001010001101
00000100011101110000
11111100111100111010
11111011100011011101
00001000000101010100
00000001100011000001
00000000010101101011
00000011001000010001
00000001010110101110
11111101110001010111
00000000000010000100
00000001110011011111
00000100111011011011
11111111111000111101
