0.02893191948533058
0.0
0.37277135252952576
1.1675467491149902
1.4089624881744385
0.4752567410469055
0.0
0.0
0.0
0.0
0.010799347423017025
0.3332377076148987
1.5224721431732178
2.1970582008361816
1.029241681098938
0.0
0.0
0.0
0.0
0.0
0.1903230845928192
1.3470302820205688
2.896216869354248
2.81404709815979
1.1544603109359741
0.0
0.2986551523208618
1.0455507040023804
0.6580281257629395
0.0
0.7173661589622498
2.329547882080078
3.351505994796753
2.589085102081299
1.1795024871826172
0.9865259528160095
2.086967945098877
3.3487250804901123
3.9552977085113525
2.7756764888763428
1.3415988683700562
2.98266339302063
4.054634094238281
3.8570899963378906
2.1401381492614746
0.21417421102523804
0.0
0.6897414326667786
2.174819231033325
2.2574105262756348
1.0935312509536743
2.5042989253997803
4.863696575164795
6.650615692138672
5.6370720863342285
1.5886132717132568
0.0
0.0
0.0
0.3402571976184845
0.0
0.09098536521196365
2.8146326541900635
6.463038921356201
7.608885288238525
3.448982000350952
0.0
0.0
0.0
0.0
0.766941487789154
0.0
0.0
1.8209117650985718
3.6579525470733643
2.2087972164154053
0.0
0.0
0.0
0.0
4.360633850097656
2.162593364715576
0.0
0.0
0.0
0.9164575934410095
0.12120897322893143
0.0
0.0
0.0
6.0990729331970215
5.89799690246582
2.9825265407562256
0.7444930672645569
1.2948377132415771
2.205781936645508
1.0460546016693115
0.0
0.0
0.0
0.08984935283660889
0.0
0.0
0.0
0.0
0.0
0.0
0.0
0.0
1.4094349145889282
0.0
0.0
0.0
0.0
0.0
0.0
0.4306286573410034
0.0
0.0
2.7911124229431152
0.0
0.0
0.0
0.0
0.0
3.555865526199341
5.2881083488464355
2.6760494709014893
2.026951789855957
5.289126873016357
0.0
0.0
0.0
0.0
0.17246350646018982
8.774789810180664
9.09926700592041
5.75616979598999
4.677535533905029
6.18588399887085
0.0
0.0
0.0
0.0
3.4189276695251465
8.516377449035645
8.550704002380371
7.029347896575928
5.32695198059082
4.259166717529297
0.0
0.0
0.0
0.14340874552726746
2.9624719619750977
3.5668818950653076
6.3258891105651855
7.919271469116211
4.892959117889404
1.8893643617630005
0.0
0.0
1.3446153402328491
2.991877317428589
0.0
0.05706030875444412
6.824585437774658
9.480247497558594
4.558078765869141
0.8647915720939636
0.0
0.0
2.231346607208252
1.3435606956481934
0.0
1.1623296737670898
9.615708351135254
9.917939186096191
3.457263231277466
0.3871426582336426
0.0
0.0
0.5541507005691528
0.0
0.0
5.297492027282715
11.24070930480957
7.851558685302734
1.7362639904022217
0.01338004320859909
0.0
0.0
0.07645846158266068
0.18437626957893372
3.347548246383667
8.749395370483398
9.139208793640137
4.010076999664307
0.31727099418640137
0.0
0.03997955471277237
0.0
0.04274863749742508
0.7167519927024841
2.142948865890503
3.6239967346191406
4.139176845550537
4.149330139160156
4.397257328033447
4.497408866882324
0.0
0.0
0.31318503618240356
2.165935516357422
4.677283763885498
5.890573501586914
5.287323951721191
4.516648769378662
4.373389720916748
4.0427045822143555
0.0
0.06777309626340866
1.761902928352356
4.572867393493652
6.635961532592773
6.2752251625061035
4.394524097442627
2.6925158500671387
1.3438451290130615
0.6509557366371155
0.0
0.6276006698608398
2.2433998584747314
3.5925135612487793
4.038771152496338
3.5566680431365967
2.408111333847046
0.8883244395256042
0.0
0.0
0.6126621961593628
1.6648451089859009
1.8132681846618652
0.8683755993843079
0.8235993981361389
1.9203306436538696
2.7577292919158936
1.9304169416427612
0.22926630079746246
0.0
1.6820861101150513
2.824892044067383
1.8549489974975586
0.0
0.0
1.9385138750076294
3.785651206970215
3.2157111167907715
1.3175888061523438
0.3493768572807312
1.8411774635314941
2.918560028076172
2.2934210300445557
1.4620895385742188
1.7584022283554077
3.0445685386657715
3.888183832168579
2.7568728923797607
1.033989429473877
0.22384940087795258
0.96734219789505
1.7513692378997803
2.6108920574188232
3.768795967102051
4.508881092071533
3.881444215774536
2.67395281791687
1.317136287689209
0.4426393508911133
0.12223943322896957
0.0
0.4998691976070404
2.4910922050476074
4.338457107543945
3.7744905948638916
1.7860162258148193
0.41999614238739014
0.08424960821866989
0.140070840716362
0.1129261925816536
0.0
0.0
1.106537103652954
1.230053424835205
0.0
0.0
0.0
0.0
0.15325766801834106
0.11016882210969925
0.11623038351535797
0.07835306972265244
0.7298838496208191
3.1016485691070557
6.50711727142334
9.418633460998535
10.569745063781738
10.435400009155273
10.073180198669434
8.679596900939941
0.149909108877182
0.7579786777496338
3.4813671112060547
7.71983528137207
10.739371299743652
10.688682556152344
8.106710433959961
5.570362567901611
3.6347591876983643
1.4927347898483276
0.32840296626091003
1.8790783882141113
5.211397171020508
7.078453063964844
5.426428318023682
0.9212509393692017
0.0
0.0
0.0
0.0
0.7776268720626831
2.728677988052368
4.239403247833252
2.5660526752471924
0.0
0.0
0.0
0.0
0.0
0.0
1.5723273754119873
2.643735408782959
1.5891162157058716
0.0
0.0
0.0
0.34578078985214233
2.259551763534546
1.6175519227981567
0.3292275369167328
2.58398699760437
2.2120347023010254
0.0
0.0
0.0
0.0
1.4412708282470703
2.180112838745117
1.5573943853378296
0.8987573385238647
3.7168099880218506
3.105919361114502
1.4174869060516357
1.2632454633712769
2.9801673889160156
3.2097651958465576
1.4564893245697021
0.0
0.0
0.0
2.2660062313079834
2.495396614074707
3.9517765045166016
7.289041996002197
8.195562362670898
4.054678440093994
0.0
0.0
0.0
0.0
0.0
0.0
0.4693451523780823
1.37321937084198
0.0
0.0
0.0
0.0
0.0
0.16041047871112823
0.0
0.0
0.0
0.0
0.0
0.0
0.0
0.0
0.16357403993606567
0.28389281034469604
0.0
0.0
0.0
0.0
0.0
0.0
0.0
0.0
0.0
0.0
0.0
0.0
0.0
0.0
0.0
0.0
0.0
0.4975981116294861
0.7614391446113586
0.534745454788208
0.0
0.0
0.0
0.0
0.0
4.004292011260986
9.462965965270996
12.113554954528809
11.887152671813965
9.983592987060547
0.07054458558559418
0.7039825916290283
0.8779994249343872
0.9520376920700073
2.099043369293213
4.194246292114258
6.120461940765381
7.503049373626709
8.675786018371582
8.352739334106445
0.0
1.5246902704238892
4.253834247589111
6.907286167144775
7.197420597076416
3.921132802963257
0.4790041744709015
0.0
1.4409209489822388
2.751295566558838
0.0
0.0
3.267258405685425
8.82244873046875
9.693382263183594
5.186542510986328
0.5875746011734009
0.0
0.0
0.5041911005973816
0.0
0.0
0.0
0.4858160614967346
2.927734613418579
2.4596011638641357
1.9530925750732422
2.5387234687805176
1.9522638320922852
0.6549398899078369
0.4690296947956085
0.0
0.0
0.0
0.0
1.606824517250061
4.824180603027344
5.694803237915039
3.1136372089385986
0.6667651534080505
6.764069080352783
6.733395576477051
5.630130290985107
4.079117774963379
4.541970729827881
7.451418876647949
8.467823028564453
6.124439716339111
2.3952932357788086
0.3682974874973297
7.639291286468506
11.345821380615234
13.138993263244629
12.627931594848633
11.451780319213867
10.40437126159668
7.616693496704102
3.8219807147979736
1.1095389127731323
0.17543736100196838
0.2826769948005676
0.9931063652038574
1.7695337533950806
1.0885086059570312
0.0
0.0
0.0
0.0
0.0
0.0
0.6032077670097351
1.9062035083770752
2.329827070236206
0.0
0.0
0.0
0.0
0.0
0.0
0.0
1.144921898841858
2.9131178855895996
3.0281388759613037
0.0
0.0
0.0
0.0
0.11143045872449875
0.11796829104423523
0.0
1.5542181730270386
3.723477840423584
4.257344722747803
1.3310827016830444
0.0
0.0
0.0
2.672907829284668
3.3294827938079834
2.195650577545166
1.4807395935058594
3.549504041671753
4.839810848236084
3.352998733520508
0.2936212718486786
0.0
0.0
0.0
1.190262794494629
1.7236385345458984
1.2061842679977417
1.97057044506073
3.5334224700927734
4.61391019821167
3.357699155807495
0.0
0.0
0.0
0.0
0.039156585931777954
1.195176124572754
0.0
0.2850210964679718
2.86106014251709
3.1035115718841553
0.0
0.0
0.0
0.0
0.0
2.068361282348633
0.0
0.0
0.0
0.0
0.0
0.0
0.0
0.14331653714179993
0.4848790168762207
3.5184707641601562
0.8933997750282288
0.0
0.0
0.0
0.0
0.0
0.01471509039402008
1.3634005784988403
0.6560395359992981
4.782314777374268
4.073509693145752
3.57256817817688
3.2593326568603516
1.6795434951782227
0.2682104706764221
0.5828880071640015
1.633278727531433
1.4490872621536255
0.4625657796859741
0.26487404108047485
0.5996265411376953
0.8093627095222473
0.8245258331298828
0.8237406015396118
0.5660693645477295
0.4766138195991516
0.7860723733901978
1.068716049194336
0.7873045802116394
0.33082032203674316
0.5405307412147522
0.6745153069496155
1.3970999717712402
2.029240369796753
2.149684190750122
2.6384801864624023
3.6469807624816895
4.660553932189941
4.0498127937316895
0.30949899554252625
0.39281338453292847
1.8018662929534912
4.647756576538086
5.562743186950684
4.3975443840026855
3.438251495361328
3.902724504470825
4.638319969177246
3.0192549228668213
0.0
0.6665112376213074
4.657439231872559
9.026795387268066
8.212153434753418
3.82692289352417
0.7215447425842285
0.291731595993042
0.1829705536365509
0.0
0.0
1.3151737451553345
5.971588134765625
8.52425765991211
5.442439079284668
0.8811843395233154
0.0
0.0
0.0
0.0
1.0620946884155273
3.020759105682373
5.608056545257568
4.525819778442383
1.0906506776809692
0.0
0.0
0.0
0.0
0.0
3.421027421951294
4.948022842407227
4.1214728355407715
0.6021767854690552
0.0
0.0
0.0
0.0
0.0
0.13247618079185486
4.720786094665527
5.355014324188232
2.947277307510376
0.8748204708099365
2.408966064453125
2.912609577178955
0.0
0.0
0.0
0.03917667269706726
4.164493083953857
3.359403610229492
2.1287784576416016
4.190305233001709
7.521554470062256
5.459792137145996
0.0
0.0
0.0
0.0
3.339815139770508
1.9466361999511719
1.8905980587005615
4.903711318969727
6.045450687408447
1.5801470279693604
0.0
0.0
0.0
0.08803610503673553
0.0
0.0
0.0
0.0
0.0
0.0
0.0
0.0
0.0
0.0
0.0
0.0
0.0
0.0
0.0
0.0
0.0
0.0
0.0
0.0
0.0
0.0
0.0
0.0
0.0
0.0
0.0
0.0
0.0
0.0
0.0
0.0
0.0
0.0
0.0
0.0
0.0
0.0
0.0
0.0
0.0
0.0
0.0
0.0
0.0
0.0
0.0
0.0
0.0
0.0
0.0
0.0
0.0
0.0
0.0
0.0
0.0
0.0
0.0
0.0
0.0
0.0
0.0
0.0
0.0
0.0
0.0
0.0
0.0
0.0
0.0
0.0
0.0
0.0
0.0
0.0
0.0
0.0
0.0
0.0
0.0
0.0
0.0
0.0
0.0
0.0
0.0
0.0
0.0
0.0
0.0
0.0
0.0
0.0
0.0
0.0
0.0
0.0
0.0
0.0
0.10492224246263504
0.4057943522930145
0.8703687191009521
1.2961547374725342
1.8787535429000854
2.9997973442077637
3.932666778564453
4.134289741516113
4.076969146728516
4.108593940734863
0.20123542845249176
0.48897895216941833
0.6637489199638367
1.2374753952026367
3.2782375812530518
5.595337390899658
6.20628023147583
5.846398830413818
6.293193340301514
7.021732807159424
0.19223153591156006
0.0
0.0
1.9466166496276855
5.88486909866333
7.180710792541504
4.972266674041748
3.2624404430389404
4.0024943351745605
4.960992813110352
0.0
0.0
0.0
3.625333070755005
7.510750770568848
6.195937633514404
1.8253109455108643
0.0
0.0
0.0
0.0
0.0
0.0
3.311405658721924
5.599880695343018
4.598678112030029
2.4575610160827637
0.25827404856681824
0.0
0.0
0.0
0.0
0.0
0.6419631242752075
1.108047366142273
2.862558603286743
5.0976033210754395
4.050321102142334
0.9109838008880615
0.0
1.5732699632644653
3.2169339656829834
2.625664472579956
0.0
0.0
1.162704348564148
5.4673004150390625
4.917635440826416
1.7336134910583496
0.14408250153064728
2.059077501296997
5.429617881774902
5.321184158325195
1.3593950271606445
0.0
3.3200271129608154
5.162304878234863
3.024083137512207
0.7481681704521179
0.08704043179750443
0.0
2.662780284881592
4.131869316101074
4.085994243621826
4.875148296356201
5.611148834228516
3.056767702102661
0.14797474443912506
0.0
0.0910218209028244
0.0
0.0
0.0
2.847805976867676
4.308515548706055
2.528020143508911
0.0
0.0
0.0
0.1046883761882782
0.08619807660579681
0.3588464856147766
0.9434036016464233
1.5380351543426514
2.2222537994384766
3.091533899307251
3.769070625305176
3.923570394515991
3.5803613662719727
3.0413968563079834
0.18953987956047058
0.8155339956283569
1.8655955791473389
2.7782511711120605
3.7313928604125977
4.742938041687012
4.8439741134643555
4.208467483520508
3.3569703102111816
2.582606315612793
0.4359227120876312
1.7041499614715576
3.2917938232421875
4.420399188995361
5.161419868469238
5.292126655578613
4.38900089263916
3.173109292984009
1.6985347270965576
0.5593782663345337
0.7907679677009583
2.5943429470062256
4.283585071563721
4.664324760437012
4.464179992675781
3.9702656269073486
3.533501148223877
2.632056713104248
0.7148651480674744
0.0
1.3166606426239014
3.262436628341675
4.053470134735107
2.812514543533325
1.8036479949951172
2.1521155834198
3.143951654434204
2.8535878658294678
0.8264049887657166
0.0
2.1686527729034424
3.8438730239868164
3.8655824661254883
1.9315266609191895
1.2007300853729248
2.1315505504608154
3.324810266494751
3.245431900024414
1.285855770111084
0.13699623942375183
2.6203465461730957
3.711014747619629
3.81290602684021
3.004848003387451
2.751742362976074
2.562774181365967
3.0446114540100098
3.163111448287964
1.4138782024383545
0.16629377007484436
2.2082648277282715
2.6006720066070557
3.5714528560638428
4.740837574005127
4.754608631134033
2.9196159839630127
1.967458963394165
2.0752909183502197
1.2208616733551025
0.27493131160736084
1.5005006790161133
1.2317936420440674
3.1232266426086426
5.235072612762451
4.455967426300049
1.3396446704864502
0.0
0.7799103856086731
1.0825960636138916
0.40052029490470886
1.1348700523376465
0.6504848003387451
2.292872905731201
3.511897087097168
1.740213394165039
0.0
0.0
0.7414917945861816
1.0064482688903809
0.31531691551208496
0.09039507806301117
0.0
0.0
0.0
0.3523993194103241
1.225611925125122
2.249462842941284
2.746321439743042
3.156120777130127
3.4849348068237305
0.042241089046001434
0.0
0.0
0.0
0.8699048757553101
3.158460855484009
4.654723167419434
4.751810550689697
5.268564224243164
6.227564811706543
0.0
0.0
0.0
0.0
1.691050410270691
5.0101399421691895
5.285265922546387
3.7619760036468506
4.079477787017822
5.731378078460693
0.0
0.0
0.0
0.0
4.425614833831787
8.10029125213623
6.279725551605225
2.989370346069336
2.3847732543945312
3.353917121887207
0.0
0.0
0.0
0.2815583646297455
6.557800769805908
9.450390815734863
7.320284366607666
4.594648838043213
2.749168634414673
1.7309248447418213
0.0
0.0
0.0
0.6944857835769653
4.107123851776123
6.230955600738525
6.548762798309326
6.2118072509765625
3.734170913696289
1.2050586938858032
0.0
0.2977743446826935
1.846083164215088
1.6187409162521362
0.9314074516296387
2.880882740020752
5.8398308753967285
6.915128707885742
3.9479117393493652
0.9158239364624023
0.0
2.7036097049713135
5.2055277824401855
3.6603429317474365
1.6065858602523804
3.9576356410980225
7.320423126220703
6.843369007110596
2.9950015544891357
0.5480174422264099
0.0
1.7983661890029907
4.179429054260254
3.9744036197662354
3.763195037841797
6.47615385055542
8.070088386535645
5.136358261108398
1.3970237970352173
0.1658509522676468
0.0
0.0
0.8115772604942322
2.0224244594573975
4.337898254394531
6.693227291107178
5.732704162597656
2.222687005996704
0.20580343902111053
0.04296306520700455
0.1503206044435501
0.2224162220954895
0.003997862339019775
0.0
0.0
0.0
0.0
0.45224273204803467
0.16301703453063965
0.0
0.3155515789985657
0.7743943333625793
1.3428200483322144
1.8272453546524048
2.2597291469573975
3.7338738441467285
5.623034477233887
6.248533248901367
4.999837875366211
3.021153688430786
0.6847761869430542
2.09564471244812
3.9100704193115234
4.124661445617676
3.766932964324951
4.739086627960205
6.057422161102295
6.184022426605225
4.29468297958374
2.0056700706481934
1.3687313795089722
4.1695075035095215
6.313432693481445
4.798591136932373
2.0824005603790283
1.041081190109253
1.427580714225769
1.5585523843765259
0.4602682292461395
0.0
1.481276035308838
4.593382358551025
6.083096027374268
4.7078776359558105
1.714824914932251
0.1328877955675125
0.0
0.10745103657245636
0.0
0.0
0.934698224067688
2.247056245803833
3.0198092460632324
3.043917179107666
1.9497274160385132
0.6828538179397583
0.07818260788917542
0.8711246848106384
1.1876367330551147
0.3779233694076538
1.2718793153762817
0.0
0.0
1.008056402206421
1.813825011253357
0.618385910987854
0.30982255935668945
1.4972184896469116
1.8834586143493652
0.7742294669151306
3.392674207687378
1.2783197164535522
0.8129112124443054
3.108771324157715
3.707634210586548
1.6754772663116455
0.841425895690918
1.38656747341156
1.5846171379089355
0.7164166569709778
4.616970539093018
4.022554874420166
4.867730140686035
6.627195358276367
5.453807353973389
2.3276922702789307
0.6646320819854736
0.6539359092712402
1.017709732055664
0.5143108367919922
3.232227087020874
3.88584303855896
4.911381244659424
4.7121477127075195
2.4619686603546143
0.21072112023830414
0.0
0.3864816427230835
0.7222873568534851
0.2872141897678375
0.1672711819410324
0.06850142031908035
0.0
0.0
0.0
0.0
0.0
0.0
0.0
0.0
0.21712055802345276
0.03170905262231827
0.0
0.0
0.0
0.0
0.0
0.0
0.0
0.0
0.4176383316516876
0.46142852306365967
0.0
0.0
0.0
1.9439846277236938
5.768778324127197
6.732298374176025
5.368330955505371
3.949350118637085
0.8504403829574585
1.594385027885437
0.666631281375885
0.0
1.0019614696502686
3.9464688301086426
6.469118118286133
7.2987380027771
6.498088359832764
4.675131320953369
1.0954866409301758
3.077873706817627
3.922865629196167
3.836357831954956
2.1689116954803467
0.05729823559522629
0.0
1.0553796291351318
1.8421630859375
1.376768946647644
0.0
2.2895004749298096
5.567763328552246
7.609493732452393
4.595180034637451
0.0
0.0
0.0
0.7040799856185913
0.5230616331100464
0.0
0.0
1.6920456886291504
4.618942737579346
2.5096514225006104
0.0
0.0
0.6341084241867065
1.2691807746887207
0.62224280834198
0.0
0.0
0.0
0.0
0.0
0.0
1.272046446800232
2.0209906101226807
1.2462263107299805
0.4527169466018677
3.66184401512146
1.3708274364471436
0.0
0.39197126030921936
1.5567978620529175
3.290224075317383
4.016357421875
2.4115567207336426
0.6749419569969177
0.1604715883731842
6.519555568695068
6.818730354309082
6.530036449432373
6.54070520401001
6.480502605438232
5.770929336547852
3.778104066848755
1.3126522302627563
0.08840334415435791
0.028433790430426598
0.12389454245567322
0.2173253297805786
0.0
0.0
0.0
0.0
0.0
0.0
0.0
0.0
0.1745486557483673
0.08993062376976013
0.0
0.0
0.0
0.8392238020896912
1.1112974882125854
0.5715928077697754
0.10629406571388245
0.0
0.16885213553905487
0.0
0.0
0.470524400472641
2.306147575378418
3.9141807556152344
4.310961723327637
4.2895965576171875
4.025248050689697
2.6522676944732666
0.0
0.09299598634243011
1.1813888549804688
3.3125340938568115
4.603565216064453
4.345545291900635
4.763343334197998
6.092288494110107
6.687836170196533
4.980397701263428
0.0
0.832377016544342
3.9011571407318115
7.089392185211182
6.408566951751709
2.90136981010437
2.0496625900268555
3.5021440982818604
4.550530910491943
3.5733699798583984
0.0
0.9749499559402466
5.5820159912109375
8.770050048828125
7.258131980895996
3.0770182609558105
0.9821875095367432
0.7454919815063477
0.9331132769584656
0.8499865531921387
0.0
0.13580341637134552
3.331054925918579
5.816149711608887
6.663432598114014
5.609896183013916
3.577871322631836
1.0606571435928345
0.0
0.0
1.4735722541809082
0.7810652256011963
0.04928069934248924
0.7031142115592957
4.067547798156738
6.423402786254883
4.981812477111816
1.4149340391159058
0.0
0.0
4.222658157348633
3.800089120864868
1.298808217048645
0.25090330839157104
2.82578444480896
5.291012763977051
3.8180947303771973
0.872013509273529
0.0
0.0
4.8857035636901855
6.3299994468688965
5.468579292297363
4.307653903961182
4.595886707305908
4.487272262573242
2.3956379890441895
0.5308756828308105
0.05953257158398628
0.04914003238081932
0.31917592883110046
1.0190221071243286
1.7510021924972534
2.0746519565582275
3.2479686737060547
5.225099563598633
6.356551647186279
5.816742897033691
4.614031791687012
4.147046089172363
0.6889036893844604
1.8281649351119995
2.1968767642974854
2.33266282081604
3.6596460342407227
4.614976406097412
3.675119400024414
1.695279836654663
0.35446587204933167
0.11749555170536041
1.1114375591278076
1.9430874586105347
1.3017008304595947
0.731985867023468
0.4035470485687256
0.0
0.0
0.0
0.0
0.0
0.992824375629425
0.8626660108566284
0.0061901286244392395
0.0
0.0
0.0
0.5535470247268677
1.119071364402771
0.32682862877845764
0.0
0.3902125954627991
0.0
0.0
0.0
0.0
1.3899850845336914
4.6886515617370605
5.785373687744141
4.387207508087158
2.900053024291992
0.31033387780189514
0.05111737549304962
0.01732603833079338
0.0
0.0
1.3290698528289795
3.892220973968506
4.554934501647949
2.923774242401123
1.4451452493667603
1.215990424156189
1.7435262203216553
2.738283634185791
3.011897087097168
2.8929531574249268
3.378711700439453
3.3985555171966553
2.780012845993042
1.302402377128601
0.257141649723053
0.5042895674705505
1.1980136632919312
3.2411484718322754
4.3132524490356445
4.432882785797119
3.191380023956299
1.4536707401275635
1.5194087028503418
1.2054860591888428
0.39140698313713074
0.0
0.0
0.0
0.3639867901802063
0.0
0.0
0.0
1.2498500347137451
1.6570242643356323
0.5730988383293152
0.0
0.0
0.0
0.0
0.0
0.0
0.06103198602795601
2.2355856895446777
1.6117346286773682
0.43908724188804626
0.0
0.0
0.0
0.0
0.0
0.0
0.0
0.0
0.0
0.0
0.009365331381559372
0.11851754039525986
1.2172935009002686
3.2529428005218506
4.788508415222168
5.509249210357666
6.570770263671875
7.616041660308838
6.736714839935303
3.822314500808716
0.2596847116947174
1.7730863094329834
4.855594635009766
6.957088470458984
6.647181987762451
6.4703569412231445
8.011606216430664
9.227574348449707
8.179856300354004
5.451265811920166
0.9689015746116638
4.159283638000488
7.201612949371338
6.341861724853516
2.2982282638549805
0.0
0.0
0.0
0.1966560184955597
0.6872564554214478
1.1720751523971558
4.637712001800537
6.912128448486328
5.796393394470215
2.774975061416626
0.0
0.0
0.0
0.0
0.0
0.0
0.49263304471969604
1.2927849292755127
2.829575538635254
4.643547058105469
4.195135593414307
0.9620137810707092
0.0
0.0
0.0
0.6675379872322083
0.0
0.0
0.0
2.065175771713257
3.7296993732452393
1.8738152980804443
0.6693906188011169
0.5311959385871887
0.2277781069278717
5.085705280303955
1.327770471572876
0.0
0.0
1.498509407043457
1.5683972835540771
0.5718467235565186
0.8615670204162598
0.9795459508895874
0.3393610119819641
7.305163383483887
8.435616493225098
8.846221923828125
7.598273754119873
4.486566543579102
1.6903315782546997
0.6484558582305908
0.9332777857780457
0.749457597732544
0.1680237501859665
3.2910618782043457
6.7387590408325195
8.649039268493652
7.042872905731201
3.3111274242401123
1.0557745695114136
0.631505012512207
0.5897921919822693
0.22951728105545044
0.008204147219657898
