[[[[[0.00000000e+00 0.00000000e+00 0.00000000e+00 1.83131054e-01
     0.00000000e+00 0.00000000e+00 8.84662718e-02 2.33355093e+00
     0.00000000e+00 0.00000000e+00 0.00000000e+00 1.28782198e-01
     2.19045186e+00 1.57566994e-01 0.00000000e+00 0.00000000e+00]
    [0.00000000e+00 0.00000000e+00 9.45921004e-01 2.40787792e+00
     0.00000000e+00 1.41279638e+00 5.30967474e-01 7.46053600e+00
     0.00000000e+00 1.96064436e+00 0.00000000e+00 2.64172697e+00
     2.50774479e+00 1.40595615e+00 5.17153740e+00 0.00000000e+00]
    [0.00000000e+00 0.00000000e+00 1.23578870e+00 3.97962618e+00
     0.00000000e+00 3.19678688e+00 0.00000000e+00 1.21170120e+01
     4.68961239e+00 1.91418350e+00 0.00000000e+00 3.94330716e+00
     2.03845811e+00 1.77193642e+00 5.40535021e+00 1.54669774e+00]
    [0.00000000e+00 0.00000000e+00 0.00000000e+00 3.89443445e+00
     0.00000000e+00 5.43192720e+00 0.00000000e+00 1.22097263e+01
     4.02928495e+00 0.00000000e+00 2.74482918e+00 6.27419901e+00
     2.59512925e+00 2.92404246e+00 1.11402321e+00 1.52786756e+00]
    [0.00000000e+00 8.20436120e-01 1.21094048e+00 3.21990395e+00
     0.00000000e+00 5.84010935e+00 0.00000000e+00 1.08323879e+01
     5.71939087e+00 0.00000000e+00 3.07205367e+00 7.11889029e+00
     1.29005527e+00 3.78987122e+00 1.88450158e+00 1.70709383e+00]]

   [[3.08724642e-01 0.00000000e+00 0.00000000e+00 1.14248431e+00
     1.46249604e+00 1.83533180e+00 0.00000000e+00 2.37799859e+00
     0.00000000e+00 1.31168091e+00 1.46112934e-01 1.03387237e+00
     1.62367785e+00 0.00000000e+00 2.38151693e+00 0.00000000e+00]
    [0.00000000e+00 2.20919147e-01 3.25800180e+00 2.33773065e+00
     9.36109841e-01 4.29317331e+00 0.00000000e+00 3.62219453e+00
     4.25822306e+00 2.55079842e+00 1.94429293e-01 4.33368826e+00
     4.31935526e-02 5.64226031e-01 8.34314728e+00 0.00000000e+00]
    [2.56605744e+00 3.46226645e+00 3.15878105e+00 2.30736780e+00
     1.30608365e-01 5.32213402e+00 3.90413570e+00 4.19265985e+00
     8.28178310e+00 1.97506630e+00 1.65923774e+00 3.53297710e+00
     0.00000000e+00 1.87896633e+00 5.75051975e+00 0.00000000e+00]
    [4.47203350e+00 4.37836075e+00 1.33730626e+00 3.73851895e-01
     1.84330153e+00 6.18289900e+00 5.76818466e+00 3.59107399e+00
     4.46937561e+00 5.19537926e+00 6.39634132e+00 1.04516792e+00
     0.00000000e+00 0.00000000e+00 0.00000000e+00 0.00000000e+00]
    [2.28871441e+00 4.75171423e+00 3.27180314e+00 0.00000000e+00
     1.45272291e+00 5.32754230e+00 5.91798687e+00 0.00000000e+00
     4.69209719e+00 5.96604538e+00 7.25907183e+00 3.58789635e+00
     0.00000000e+00 0.00000000e+00 3.17832232e-01 0.00000000e+00]]

   [[4.36572695e+00 1.79521990e+00 3.05273719e-02 6.31362498e-01
     2.91412354e+00 3.86626434e+00 1.65503371e+00 3.49984837e+00
     0.00000000e+00 2.02020907e+00 7.55596042e-01 0.00000000e+00
     0.00000000e+00 1.19780576e+00 6.39387798e+00 0.00000000e+00]
    [3.92250252e+00 3.55389094e+00 2.87488794e+00 8.72093260e-01
     2.95749354e+00 4.90505171e+00 3.59426403e+00 8.87928158e-02
     5.01229954e+00 5.11286736e+00 3.82059646e+00 2.87094259e+00
     0.00000000e+00 0.00000000e+00 7.18735647e+00 0.00000000e+00]
    [0.00000000e+00 0.00000000e+00 5.12485552e+00 0.00000000e+00
     0.00000000e+00 2.78165007e+00 5.10832739e+00 4.01753950e+00
     5.66603756e+00 6.93287611e+00 4.45618868e+00 4.24357414e+00
     0.00000000e+00 3.85356975e+00 1.35895216e+00 0.00000000e+00]
    [3.46303797e+00 1.55274242e-01 2.50817513e+00 0.00000000e+00
     5.78004479e-01 2.89524168e-01 4.11740446e+00 6.00217342e+00
     4.06537199e+00 2.19741464e+00 1.57047939e+00 1.48497510e+00
     0.00000000e+00 4.27213621e+00 0.00000000e+00 4.29816991e-02]
    [2.87347960e+00 1.90359518e-01 1.37773812e+00 0.00000000e+00
     6.95314169e-01 1.68307964e-03 2.55781317e+00 2.76749778e+00
     2.51437211e+00 2.52076054e+00 2.39028290e-01 0.00000000e+00
     0.00000000e+00 1.34612346e+00 0.00000000e+00 1.58093707e-03]]

   [[1.93187344e+00 0.00000000e+00 1.49593198e+00 1.54524696e+00
     2.06005741e-02 2.75698686e+00 9.53561902e-01 6.02337360e+00
     3.62460399e+00 1.05351579e+00 2.24265003e+00 5.85043192e+00
     1.24442148e+00 4.06089401e+00 5.24810028e+00 0.00000000e+00]
    [4.88447809e+00 0.00000000e+00 0.00000000e+00 1.53017032e+00
     2.18980861e+00 1.41204286e+00 3.35932159e+00 1.00512295e+01
     4.25589609e+00 3.97144604e+00 0.00000000e+00 4.22128725e+00
     6.53472602e-01 4.10564899e+00 2.31911850e+00 1.48699611e-01]
    [2.81884170e+00 1.87462783e+00 5.56018925e+00 1.56466806e+00
     1.40555704e+00 2.13189316e+00 3.86936235e+00 6.93058729e+00
     8.18280792e+00 7.92852259e+00 5.47613442e-01 1.52452433e+00
     0.00000000e+00 2.18789768e+00 5.64919806e+00 0.00000000e+00]
    [0.00000000e+00 1.14732957e+00 2.43318987e+00 4.03216273e-01
     0.00000000e+00 2.47619614e-01 2.24166656e+00 2.43406773e+00
     7.75277996e+00 3.14198875e+00 3.08366990e+00 1.89374578e+00
     0.00000000e+00 8.70542228e-01 0.00000000e+00 0.00000000e+00]
    [1.75611585e-01 4.95598838e-02 0.00000000e+00 0.00000000e+00
     0.00000000e+00 3.77005637e-01 1.56030142e+00 1.61906862e+00
     8.66677821e-01 1.50147170e-01 1.96150601e+00 1.75562605e-01
     0.00000000e+00 8.78573596e-01 0.00000000e+00 0.00000000e+00]]

   [[2.70306993e+00 3.08775425e+00 3.20159531e+00 1.99324656e+00
     2.93065453e+00 3.13752699e+00 2.21185255e+00 0.00000000e+00
     2.21748352e+00 5.71600246e+00 6.86044264e+00 5.63570929e+00
     0.00000000e+00 0.00000000e+00 3.51498270e+00 0.00000000e+00]
    [1.03923567e-01 5.28743696e+00 3.10222864e+00 2.01161742e+00
     1.07665825e+00 6.57395554e+00 3.51174760e+00 2.89467990e-01
     2.02993703e+00 4.63088942e+00 9.04222012e+00 6.44484949e+00
     0.00000000e+00 1.59508967e+00 2.96567059e+00 0.00000000e+00]
    [0.00000000e+00 5.56125689e+00 3.36667728e+00 1.28707576e+00
     0.00000000e+00 6.41644382e+00 4.74512577e+00 0.00000000e+00
     8.66408730e+00 2.82096744e+00 6.65023661e+00 4.20150661e+00
     0.00000000e+00 2.07564092e+00 4.15861368e+00 0.00000000e+00]
    [0.00000000e+00 1.59591436e+00 1.85301399e+00 0.00000000e+00
     0.00000000e+00 1.16291380e+00 4.74802589e+00 0.00000000e+00
     5.15916967e+00 3.18178129e+00 4.12038946e+00 2.25197077e+00
     0.00000000e+00 6.24647617e-01 0.00000000e+00 0.00000000e+00]
    [2.56016314e-01 0.00000000e+00 3.11615676e-01 0.00000000e+00
     1.75449118e-01 0.00000000e+00 2.29379082e+00 1.33768186e-01
     0.00000000e+00 7.97533453e-01 1.96261752e+00 0.00000000e+00
     0.00000000e+00 1.91885129e-01 0.00000000e+00 0.00000000e+00]]]]]
