6.510450839996338
4.578710079193115
-1.6733084917068481
-4.496577262878418
3.904120922088623
-2.726576089859009
4.110999584197998
1.0153553485870361
4.646455764770508
-1.5971437692642212
4.535683631896973
-2.704458236694336
5.925572872161865
1.3917864561080933
-0.13603073358535767
3.1125781536102295
4.004889011383057
-2.2440531253814697
-3.744880437850952
-0.8779035806655884
2.451443672180176
-3.292513370513916
0.18665866553783417
-1.344172477722168
1.927133321762085
1.3222837448120117
0.020582521334290504
2.8431243896484375
-2.6926748752593994
1.9415805339813232
3.3623929023742676
-2.5765268802642822
0.5039962530136108
2.1334896087646484
-2.376032829284668
4.12996768951416
0.8796442747116089
2.688714027404785
1.9382613897323608
7.195322036743164
-1.0504766702651978
-4.545576572418213
4.886721611022949
-1.8971997499465942
1.753401517868042
0.6944798827171326
3.7064998149871826
5.504347801208496
0.8574365377426147
4.9788818359375
-0.9066535830497742
3.594691514968872
2.2143900394439697
5.264250755310059
-1.5273940563201904
-0.5067017674446106
-3.3757588863372803
1.3687407970428467
-0.8353717923164368
1.1888701915740967
3.001905679702759
1.9642587900161743
4.61543607711792
2.21480655670166
7.067630290985107
1.3474918603897095
2.9495859146118164
-2.826180934906006
1.5443164110183716
-1.1520411968231201
-0.23645605146884918
-3.1947646141052246
4.465679168701172
-2.2791905403137207
3.8131048679351807
1.5744401216506958
-2.117633819580078
5.769392967224121
-1.0415557622909546
4.18890905380249
4.726071357727051
1.291490077972412
1.1546194553375244
1.4732497930526733
3.2397196292877197
-0.16493113338947296
2.641710042953491
-1.546248197555542
6.169739246368408
2.8891494274139404
5.351356029510498
2.230335235595703
-0.9853451251983643
0.4709583818912506
1.701697826385498
3.4706053733825684
-0.6873289942741394
-2.1708223819732666
1.2956734895706177
5.116668701171875
2.9369211196899414
-0.5124319791793823
-1.3102155923843384
-2.098543643951416
0.9310898780822754
3.947211742401123
2.410616874694824
0.7985290288925171
7.3715081214904785
-1.2888604402542114
-1.367695689201355
2.7654566764831543
-0.2735748589038849
1.0163993835449219
-1.806636095046997
-3.165477752685547
3.816650390625
0.907328188419342
-3.244145393371582
-2.2599563598632812
