[[[[[ 0.64033306 -4.6181746   3.6812503  -0.926262   -5.236949
     -1.6912345  -1.879215   -1.3705779   2.204049   -0.7859489
     -3.392297   -1.367322    6.3207946  -2.9899814   7.0413923
     -6.05822     1.1606903  -0.932187    4.359151    5.3039637
      0.40725398  0.20914926 -1.6291155   1.946894   -0.18646547
      1.9489975  -1.0921673   8.934526    3.7422125   7.2138305
     -0.9570606   0.6903319  -2.108435    2.6031976   4.885797
     -2.309802   -7.0658884  -0.43368092  4.263541    3.987215
     -0.09887009  0.40120515 -3.4452093  -0.71193707 -3.313538
      5.658065    1.1930683   5.030518    0.68894863  7.210634
      5.536802   -2.0046105  -3.4864552   3.4375823   1.8354481
     -4.613045   -2.2354572  -2.9616055   4.354713    4.683966
      4.8124166   1.8295649   3.3868914  -0.87740886  2.0959892
      3.7724652   1.9344149  -2.2380438   3.263015    7.445168
      3.5125506   4.9711275   7.1493526  -1.2838702   1.5930039
     -3.9396522   7.6901746   6.112908   -1.6118745   2.4124932
      1.2393857  -4.2119045   3.0940776   3.5225472 ]]]]]
