0.0445622019469738
0.0445622019469738
0.0445622019469738
0.0445622019469738
0.0445622019469738
0.0445622019469738
0.044212888926267624
0.04579610005021095
0.044472586363554
0.04423588886857033
0.04265423119068146
0.0413314625620842
0.0416138581931591
0.04193664342164993
0.04112604260444641
0.043070122599601746
0.04227089136838913
0.04158354550600052
0.0392402745783329
0.04024621471762657
0.043744757771492004
0.04480432718992233
0.04388149455189705
0.04438629001379013
0.04385728761553764
0.04302544519305229
0.045045461505651474
0.03700382262468338
0.0445622019469738
0.0445622019469738
0.0445622019469738
0.0445622019469738
0.0445622019469738
0.0445622019469738
0.04509514570236206
0.04470760375261307
0.04339005425572395
0.04281781241297722
0.042852189391851425
0.04191330447793007
0.04162128269672394
0.041579198092222214
0.04305310174822807
0.0417366698384285
0.04289703816175461
0.03975542634725571
0.03976773843169212
0.0409025214612484
0.04302806407213211
0.04375012591481209
0.043829381465911865
0.04529697820544243
0.04299934208393097
0.0437389612197876
0.0425683856010437
0.03937928006052971
0.0445622019469738
0.0445622019469738
0.0445622019469738
0.0445622019469738
0.0445622019469738
0.0445622019469738
0.04448576644062996
0.04540714994072914
0.0483739972114563
0.049358006566762924
0.049036599695682526
0.0508296936750412
0.04624614864587784
0.04300113394856453
0.039853885769844055
0.0402030311524868
0.044804610311985016
0.0480659082531929
0.04671024531126022
0.0472266748547554
0.045591965317726135
0.046814076602458954
0.04907902330160141
0.04976224899291992
0.053758587688207626
0.05334552377462387
0.04308938980102539
0.04906785860657692
0.0445622019469738
0.0445622019469738
0.0445622019469738
0.0445622019469738
0.0445622019469738
0.0445622019469738
0.04504290968179703
0.04585869237780571
0.04463481158018112
0.04603689908981323
0.04702503979206085
0.04565226659178734
0.049063101410865784
0.050639230757951736
0.049837663769721985
0.04852411895990372
0.04821878671646118
0.04958707094192505
0.04683345928788185
0.04193505644798279
0.038922809064388275
0.04017239063978195
0.03500916063785553
0.02659093216061592
0.027414334937930107
0.03478194400668144
0.038297347724437714
0.054002851247787476
0.0445622019469738
0.0445622019469738
0.0445622019469738
0.0445622019469738
0.0445622019469738
0.0445622019469738
0.044870927929878235
0.04519270732998848
0.04612782970070839
0.048146508634090424
0.05290171131491661
0.05582407861948013
0.061818964779376984
0.056485094130039215
0.03876812383532524
0.01585531048476696
0.0035827793180942535
0.0
0.0
0.0
0.002783171832561493
0.0
0.0
0.0
0.0
0.0
0.0
0.04393286630511284
0.0445622019469738
0.0445622019469738
0.0445622019469738
0.0445622019469738
0.0445622019469738
0.0445622019469738
0.04513216018676758
0.047069914638996124
0.05103608965873718
0.05675673484802246
0.07128073275089264
0.0807819589972496
0.06039811670780182
0.005790777504444122
0.0
0.0
0.0
0.0
0.0
0.0
0.0
0.0
0.0
0.0
0.0
0.0
0.0
0.013281755149364471
0.0445622019469738
0.0445622019469738
0.0445622019469738
0.0445622019469738
0.0445622019469738
0.0445622019469738
0.04510783031582832
0.04674897715449333
0.05695106461644173
0.06949944794178009
0.06037689745426178
0.0010756440460681915
0.0
0.0
0.0
0.0
0.0
0.0
0.0
0.0
0.0
0.0
0.0
0.0
0.0
0.0
0.0
0.0
0.0445622019469738
0.0445622019469738
0.0445622019469738
0.0445622019469738
0.0445622019469738
0.0445622019469738
0.045307841151952744
0.047684188932180405
0.04600334167480469
0.044928617775440216
0.020039010792970657
0.0
0.0
0.0
0.0
0.0
0.0
0.0
0.0
0.0
0.0
0.0
0.0
0.0
0.0
0.0
0.0
0.01071295514702797
0.0445622019469738
0.0445622019469738
0.0445622019469738
0.0445622019469738
0.0445622019469738
0.0445622019469738
0.044011350721120834
0.04826633259654045
0.05512189865112305
0.056066181510686874
0.00025442615151405334
0.0
0.0
0.0
0.0
0.0
0.1503937840461731
0.2239818572998047
0.2608356475830078
0.28698238730430603
0.3214089274406433
0.3775549829006195
0.4004920423030853
0.4189908504486084
0.3869118094444275
0.27312055230140686
0.1323961317539215
0.059782251715660095
0.0445622019469738
0.0445622019469738
0.0445622019469738
0.0445622019469738
0.0445622019469738
0.0445622019469738
0.04571094736456871
0.05479568988084793
0.07263357937335968
0.05499366298317909
0.021857457235455513
0.03638628125190735
0.14343391358852386
0.31777140498161316
0.6001951098442078
0.8682234287261963
1.0752774477005005
1.1200439929962158
1.1547415256500244
1.1552554368972778
1.154392123222351
1.1382739543914795
1.1070671081542969
0.9997658729553223
0.804108738899231
0.5706227421760559
0.3000984191894531
0.10308589041233063
0.0445622019469738
0.0445622019469738
0.0445622019469738
0.0445622019469738
0.0445622019469738
0.0445622019469738
0.04877766594290733
0.06459875404834747
0.09390183538198471
0.12091551721096039
0.18037272989749908
0.2947023808956146
0.4567110538482666
0.6688441038131714
0.7841567397117615
0.9020984172821045
0.9877984523773193
0.9959681630134583
1.0127019882202148
1.0278539657592773
1.0431016683578491
1.0409289598464966
1.0395557880401611
0.9212841987609863
0.7266591787338257
0.4852164089679718
0.24807114899158478
0.0940217524766922
0.0445622019469738
0.0445622019469738
0.0445622019469738
0.0445622019469738
0.0445622019469738
0.04481074959039688
0.05185048282146454
0.07475621998310089
0.10016071796417236
0.12030643224716187
0.20188292860984802
0.3144216239452362
0.4762938618659973
0.6164277791976929
0.5529085993766785
0.4583984613418579
0.35930293798446655
0.3278154134750366
0.34537094831466675
0.3931083679199219
0.4548991024494171
0.5037661194801331
0.5255829095840454
0.4925103485584259
0.3924630284309387
0.23791882395744324
0.12495636940002441
0.06758740544319153
0.0445622019469738
0.0445622019469738
0.0445622019469738
0.0445622019469738
0.0445622019469738
0.044212888926267624
0.04345588758587837
0.06804833561182022
0.0899033397436142
0.10229674726724625
0.2146451771259308
0.30944252014160156
0.45016491413116455
0.44890573620796204
0.31769371032714844
0.023868510499596596
0.0
0.0
0.0
0.05727621167898178
0.11439979076385498
0.14670510590076447
0.1411631852388382
0.14773546159267426
0.12649722397327423
0.08703815937042236
0.058012139052152634
0.05062981694936752
0.0445622019469738
0.0445622019469738
0.0445622019469738
0.04481074959039688
0.04482904076576233
0.04454852268099785
0.05052444711327553
0.06524600833654404
0.10176324844360352
0.22939647734165192
0.433563768863678
0.5508313775062561
0.5985583066940308
0.5456185936927795
0.35924577713012695
0.028370220214128494
0.0
0.0
0.0
0.0
0.036793556064367294
0.06047981232404709
0.04954938217997551
0.0568578764796257
0.048590950667858124
0.05394197627902031
0.046245027333498
0.04221067205071449
0.044110190123319626
0.04403070732951164
0.04526785761117935
0.054704613983631134
0.052139345556497574
0.03034026548266411
0.03689676523208618
0.10402216017246246
0.2138475477695465
0.4426581859588623
0.7029610872268677
0.9162916541099548
0.9733028411865234
0.9018902778625488
0.7044509649276733
0.3610019385814667
0.10502898693084717
0.0
0.0
0.0
0.024155568331480026
0.043618880212306976
0.050053637474775314
0.042895033955574036
0.04099398851394653
0.04572487995028496
0.049276065081357956
0.04392782226204872
0.0428130067884922
0.045231543481349945
0.043113142251968384
0.06623905897140503
0.05793563276529312
0.0
0.0
0.06638522446155548
0.22728709876537323
0.5502116680145264
0.85752272605896
1.0765687227249146
1.125441074371338
1.1096301078796387
0.9684193730354309
0.69987952709198
0.44455307722091675
0.059582166373729706
0.0
0.0
0.018738077953457832
0.05544309690594673
0.06135277822613716
0.044234756380319595
0.04719390347599983
0.0526280403137207
0.046723708510398865
0.047306280583143234
0.04193028807640076
0.04374649375677109
0.03990356996655464
0.05436365306377411
0.03426550328731537
0.0
0.0
0.0
0.07942314445972443
0.38082221150398254
0.5993140935897827
0.7487829327583313
0.8011582493782043
0.8237069845199585
0.7798210382461548
0.7533367276191711
0.6164436340332031
0.34422191977500916
0.10767713189125061
0.0
0.01800880953669548
0.05687936395406723
0.0566154308617115
0.06949666142463684
0.06748761236667633
0.059830643236637115
0.055605076253414154
0.05511673167347908
0.04610529541969299
0.041883524507284164
0.04607360064983368
0.05241226404905319
0.005305148661136627
0.0
0.0
0.0
0.0
0.0
0.12953834235668182
0.19437150657176971
0.20651710033416748
0.29126131534576416
0.3048768639564514
0.37394705414772034
0.4115324318408966
0.40824976563453674
0.2507219612598419
0.0989251360297203
0.05584900081157684
0.05570370703935623
0.05299093574285507
0.05412838235497475
0.05081074312329292
0.05328856408596039
0.05236978083848953
0.05091482028365135
0.05001307278871536
0.04785861819982529
0.061525605618953705
0.08317723870277405
0.05251511558890343
0.01987503655254841
0.016461996361613274
0.0
0.0
0.0
0.0
0.036070290952920914
0.057678572833538055
0.11590138077735901
0.11588692665100098
0.2466866821050644
0.33758214116096497
0.4533206820487976
0.3472903072834015
0.18934465944766998
0.08386561274528503
0.04643366113305092
0.05138375982642174
0.04650554805994034
0.044639620929956436
0.04510783031582832
0.04554053768515587
0.045367032289505005
0.05242140591144562
0.055484216660261154
0.08063026517629623
0.155378520488739
0.22217044234275818
0.30103740096092224
0.3173814117908478
0.27195239067077637
0.0
0.0
0.0
0.0
0.0
0.0
0.001882646232843399
0.21538367867469788
0.39067569375038147
0.5305286049842834
0.443461149930954
0.25678321719169617
0.09532660245895386
0.0465310662984848
0.05081487447023392
0.04631182551383972
0.046443816274404526
0.043797485530376434
0.0445622019469738
0.0445622019469738
0.05033727362751961
0.04757295176386833
0.08000627160072327
0.19824978709220886
0.3385564088821411
0.47253885865211487
0.5914705395698547
0.579922616481781
0.26652780175209045
0.0
0.0
0.0
0.0
0.0
0.02973002940416336
0.3210553824901581
0.5395897626876831
0.6155502796173096
0.47320595383644104
0.24923744797706604
0.08398738503456116
0.04885770380496979
0.049232956022024155
0.04697703570127487
0.04782772436738014
0.042488835752010345
0.0445622019469738
0.0445622019469738
0.04498255252838135
0.04137255996465683
0.06493831425905228
0.16733306646347046
0.35682424902915955
0.537082850933075
0.6850993037223816
0.73970627784729
0.5470939874649048
0.1942068189382553
0.0
0.0
0.0
0.0
0.25786808133125305
0.5245586633682251
0.6851356029510498
0.6134345531463623
0.38491326570510864
0.17020072042942047
0.06703940778970718
0.047454554587602615
0.04682803899049759
0.043653860688209534
0.04467000067234039
0.04252942278981209
0.0445622019469738
0.0445622019469738
0.04179888591170311
0.04509943351149559
0.05768611654639244
0.13183987140655518
0.3033386766910553
0.5009500980377197
0.7113959193229675
0.8659014105796814
0.8176822066307068
0.5865455865859985
0.30080294609069824
0.14619702100753784
0.229027658700943
0.45278143882751465
0.6864845156669617
0.7797033786773682
0.7131559252738953
0.4849095642566681
0.23328593373298645
0.08507762849330902
0.05347659811377525
0.04647689685225487
0.045749783515930176
0.03901192173361778
0.04370388761162758
0.043681271374225616
0.0445622019469738
0.0445622019469738
0.0418936163187027
0.04763729125261307
0.04852583259344101
0.061607249081134796
0.13944292068481445
0.3108028173446655
0.5230749845504761
0.7334455251693726
0.9762891530990601
1.089819312095642
1.0758806467056274
1.0358144044876099
1.048993706703186
1.0459791421890259
0.9125963449478149
0.7170635461807251
0.4807111322879791
0.2247994989156723
0.08708036690950394
0.051579397171735764
0.04127701744437218
0.04578518122434616
0.045065369457006454
0.043532367795705795
0.04678495228290558
0.046764954924583435
0.0445622019469738
0.0445622019469738
0.056693654507398605
0.05937579274177551
0.06552000343799591
0.06936214864253998
0.07469025254249573
0.12653154134750366
0.2643878757953644
0.4492998421192169
0.6683691740036011
0.9124343395233154
1.0833913087844849
1.1036854982376099
1.039572834968567
0.8851524591445923
0.6615264415740967
0.41847464442253113
0.20941415429115295
0.09220433235168457
0.06059107556939125
0.05498490482568741
0.04453171044588089
0.051746103912591934
0.049435365945100784
0.05009252578020096
0.04824695363640785
0.046878255903720856
0.0445622019469738
0.0445622019469738
0.0496797114610672
0.05252690613269806
0.054969336837530136
0.05628564953804016
0.05522804707288742
0.06139630451798439
0.10649724304676056
0.2039289027452469
0.33528396487236023
0.4940672814846039
0.6466705799102783
0.6948123574256897
0.6251264810562134
0.4936384856700897
0.33200642466545105
0.16930222511291504
0.07736454904079437
0.055533766746520996
0.052470602095127106
0.0530400425195694
0.053759895265102386
0.05451284721493721
0.05754634737968445
0.05693863704800606
0.04692716896533966
0.045691438019275665
0.0445622019469738
0.0445622019469738
0.0445622019469738
0.0445622019469738
0.0445622019469738
0.0445622019469738
0.0445622019469738
0.0445622019469738
0.05110972747206688
0.07267102599143982
0.10395468771457672
0.14212414622306824
0.18261317908763885
0.19907471537590027
0.1782507747411728
0.143951877951622
0.10377027094364166
0.0634574145078659
0.04617185890674591
0.04703366011381149
0.04682067409157753
0.04619908332824707
0.047497205436229706
0.046976689249277115
0.04826939105987549
0.047949910163879395
0.0445622019469738
0.0445622019469738
0.0445622019469738
0.0445622019469738
0.0445622019469738
0.0445622019469738
0.0445622019469738
0.0445622019469738
0.0445622019469738
0.0445622019469738
0.0445622019469738
0.0445622019469738
0.04484659805893898
0.04421998932957649
0.04522717744112015
0.045352183282375336
0.04519614577293396
0.045797932893037796
0.045691438019275665
0.0445622019469738
0.0445622019469738
0.0445622019469738
0.0445622019469738
0.0445622019469738
0.0445622019469738
0.0445622019469738
0.0445622019469738
0.0445622019469738
0.0445622019469738
0.0445622019469738
0.0445622019469738
0.0445622019469738
0.04158547520637512
0.04158547520637512
0.04158547520637512
0.04158547520637512
0.04158547520637512
0.04158547520637512
0.042963337153196335
0.050165362656116486
0.05934471637010574
0.06542668491601944
0.06702114641666412
0.060374170541763306
0.05263248831033707
0.050440724939107895
0.06055556610226631
0.0707060843706131
0.07702399045228958
0.07275187969207764
0.06147954240441322
0.050630100071430206
0.04604346677660942
0.05226786062121391
0.05726771056652069
0.061460550874471664
0.06125341355800629
0.07292365282773972
0.06720052659511566
0.06531250476837158
0.04158547520637512
0.04158547520637512
0.04158547520637512
0.04158547520637512
0.04158547520637512
0.04158547520637512
0.04449969902634621
0.05396068096160889
0.06231396645307541
0.07260975986719131
0.07565397024154663
0.06848245114088058
0.060525111854076385
0.059726469218730927
0.07360206544399261
0.08833926171064377
0.09183228760957718
0.08349257707595825
0.06549949944019318
0.050774525851011276
0.04530319944024086
0.05215093120932579
0.05489875376224518
0.06022084504365921
0.056610845029354095
0.08398882299661636
0.08294625580310822
0.07997708022594452
0.04158547520637512
0.04158547520637512
0.04158547520637512
0.04158547520637512
0.04158547520637512
0.04158547520637512
0.04558445140719414
0.05388987436890602
0.06640832126140594
0.07775499671697617
0.08670174330472946
0.08071613311767578
0.07075761258602142
0.06800536811351776
0.08129002153873444
0.08904781937599182
0.09280560910701752
0.08220703899860382
0.06740611791610718
0.058397747576236725
0.04933962598443031
0.052101895213127136
0.05591767281293869
0.05974067375063896
0.06035536155104637
0.09260023385286331
0.08689475059509277
0.08522369712591171
0.04158547520637512
0.04158547520637512
0.04158547520637512
0.04158547520637512
0.04158547520637512
0.04158547520637512
0.04561751335859299
0.05576860532164574
0.06587903201580048
0.07366947084665298
0.07968412339687347
0.08294843137264252
0.08464758843183517
0.09285613894462585
0.10498161613941193
0.11919420212507248
0.11978548020124435
0.10829856991767883
0.0914422795176506
0.08637101203203201
0.09057601541280746
0.10521560907363892
0.11192449927330017
0.10113264620304108
0.08244887739419937
0.09116558730602264
0.07632794976234436
0.07273223996162415
0.04158547520637512
0.04158547520637512
0.04158547520637512
0.04158547520637512
0.04158547520637512
0.04158547520637512
0.04542794078588486
0.05485691875219345
0.06193911284208298
0.06508233398199081
0.07612437009811401
0.10336571931838989
0.15957757830619812
0.22909291088581085
0.2908933162689209
0.3333303928375244
0.3445088565349579
0.33324816823005676
0.32648566365242004
0.34896406531333923
0.41288667917251587
0.5013166666030884
0.5198578834533691
0.424969881772995
0.275465190410614
0.1471179723739624
0.06920172274112701
0.05826844274997711
0.04158547520637512
0.04158547520637512
0.04158547520637512
0.04158547520637512
0.04158547520637512
0.04158547520637512
0.04394654184579849
0.05339125916361809
0.06357026100158691
0.08903529495000839
0.1702682375907898
0.3503021001815796
0.6170648336410522
0.8931974172592163
1.103272557258606
1.218690037727356
1.2621309757232666
1.2681643962860107
1.2674579620361328
1.3084871768951416
1.4303030967712402
1.5980098247528076
1.6128870248794556
1.3293110132217407
0.885420560836792
0.4446161389350891
0.1514027714729309
0.05920816585421562
0.04158547520637512
0.04158547520637512
0.04158547520637512
0.04158547520637512
0.04158547520637512
0.04158547520637512
0.04217186197638512
0.05781112611293793
0.11243624985218048
0.2651834189891815
0.5615584850311279
1.0418908596038818
1.6542739868164062
2.2136549949645996
2.5947554111480713
2.7974226474761963
2.8619444370269775
2.857182502746582
2.870739221572876
2.952836513519287
3.137859344482422
3.3445258140563965
3.2285051345825195
2.5825881958007812
1.6858357191085815
0.8387176990509033
0.2999627888202667
0.08964639902114868
0.04158547520637512
0.04158547520637512
0.04158547520637512
0.04158547520637512
0.04158547520637512
0.04158547520637512
0.0441247820854187
0.07746759057044983
0.22453612089157104
0.6146700382232666
1.3123081922531128
2.2511937618255615
3.208388328552246
3.8560702800750732
4.135271072387695
4.13271427154541
4.054429054260254
3.9869353771209717
4.007907867431641
4.117241859436035
4.341192722320557
4.499053001403809
4.222266674041748
3.255065441131592
2.0120959281921387
0.9616949558258057
0.3312743306159973
0.10452321171760559
0.04158547520637512
0.04158547520637512
0.04158547520637512
0.04158547520637512
0.04158547520637512
0.04158547520637512
0.04741193354129791
0.11071518808603287
0.4088682532310486
1.1481918096542358
2.293226480484009
3.5105667114257812
4.387693405151367
4.687835216522217
4.485867023468018
4.0899529457092285
3.8107542991638184
3.6325294971466064
3.6271331310272217
3.7491979598999023
3.9949629306793213
4.141600131988525
3.837601661682129
2.865351676940918
1.6720994710922241
0.684770941734314
0.19633322954177856
0.0844300240278244
0.04158547520637512
0.04158547520637512
0.04158547520637512
0.04158547520637512
0.04158547520637512
0.04158547520637512
0.05393030866980553
0.1762668490409851
0.6768947839736938
1.7305768728256226
3.139725685119629
4.298915863037109
4.731363296508789
4.420375823974609
3.667234420776367
2.917339563369751
2.4600260257720947
2.2800073623657227
2.2951853275299072
2.4300947189331055
2.680717945098877
2.7660136222839355
2.4865145683288574
1.787280797958374
0.968856692314148
0.3496103584766388
0.06240300089120865
0.05233471840620041
0.04158547520637512
0.04158547520637512
0.04158547520637512
0.04158547520637512
0.04158547520637512
0.04158547520637512
0.07348525524139404
0.31721359491348267
1.0510046482086182
2.3400485515594482
3.8407769203186035
4.75184965133667
4.618541717529297
3.6800341606140137
2.4806032180786133
1.5581648349761963
1.089477777481079
0.9510641098022461
0.98797607421875
1.1176185607910156
1.3018450736999512
1.3622654676437378
1.1894116401672363
0.7980282306671143
0.40183213353157043
0.13764776289463043
0.03750602900981903
0.04760794714093208
0.04158547520637512
0.04158547520637512
0.04158547520637512
0.04158547520637512
0.04158547520637512
0.04243190959095955
0.122408926486969
0.577039361000061
1.5866714715957642
3.048673152923584
4.46169376373291
5.079537868499756
4.629517555236816
3.517716646194458
2.2074167728424072
1.2117594480514526
0.631008505821228
0.35661327838897705
0.3200201392173767
0.37979504466056824
0.46704137325286865
0.5058491230010986
0.4424383342266083
0.29236742854118347
0.13109874725341797
0.06408444046974182
0.05142984539270401
0.057186760008335114
0.04158547520637512
0.04158547520637512
0.04158547520637512
0.04158547520637512
0.04158547520637512
0.042963337153196335
0.18321043252944946
0.8882883787155151
2.154975414276123
3.6337637901306152
4.8122076988220215
5.1927266120910645
4.784572601318359
3.926631450653076
2.8995096683502197
1.9081928730010986
1.1098065376281738
0.5340628623962402
0.23219887912273407
0.15227749943733215
0.16877515614032745
0.16760969161987305
0.1595918834209442
0.12477228045463562
0.07191243767738342
0.06966330856084824
0.060805223882198334
0.05701081454753876
0.04158547520637512
0.04158547520637512
0.04158547520637512
0.04243190959095955
0.04318239912390709
0.04506845772266388
0.22986415028572083
1.0581406354904175
2.32409930229187
3.5917015075683594
4.402372360229492
4.599205493927002
4.385646343231201
4.0765299797058105
3.5984671115875244
2.8553874492645264
1.9846526384353638
1.0793840885162354
0.48177236318588257
0.1859913170337677
0.11513474583625793
0.10549501329660416
0.10352233052253723
0.10325130820274353
0.09096238762140274
0.08366625756025314
0.06736503541469574
0.059903696179389954
0.04527246579527855
0.044777024537324905
0.050697945058345795
0.08799199014902115
0.12020041793584824
0.11663061380386353
0.27382004261016846
0.9664925336837769
1.9353536367416382
2.7736692428588867
3.120278835296631
3.1571173667907715
3.1429121494293213
3.512336254119873
3.7582545280456543
3.5127766132354736
2.6466760635375977
1.613653540611267
0.7511399984359741
0.25594136118888855
0.13161763548851013
0.1035853773355484
0.10654845833778381
0.11015666276216507
0.08844964951276779
0.08529257774353027
0.07010720670223236
0.061278484761714935
0.0587151013314724
0.05713321641087532
0.09539739787578583
0.27318406105041504
0.45930230617523193
0.4810609221458435
0.5156789422035217
0.7901637554168701
1.2048858404159546
1.576269507408142
1.6379876136779785
1.5465940237045288
1.678528070449829
2.591719627380371
3.549553871154785
3.8209569454193115
3.1722605228424072
1.9748729467391968
0.9155961275100708
0.3223370611667633
0.1342802196741104
0.10556453466415405
0.09429924190044403
0.08642106503248215
0.0739770233631134
0.07251245528459549
0.06258125603199005
0.05504467338323593
0.07402335107326508
0.0742700845003128
0.1737152487039566
0.6208258867263794
1.144065260887146
1.320648193359375
1.1961413621902466
0.9318466186523438
0.7449977397918701
0.6900157928466797
0.6582309007644653
0.5389993190765381
0.7197209596633911
1.9310688972473145
3.3474395275115967
4.112832546234131
3.5443387031555176
2.246951103210449
0.9674277305603027
0.30244600772857666
0.11735434085130692
0.09075603634119034
0.08175219595432281
0.07294806838035583
0.049895621836185455
0.06351937353610992
0.05324091762304306
0.050799209624528885
0.08351768553256989
0.08186515420675278
0.25829213857650757
1.040145754814148
2.006643056869507
2.447462797164917
2.2132456302642822
1.5138143301010132
0.7917156219482422
0.3683924376964569
0.22372619807720184
0.18175029754638672
0.5265260934829712
1.8167197704315186
3.3212685585021973
4.206244945526123
3.686814546585083
2.284365653991699
0.9539121389389038
0.2626989781856537
0.09484118223190308
0.07296190410852432
0.0666632130742073
0.05294111371040344
0.04595113545656204
0.04637091979384422
0.048370473086833954
0.046669334173202515
0.07827657461166382
0.0767996609210968
0.3019046485424042
1.3088631629943848
2.6395254135131836
3.438258647918701
3.2790896892547607
2.348092794418335
1.3090630769729614
0.6181731224060059
0.3077022433280945
0.3675094246864319
0.9825698137283325
2.3202860355377197
3.6690728664398193
4.214056015014648
3.487884759902954
2.0247480869293213
0.7733550071716309
0.17626304924488068
0.07532951980829239
0.0668247863650322
0.06112454831600189
0.04862912744283676
0.04255810007452965
0.04217186197638512
0.042499102652072906
0.04225423187017441
0.06283482909202576
0.0672820657491684
0.2757021188735962
1.2378513813018799
2.6810030937194824
3.8598709106445312
4.021929740905762
3.293442964553833
2.2700767517089844
1.5226325988769531
1.1760785579681396
1.235442042350769
2.0103633403778076
3.1733531951904297
4.036050796508789
3.993609666824341
2.9307327270507812
1.523988962173462
0.49646854400634766
0.07670897245407104
0.05433030426502228
0.06656529009342194
0.05690877139568329
0.0471026748418808
0.0418708361685276
0.04113127663731575
0.04158547520637512
0.04158547520637512
0.06337009370326996
0.07074867188930511
0.21500521898269653
0.9048538208007812
2.1450538635253906
3.4448766708374023
4.099780559539795
3.9448766708374023
3.3151931762695312
2.8488712310791016
2.663137674331665
2.829308271408081
3.4861910343170166
4.053648948669434
4.106118679046631
3.315258026123047
2.0606935024261475
0.8795499801635742
0.20796507596969604
0.019534559920430183
0.04247363656759262
0.0619637630879879
0.05356878787279129
0.04898808151483536
0.04289540648460388
0.04258871451020241
0.04158547520637512
0.04158547520637512
0.07611944526433945
0.09003150463104248
0.15496031939983368
0.5107409358024597
1.3430079221725464
2.4644899368286133
3.4531970024108887
3.8717710971832275
3.940976619720459
3.8793540000915527
4.043158054351807
4.193729400634766
4.355924129486084
4.0954389572143555
3.308232069015503
2.204620838165283
1.0754302740097046
0.34234243631362915
0.04703681915998459
0.02930384874343872
0.05132832005620003
0.06514699757099152
0.06302919238805771
0.05017988756299019
0.04735618457198143
0.043325453996658325
0.04158547520637512
0.04158547520637512
0.08967708051204681
0.10101260989904404
0.1148689016699791
0.22681978344917297
0.645393967628479
1.379634141921997
2.340481758117676
3.1483726501464844
3.595870018005371
3.9087557792663574
4.097087860107422
4.109029293060303
3.8117012977600098
3.0423989295959473
2.0531888008117676
1.0731217861175537
0.38500458002090454
0.0853002667427063
0.012877598404884338
0.05241325870156288
0.07029841095209122
0.07575114816427231
0.06990636885166168
0.0594019889831543
0.04697556421160698
0.042934633791446686
0.04158547520637512
0.04158547520637512
0.08066534996032715
0.0913732722401619
0.08181246370077133
0.08922351896762848
0.2115243375301361
0.54768967628479
1.2069323062896729
1.9667967557907104
2.5791571140289307
2.9073257446289062
3.0785131454467773
2.9100804328918457
2.3846561908721924
1.6198506355285645
0.8561606407165527
0.3394854664802551
0.06815294921398163
0.022946137934923172
0.036195214837789536
0.06724648177623749
0.0742691159248352
0.07938066869974136
0.06940938532352448
0.054572418332099915
0.04506927728652954
0.04068838804960251
0.04158547520637512
0.04158547520637512
0.06507168710231781
0.07003115117549896
0.06700226664543152
0.051836371421813965
0.06914153695106506
0.15486887097358704
0.4401650130748749
0.873212456703186
1.297141194343567
1.5695581436157227
1.5992188453674316
1.4080510139465332
1.0305721759796143
0.5846295356750488
0.2278873473405838
0.05278748273849487
0.024867549538612366
0.04173607751727104
0.0447201170027256
0.06342022866010666
0.06266865134239197
0.06936290860176086
0.05394170805811882
0.04544074088335037
0.0425419919192791
0.04037816822528839
0.04158547520637512
0.04158547520637512
0.046671900898218155
0.049005404114723206
0.0497409962117672
0.04548228904604912
0.043641217052936554
0.053118620067834854
0.12435360252857208
0.2697887718677521
0.4376698434352875
0.571885347366333
0.5966269969940186
0.4945557415485382
0.3253355622291565
0.15458986163139343
0.03518514335155487
0.014267681166529655
0.039605673402547836
0.04500748962163925
0.041275110095739365
0.0516420379281044
0.05341368913650513
0.05421232432126999
0.04991849884390831
0.03745599836111069
0.04167186841368675
0.040954120457172394
0.04158547520637512
0.04158547520637512
0.04158547520637512
0.04158547520637512
0.04158547520637512
0.04158547520637512
0.04158547520637512
0.04158547520637512
0.048622120171785355
0.07014060020446777
0.10067988187074661
0.1293780505657196
0.14084592461585999
0.11911454796791077
0.08512835204601288
0.05221210792660713
0.031482480466365814
0.03394243121147156
0.042922984808683395
0.04302096739411354
0.040322769433259964
0.043344635516405106
0.04432635381817818
0.04359173774719238
0.0437387116253376
0.039691414684057236
0.04158547520637512
0.04158547520637512
0.04158547520637512
0.04158547520637512
0.04158547520637512
0.04158547520637512
0.04158547520637512
0.04158547520637512
0.04158547520637512
0.04158547520637512
0.04158547520637512
0.04158547520637512
0.04365326464176178
0.04396898299455643
0.04418448358774185
0.04404323920607567
0.0425090491771698
0.04230321943759918
0.040954120457172394
0.04158547520637512
0.04158547520637512
0.04158547520637512
0.04158547520637512
0.04158547520637512
0.04158547520637512
0.04158547520637512
0.04158547520637512
0.04158547520637512
0.04158547520637512
0.04158547520637512
0.04158547520637512
0.04158547520637512
0.034071311354637146
0.034071311354637146
0.034071311354637146
0.034071311354637146
0.034071311354637146
0.034071311354637146
0.03397788479924202
0.03965727239847183
0.0439353846013546
0.04830852150917053
0.053983528167009354
0.06211145594716072
0.060381874442100525
0.051188383251428604
0.04395962506532669
0.05115441977977753
0.07071347534656525
0.07786053419113159
0.0717196986079216
0.053775325417518616
0.04506222903728485
0.04519817978143692
0.043997034430503845
0.05057504028081894
0.05309552699327469
0.05208280682563782
0.05953781679272652
0.06337550282478333
0.034071311354637146
0.034071311354637146
0.034071311354637146
0.034071311354637146
0.034071311354637146
0.034071311354637146
0.035277072340250015
0.03868861496448517
0.04615822434425354
0.057901531457901
0.07129042595624924
0.07760309427976608
0.06996829062700272
0.06089860573410988
0.06341885030269623
0.06560170650482178
0.08056724071502686
0.08822143822908401
0.0866042822599411
0.06749697029590607
0.049974292516708374
0.04508182778954506
0.04423404857516289
0.051621776074171066
0.054817166179418564
0.06626954674720764
0.0734669491648674
0.08658856153488159
0.034071311354637146
0.034071311354637146
0.034071311354637146
0.034071311354637146
0.034071311354637146
0.034071311354637146
0.03509204462170601
0.03869161754846573
0.051302701234817505
0.07089708745479584
0.08233445882797241
0.08125327527523041
0.07427798211574554
0.073341503739357
0.08075131475925446
0.08463986217975616
0.08954817056655884
0.09972620755434036
0.09120827913284302
0.07049794495105743
0.05110394209623337
0.04352955147624016
0.04935283586382866
0.056676819920539856
0.06213519349694252
0.08566910028457642
0.07836462557315826
0.0908963680267334
0.034071311354637146
0.034071311354637146
0.034071311354637146
0.034071311354637146
0.034071311354637146
0.034071311354637146
0.035721275955438614
0.04361801594495773
0.05366252362728119
0.06307730078697205
0.07284091413021088
0.07633515447378159
0.08156456053256989
0.08281683921813965
0.09121686220169067
0.10513705015182495
0.12344062328338623
0.13127852976322174
0.11734466254711151
0.0993441641330719
0.08652324974536896
0.08196613192558289
0.09406416118144989
0.1153634637594223
0.12617573142051697
0.14006449282169342
0.10565540939569473
0.0881022959947586
0.034071311354637146
0.034071311354637146
0.034071311354637146
0.034071311354637146
0.034071311354637146
0.034071311354637146
0.036987725645303726
0.04195236414670944
0.04949847608804703
0.05667886137962341
0.0708799809217453
0.07610322535037994
0.07356271892786026
0.09699150919914246
0.17132240533828735
0.2756829261779785
0.36664319038391113
0.39610719680786133
0.3904227614402771
0.3725581169128418
0.3603716492652893
0.39147114753723145
0.497739315032959
0.6297872066497803
0.6569638848304749
0.534408450126648
0.2889690399169922
0.10773342847824097
0.034071311354637146
0.034071311354637146
0.034071311354637146
0.034071311354637146
0.034071311354637146
0.034071311354637146
0.03572310134768486
0.03740178793668747
0.044916097074747086
0.05098233371973038
0.05279293656349182
0.07001134753227234
0.16602736711502075
0.44291067123413086
0.8537771701812744
1.2478982210159302
1.449173927307129
1.4920626878738403
1.4905775785446167
1.495444416999817
1.5334136486053467
1.6712679862976074
1.8908218145370483
2.025806427001953
1.8401952981948853
1.3329252004623413
0.6685870289802551
0.17814211547374725
0.034071311354637146
0.034071311354637146
0.034071311354637146
0.034071311354637146
0.034071311354637146
0.034071311354637146
0.03431069478392601
0.03636869043111801
0.03370332345366478
0.03473163768649101
0.10126504302024841
0.3851252794265747
1.0086205005645752
1.8757708072662354
2.6481969356536865
3.1430342197418213
3.336707592010498
3.3380792140960693
3.308006763458252
3.3546903133392334
3.4642751216888428
3.633457899093628
3.796769142150879
3.732083320617676
3.2039852142333984
2.188523769378662
1.0387834310531616
0.25877949595451355
0.034071311354637146
0.034071311354637146
0.034071311354637146
0.034071311354637146
0.034071311354637146
0.034071311354637146
0.033176571130752563
0.03829334303736687
0.03901753947138786
0.14326408505439758
0.5492075085639954
1.4263781309127808
2.6419405937194824
3.8475797176361084
4.695631504058838
5.047635078430176
5.023029327392578
4.826846599578857
4.6981353759765625
4.713611602783203
4.870054244995117
5.10452127456665
5.220480918884277
4.857107639312744
3.931417226791382
2.530116558074951
1.182735562324524
0.3098025321960449
0.034071311354637146
0.034071311354637146
0.034071311354637146
0.034071311354637146
0.034071311354637146
0.034071311354637146
0.033194538205862045
0.045163363218307495
0.1318802684545517
0.4784277677536011
1.297096848487854
2.657637596130371
4.2974467277526855
5.571303844451904
6.097364902496338
5.839699745178223
5.335573196411133
4.9394612312316895
4.771190643310547
4.769515037536621
4.959436416625977
5.217961311340332
5.292682647705078
4.764226913452148
3.668959617614746
2.254814863204956
1.0208499431610107
0.28905385732650757
0.034071311354637146
0.034071311354637146
0.034071311354637146
0.034071311354637146
0.034071311354637146
0.034071311354637146
0.03720349073410034
0.05749984085559845
0.2559780478477478
0.872477650642395
2.0867669582366943
3.7909862995147705
5.476256370544434
6.330185890197754
6.091800212860107
5.141860008239746
4.26727294921875
3.7669594287872314
3.591742992401123
3.62724232673645
3.83125901222229
3.974191188812256
3.9389779567718506
3.4855856895446777
2.638620376586914
1.5585945844650269
0.6772761940956116
0.20496948063373566
0.034071311354637146
0.034071311354637146
0.034071311354637146
0.034071311354637146
0.034071311354637146
0.034071311354637146
0.03497790917754173
0.07243628054857254
0.3952452540397644
1.3105971813201904
2.905735969543457
4.770888805389404
6.010805606842041
6.146667003631592
5.171761989593506
3.780054807662964
2.622955083847046
2.006964921951294
1.7672029733657837
1.807342767715454
2.0013389587402344
2.120781898498535
2.1193900108337402
1.8594260215759277
1.380752444267273
0.7735739946365356
0.3361551761627197
0.1250961571931839
0.034071311354637146
0.034071311354637146
0.034071311354637146
0.034071311354637146
0.034071311354637146
0.033773064613342285
0.028280330821871758
0.1353708952665329
0.7004209160804749
1.9460161924362183
3.7708451747894287
5.470448017120361
6.239175319671631
5.912995338439941
4.738072872161865
3.2378783226013184
1.9585464000701904
1.154502272605896
0.6852318048477173
0.5865287780761719
0.6821613311767578
0.7941686511039734
0.818770170211792
0.6978617310523987
0.5032960176467896
0.2827741205692291
0.14834395051002502
0.08923910558223724
0.034071311354637146
0.034071311354637146
0.034071311354637146
0.034071311354637146
0.034071311354637146
0.03397788479924202
0.05781050771474838
0.32391923666000366
1.1743005514144897
2.6651933193206787
4.53018045425415
6.011876583099365
6.424276828765869
5.776616096496582
4.742769718170166
3.597921848297119
2.5120649337768555
1.5654524564743042
0.8051122426986694
0.36113858222961426
0.2257709801197052
0.23131735622882843
0.22759583592414856
0.2038893699645996
0.16686449944972992
0.12122835218906403
0.09022462368011475
0.07270759344100952
0.034071311354637146
0.034071311354637146
0.034071311354637146
0.033773064613342285
0.03401096165180206
0.03616253286600113
0.12961004674434662
0.5705011487007141
1.5402936935424805
3.0445261001586914
4.640044212341309
5.769898414611816
5.889736175537109
5.363037586212158
4.733549118041992
4.159240245819092
3.478196620941162
2.585747480392456
1.4801430702209473
0.583473801612854
0.19694437086582184
0.12179886549711227
0.13119763135910034
0.11754506826400757
0.11367712914943695
0.10072031617164612
0.08253330737352371
0.06684911996126175
0.03452276438474655
0.038576025515794754
0.03646812587976456
0.026218213140964508
0.03907044976949692
0.07719860970973969
0.2457517683506012
0.7874501943588257
1.5807993412017822
2.6288857460021973
3.6802115440368652
4.477992534637451
4.577478885650635
4.356265544891357
4.288758277893066
4.356659412384033
4.239069938659668
3.588071346282959
2.283949851989746
0.9652705788612366
0.2685474753379822
0.11562835425138474
0.12554490566253662
0.11602219939231873
0.11259759217500687
0.0834646224975586
0.08291050046682358
0.07606033980846405
0.04068896174430847
0.05059683322906494
0.04273268207907677
0.02525869570672512
0.12908728420734406
0.3473997712135315
0.6450682878494263
1.103562355041504
1.4332143068313599
1.7968723773956299
2.2894318103790283
2.636110782623291
2.702939510345459
2.941420793533325
3.5335328578948975
4.265527248382568
4.627633571624756
4.338615417480469
2.908571720123291
1.3174293041229248
0.3361054062843323
0.1211942732334137
0.11525237560272217
0.11262550950050354
0.09938149899244308
0.0840669497847557
0.06838960200548172
0.06437110900878906
0.05440013110637665
0.06501680612564087
0.07597657293081284
0.12817823886871338
0.45604413747787476
0.9924811124801636
1.5315866470336914
1.7732505798339844
1.5166741609573364
1.14006769657135
1.0745636224746704
1.0607942342758179
1.042686104774475
1.594165563583374
2.660872220993042
4.042489051818848
4.904468059539795
4.837125301361084
3.2868804931640625
1.494067668914795
0.3472156524658203
0.10346287488937378
0.09794460237026215
0.09889377653598785
0.08088786154985428
0.06927020847797394
0.05876919627189636
0.05482465773820877
0.068045474588871
0.07229320704936981
0.13407787680625916
0.4005100131034851
1.0180995464324951
1.8243783712387085
2.659595012664795
2.852853536605835
2.146895170211792
1.061755657196045
0.4785626530647278
0.30600643157958984
0.28353917598724365
0.9646484851837158
2.3040499687194824
4.030388355255127
5.108883857727051
4.9290266036987305
3.266814947128296
1.4439359903335571
0.3324456810951233
0.08338974416255951
0.08178962767124176
0.07212559878826141
0.05519445240497589
0.0414917916059494
0.04464218020439148
0.04513430967926979
0.06662941724061966
0.07179740816354752
0.18595145642757416
0.6876941919326782
1.5757893323898315
2.656680107116699
3.625889539718628
3.9632773399353027
3.129201650619507
1.7774863243103027
0.7793310284614563
0.34763485193252563
0.40937745571136475
1.3391610383987427
2.9591238498687744
4.638697147369385
5.349295616149902
4.643557548522949
2.8404147624969482
1.1631282567977905
0.27155801653862
0.07937498390674591
0.07065662741661072
0.058465298265218735
0.04636514559388161
0.03431069478392601
0.03528447821736336
0.035479944199323654
0.05359214171767235
0.06162068620324135
0.19704116880893707
0.790690004825592
1.8212374448776245
3.125235080718994
4.139466762542725
4.66130256652832
4.087525844573975
2.8833541870117188
1.7244714498519897
1.276123046875
1.6713954210281372
2.8174219131469727
4.276350498199463
5.223942756652832
5.15794038772583
3.8453800678253174
2.109886407852173
0.7917479276657104
0.18433719873428345
0.07199157029390335
0.058947570621967316
0.05496577173471451
0.04456585273146629
0.03719174489378929
0.034071311354637146
0.034071311354637146
0.04434556886553764
0.055131763219833374
0.17086702585220337
0.6759589314460754
1.6262210607528687
2.8763833045959473
4.028123378753662
4.7242608070373535
4.672854423522949
4.063386917114258
3.463482141494751
3.251096487045288
3.700944662094116
4.514383316040039
5.19388484954834
5.102036476135254
4.240972518920898
2.7340145111083984
1.3275882005691528
0.4442973732948303
0.10737402737140656
0.06518705189228058
0.05514298379421234
0.05662444978952408
0.046377114951610565
0.0404859259724617
0.034071311354637146
0.034071311354637146
0.051948510110378265
0.07676084339618683
0.13506175577640533
0.4204068183898926
1.1500884294509888
2.2137017250061035
3.3238344192504883
4.215969085693359
4.747014999389648
4.9020562171936035
4.883186340332031
4.946648597717285
5.22209358215332
5.371714115142822
5.1075663566589355
4.1889848709106445
2.9515721797943115
1.6132752895355225
0.6655058264732361
0.2012757509946823
0.07216361165046692
0.06157398968935013
0.06586016714572906
0.06948788464069366
0.04754621163010597
0.04376627132296562
0.034071311354637146
0.034071311354637146
0.060639966279268265
0.08570133149623871
0.10711894929409027
0.20738039910793304
0.568162739276886
1.30968177318573
2.3049163818359375
3.3198118209838867
4.203807353973389
4.821704864501953
5.2333831787109375
5.366302967071533
5.290083408355713
4.858660697937012
4.028090953826904
2.8419361114501953
1.6476958990097046
0.735522985458374
0.26645612716674805
0.09387275576591492
0.06627634167671204
0.07353359460830688
0.07566200196743011
0.07428491115570068
0.04732111841440201
0.04332593083381653
0.034071311354637146
0.034071311354637146
0.06741173565387726
0.08316534757614136
0.09011435508728027
0.10289327800273895
0.17942242324352264
0.49249958992004395
1.1766111850738525
2.036827802658081
2.9436044692993164
3.700402021408081
4.252660751342773
4.371964931488037
4.061246395111084
3.4124820232391357
2.4892525672912598
1.463732361793518
0.6652638912200928
0.2465515285730362
0.10177071392536163
0.07003413885831833
0.059197839349508286
0.07388608157634735
0.07095369696617126
0.07614658027887344
0.045517340302467346
0.040496423840522766
0.034071311354637146
0.034071311354637146
0.058557942509651184
0.07168896496295929
0.076112762093544
0.07129953801631927
0.07181819528341293
0.13245134055614471
0.3876040577888489
0.8717296123504639
1.4680440425872803
2.032054901123047
2.425342321395874
2.4807608127593994
2.215116500854492
1.7160981893539429
1.1035528182983398
0.5339781045913696
0.20099784433841705
0.09019497036933899
0.06340597569942474
0.061891280114650726
0.05646112188696861
0.06647888571023941
0.06389622390270233
0.0627804547548294
0.04032961279153824
0.03669266030192375
0.034071311354637146
0.034071311354637146
0.038668353110551834
0.043868035078048706
0.04750373959541321
0.04659251868724823
0.04259283468127251
0.04494348168373108
0.09468209743499756
0.24450786411762238
0.47999465465545654
0.7380591630935669
0.9363601207733154
0.9801324605941772
0.8485842943191528
0.6017032265663147
0.3414021134376526
0.1439932882785797
0.06265376508235931
0.04847031459212303
0.043335314840078354
0.04300719127058983
0.04994791001081467
0.05417836457490921
0.05337977781891823
0.046507127583026886
0.03599657863378525
0.034690242260694504
0.034071311354637146
0.034071311354637146
0.034071311354637146
0.034071311354637146
0.034071311354637146
0.034071311354637146
0.034071311354637146
0.034071311354637146
0.03694391995668411
0.05581085756421089
0.09637313336133957
0.14881490170955658
0.19364066421985626
0.20704467594623566
0.17967690527439117
0.1267041563987732
0.07719124853610992
0.045781638473272324
0.03688857704401016
0.036683984100818634
0.03530917689204216
0.03478946536779404
0.03771081566810608
0.03829720988869667
0.03799032047390938
0.03592810779809952
0.034071311354637146
0.034071311354637146
0.034071311354637146
0.034071311354637146
0.034071311354637146
0.034071311354637146
0.034071311354637146
0.034071311354637146
0.034071311354637146
0.034071311354637146
0.034071311354637146
0.034071311354637146
0.035575319081544876
0.03520165756344795
0.036707017570734024
0.037027642130851746
0.03790022432804108
0.03537764772772789
0.034690242260694504
0.034071311354637146
0.034071311354637146
0.034071311354637146
0.034071311354637146
0.034071311354637146
0.034071311354637146
0.034071311354637146
0.034071311354637146
0.034071311354637146
0.034071311354637146
0.034071311354637146
0.034071311354637146
0.034071311354637146
0.03415152058005333
0.03415152058005333
0.03415152058005333
0.03415152058005333
0.03415152058005333
0.03415152058005333
0.03463885933160782
0.03781968355178833
0.035485729575157166
0.035776399075984955
0.03464312106370926
0.03157453611493111
0.030625591054558754
0.03368047624826431
0.03911054506897926
0.039671555161476135
0.03166887164115906
0.03066052682697773
0.029534906148910522
0.03124372474849224
0.03339004144072533
0.03662335127592087
0.03315325826406479
0.03357084095478058
0.03299520164728165
0.040977805852890015
0.03515502065420151
0.03347298502922058
0.03415152058005333
0.03415152058005333
0.03415152058005333
0.03415152058005333
0.03415152058005333
0.03415152058005333
0.03570818156003952
0.03556392714381218
0.035739582031965256
0.038192734122276306
0.03827548027038574
0.03267567232251167
0.0339931845664978
0.035498932003974915
0.04025006294250488
0.03373318538069725
0.030443323776125908
0.030204253271222115
0.03173680976033211
0.031966738402843475
0.034065939486026764
0.03454412519931793
0.033638764172792435
0.037714507430791855
0.0364205501973629
0.05095510929822922
0.0332760363817215
0.02890346758067608
0.03415152058005333
0.03415152058005333
0.03415152058005333
0.03415152058005333
0.03415152058005333
0.03415152058005333
0.03518330305814743
0.03682929277420044
0.03569701313972473
0.03145014867186546
0.031038088724017143
0.033573951572179794
0.03564104810357094
0.038440849632024765
0.03164178505539894
0.02980070374906063
0.03485041484236717
0.036109667271375656
0.03606071695685387
0.03419354557991028
0.03371027112007141
0.034775685518980026
0.030806342139840126
0.031051309779286385
0.03071061335504055
0.04035288095474243
0.02588186413049698
0.029626548290252686
0.03415152058005333
0.03415152058005333
0.03415152058005333
0.03415152058005333
0.03415152058005333
0.03415152058005333
0.03547653183341026
0.03619513660669327
0.03310420364141464
0.031112289056181908
0.03353888541460037
0.037712857127189636
0.04068513587117195
0.04291297495365143
0.04094235971570015
0.036385565996170044
0.029532726854085922
0.03228049352765083
0.033298127353191376
0.03941381350159645
0.04137730225920677
0.04951532930135727
0.04305270314216614
0.02721955068409443
0.0165740754455328
0.01653820276260376
0.013917237520217896
0.03158930316567421
0.03415152058005333
0.03415152058005333
0.03415152058005333
0.03415152058005333
0.03415152058005333
0.03415152058005333
0.03490724787116051
0.03490172326564789
0.03220509737730026
0.03404830023646355
0.03999916464090347
0.05207427218556404
0.07509445399045944
0.09387598931789398
0.09490156173706055
0.06857027113437653
0.047057367861270905
0.04051583260297775
0.04805373772978783
0.06526601314544678
0.09477703273296356
0.11449900269508362
0.07150796800851822
0.0
0.0
0.0
0.0
0.02509460225701332
0.03415152058005333
0.03415152058005333
0.03415152058005333
0.03415152058005333
0.03415152058005333
0.03415152058005333
0.033976975828409195
0.03640155494213104
0.03667586296796799
0.051626794040203094
0.09070112556219101
0.16690170764923096
0.2398352026939392
0.25235506892204285
0.17858724296092987
0.09123595803976059
0.06534484028816223
0.05571190267801285
0.05870050936937332
0.07559176534414291
0.10936011373996735
0.1085532009601593
0.007690645754337311
0.0
0.0
0.0
0.0
0.008968641981482506
0.03415152058005333
0.03415152058005333
0.03415152058005333
0.03415152058005333
0.03415152058005333
0.03415152058005333
0.034105222672224045
0.04115309566259384
0.0702071562409401
0.13519613444805145
0.23938828706741333
0.32949626445770264
0.33138570189476013
0.19085630774497986
0.07558900117874146
0.02501053921878338
0.014877691864967346
0.018871493637561798
0.04368958622217178
0.06006811559200287
0.09246978163719177
0.05180945247411728
0.0
0.0
0.0
0.0
0.0
0.004625637084245682
0.03415152058005333
0.03415152058005333
0.03415152058005333
0.03415152058005333
0.03415152058005333
0.03415152058005333
0.03616958484053612
0.050809383392333984
0.11316461861133575
0.24506142735481262
0.38507160544395447
0.3971666097640991
0.22951748967170715
0.0
0.0
0.0
0.0
0.0
0.0
0.027978509664535522
0.02885243482887745
0.0
0.0
0.0
0.0
0.0
0.007451537996530533
0.021385882049798965
0.03415152058005333
0.03415152058005333
0.03415152058005333
0.03415152058005333
0.03415152058005333
0.03415152058005333
0.03695891052484512
0.06361667066812515
0.17141930758953094
0.343821257352829
0.3996763229370117
0.2207924723625183
0.0
0.0
0.0
0.0
0.008657090365886688
0.052811719477176666
0.1033632904291153
0.13761357963085175
0.13265125453472137
0.025978807359933853
0.0
0.0
0.08347395062446594
0.1741861253976822
0.11278390884399414
0.04613287001848221
0.03415152058005333
0.03415152058005333
0.03415152058005333
0.03415152058005333
0.03415152058005333
0.03415152058005333
0.040468864142894745
0.09113039821386337
0.22619348764419556
0.35635390877723694
0.3177264630794525
0.01784086413681507
0.0
0.0
0.0
0.0
0.0
0.0
0.0
0.0
0.0
0.0
0.0
0.0
0.1367843896150589
0.18895705044269562
0.106687530875206
0.050969939678907394
0.03415152058005333
0.03415152058005333
0.03415152058005333
0.03415152058005333
0.03415152058005333
0.03415152058005333
0.05093785375356674
0.15019597113132477
0.30695775151252747
0.36514413356781006
0.15807408094406128
0.0
0.0
0.0
0.0
0.0
0.0
0.0
0.0
0.0
0.0
0.0
0.0
0.0
0.09215261042118073
0.09943912923336029
0.057936716824769974
0.04413849115371704
0.03415152058005333
0.03415152058005333
0.03415152058005333
0.03415152058005333
0.03415152058005333
0.03482420742511749
0.07787958532571793
0.24129149317741394
0.38595908880233765
0.32066860795021057
0.003794793039560318
0.0
0.0
0.0
0.0
0.0
0.0
0.0
0.0
0.0
0.0
0.0
0.0
0.0
0.037363436073064804
0.0426807776093483
0.03242162987589836
0.031364988535642624
0.03415152058005333
0.03415152058005333
0.03415152058005333
0.03415152058005333
0.03415152058005333
0.03463885933160782
0.0955125093460083
0.305400550365448
0.3531898558139801
0.1447308510541916
0.0
0.0
0.0
0.09615632891654968
0.049628935754299164
0.0
0.0
0.0
0.0
0.0
0.003833649680018425
0.001722533255815506
0.006913771852850914
0.014623956754803658
0.03244386613368988
0.036850959062576294
0.02464410662651062
0.029529858380556107
0.03415152058005333
0.03415152058005333
0.03415152058005333
0.03482420742511749
0.03472135215997696
0.03555039316415787
0.09295473992824554
0.23713752627372742
0.15613476932048798
0.0
0.0
0.0
0.04028270021080971
0.24340935051441193
0.22619985044002533
0.1276664435863495
0.0
0.0
0.0
0.0
0.021965451538562775
0.03734521567821503
0.023022424429655075
0.03467133268713951
0.024039383977651596
0.032192155718803406
0.028283867985010147
0.0370614267885685
0.03735017776489258
0.03163355588912964
0.04124563932418823
0.060994379222393036
0.06575655192136765
0.049971338361501694
0.0518532358109951
0.06782174110412598
0.0
0.0
0.0
0.0
0.034325096756219864
0.2842028737068176
0.39265501499176025
0.26961398124694824
0.0
0.0
0.0
0.0
0.029640182852745056
0.035939380526542664
0.03591039776802063
0.028157804161310196
0.026652125641703606
0.034383341670036316
0.031588852405548096
0.027725916355848312
0.039298512041568756
0.03365985304117203
0.06110432744026184
0.15016302466392517
0.17239069938659668
0.0922740250825882
0.0
0.0
0.0
0.0
0.0
0.0
0.0
0.1949814260005951
0.2849198877811432
0.21256385743618011
0.0308664683252573
0.0
0.0
0.0
0.006728220731019974
0.02500969171524048
0.03260737657546997
0.03369412571191788
0.03608251363039017
0.04400678724050522
0.03751228749752045
0.035220757126808167
0.03832805156707764
0.03467690199613571
0.08427643775939941
0.26971134543418884
0.3064331114292145
0.11479121446609497
0.0
0.0
0.0
0.0
0.0
0.0
0.0
0.17417888343334198
0.10364086925983429
0.0
0.0
0.0
0.0
0.0
0.023270823061466217
0.02495674602687359
0.027537347748875618
0.03079359047114849
0.02927546575665474
0.03383246436715126
0.03174525126814842
0.036460477858781815
0.03933010250329971
0.03296949341893196
0.1077214926481247
0.35012537240982056
0.36944496631622314
0.11696119606494904
0.0
0.0
0.0
0.0
0.0
0.031760212033987045
0.18909551203250885
0.3590834438800812
0.1387730836868286
0.0
0.0
0.0
0.0
0.03664194419980049
0.03302730619907379
0.032955147325992584
0.0282832570374012
0.03244616091251373
0.0321139357984066
0.03323986381292343
0.029484372586011887
0.03185576573014259
0.03554730862379074
0.03263353183865547
0.10503080487251282
0.31260377168655396
0.3084452748298645
0.14705559611320496
0.06289159506559372
0.0
0.0
0.0
0.0
0.10962802171707153
0.33691200613975525
0.3981531262397766
0.0
0.0
0.0
0.0
0.0695817619562149
0.08840201795101166
0.044022537767887115
0.027664663270115852
0.03394612669944763
0.03401738405227661
0.03448283299803734
0.034105222672224045
0.033445972949266434
0.0337127186357975
0.03260376676917076
0.03173300623893738
0.07136885076761246
0.17065994441509247
0.12946133315563202
0.07376725971698761
0.13194304704666138
0.2258792221546173
0.060887180268764496
0.0
0.04420985281467438
0.15579117834568024
0.29010459780693054
0.06780301779508591
0.0
0.0
0.0
0.0
0.14276516437530518
0.10245859622955322
0.04690883681178093
0.029185963794589043
0.034468166530132294
0.036836910992860794
0.03411851078271866
0.033572662621736526
0.03415152058005333
0.03415152058005333
0.036481376737356186
0.03834422677755356
0.042786262929439545
0.05279364436864853
0.0
0.0
0.11300891637802124
0.26582151651382446
0.29442232847213745
0.16437087953090668
0.11644455790519714
0.10613861680030823
0.02268632873892784
0.0
0.0
0.0
0.0
0.10899719595909119
0.14535222947597504
0.08231030404567719
0.03842474892735481
0.035755693912506104
0.03438618779182434
0.03485460951924324
0.033163703978061676
0.032988425344228745
0.03415152058005333
0.03415152058005333
0.04088206589221954
0.0321846529841423
0.0292676854878664
0.0
0.0
0.0
0.003305736929178238
0.2518967092037201
0.3700113594532013
0.3277323246002197
0.15294884145259857
0.0
0.0
0.0
0.0
0.0
0.08456185460090637
0.16011793911457062
0.10480926930904388
0.056492824107408524
0.03534480184316635
0.04307892918586731
0.02715418115258217
0.029335997998714447
0.03263986110687256
0.03293941915035248
0.03415152058005333
0.03415152058005333
0.03466375917196274
0.02925259619951248
0.02640695311129093
0.005364971235394478
0.0
0.0
0.0
0.0
0.13091780245304108
0.21026651561260223
0.15202568471431732
0.0
0.0
0.0
0.0
0.06712652742862701
0.13779473304748535
0.09451720118522644
0.04359839856624603
0.040112584829330444
0.03591710701584816
0.02972865104675293
0.03022567741572857
0.02953377366065979
0.034620251506567
0.034689877182245255
0.03415152058005333
0.03415152058005333
0.030472248792648315
0.03476075455546379
0.03785436972975731
0.03613405302166939
0.010018039494752884
0.0
0.0
0.0
0.0
0.0
0.0
0.0
0.0
0.0
0.07172546535730362
0.1170077919960022
0.08346036076545715
0.04888656735420227
0.03897232562303543
0.04669831693172455
0.030603550374507904
0.029054902493953705
0.030854254961013794
0.03282072767615318
0.035650935024023056
0.035075556486845016
0.03415152058005333
0.03415152058005333
0.02458464726805687
0.025158951058983803
0.03278243541717529
0.03639708459377289
0.0325847826898098
0.007761288434267044
0.0
0.0
0.0
0.0
0.0
0.0
0.0
0.060898296535015106
0.10110476613044739
0.06951715052127838
0.0382968932390213
0.033818189054727554
0.03685442730784416
0.03724858909845352
0.027274098247289658
0.03424515575170517
0.03715616092085838
0.03899110481142998
0.035410329699516296
0.03466031700372696
0.03415152058005333
0.03415152058005333
0.03184967860579491
0.02987401932477951
0.030373381450772285
0.032202765345573425
0.033562518656253815
0.03118097223341465
0.015745285898447037
0.0
0.0
0.0
0.0
0.0
0.0
0.03460674732923508
0.050766151398420334
0.035633206367492676
0.031072141602635384
0.03387924283742905
0.03482365608215332
0.03332110866904259
0.026389341801404953
0.030575130134820938
0.035283733159303665
0.035172294825315475
0.03416036441922188
0.03411369025707245
0.03415152058005333
0.03415152058005333
0.03415152058005333
0.03415152058005333
0.03415152058005333
0.03415152058005333
0.03415152058005333
0.03415152058005333
0.03359592705965042
0.02429596334695816
0.006447404623031616
0.0
0.0
0.0
0.008675685152411461
0.028346514329314232
0.03401945158839226
0.03217298910021782
0.03327391296625137
0.03424486517906189
0.034075863659381866
0.03401262313127518
0.03203487768769264
0.032835111021995544
0.03429153934121132
0.034038033336400986
0.03415152058005333
0.03415152058005333
0.03415152058005333
0.03415152058005333
0.03415152058005333
0.03415152058005333
0.03415152058005333
0.03415152058005333
0.03415152058005333
0.03415152058005333
0.03415152058005333
0.03415152058005333
0.03503549098968506
0.03354611247777939
0.03376064449548721
0.03319913148880005
0.03354350104928017
0.03419819474220276
0.03411369025707245
0.03415152058005333
0.03415152058005333
0.03415152058005333
0.03415152058005333
0.03415152058005333
0.03415152058005333
0.03415152058005333
0.03415152058005333
0.03415152058005333
0.03415152058005333
0.03415152058005333
0.03415152058005333
0.03415152058005333
0.11350224912166595
0.11350224912166595
0.11350224912166595
0.11350224912166595
0.11350224912166595
0.11350224912166595
0.11346637457609177
0.11905848979949951
0.12395072728395462
0.12292587757110596
0.1235659122467041
0.12177619338035583
0.11707761883735657
0.1119701936841011
0.1144791916012764
0.12089617550373077
0.12991848587989807
0.12922395765781403
0.11921701580286026
0.11473073810338974
0.1162906065583229
0.12155012786388397
0.12331030517816544
0.12491361796855927
0.12624584138393402
0.11751410365104675
0.1282053291797638
0.118620865046978
0.11350224912166595
0.11350224912166595
0.11350224912166595
0.11350224912166595
0.11350224912166595
0.11350224912166595
0.11499517410993576
0.1193280890583992
0.1268833428621292
0.13174867630004883
0.12831130623817444
0.12391697615385056
0.12074954807758331
0.12084997445344925
0.12907762825489044
0.13745810091495514
0.13865306973457336
0.13974815607070923
0.12538252770900726
0.1142411157488823
0.11405041813850403
0.12033252418041229
0.1269204169511795
0.1271113008260727
0.12471193820238113
0.1281316876411438
0.13248290121555328
0.12820100784301758
0.11350224912166595
0.11350224912166595
0.11350224912166595
0.11350224912166595
0.11350224912166595
0.11350224912166595
0.11473635584115982
0.12353534996509552
0.13316895067691803
0.14394396543502808
0.14650094509124756
0.1382448375225067
0.13041724264621735
0.12812691926956177
0.13609692454338074
0.1480664610862732
0.14721345901489258
0.14267584681510925
0.1307893693447113
0.12323126941919327
0.11973829567432404
0.12173822522163391
0.12728416919708252
0.13189035654067993
0.1360209584236145
0.15675687789916992
0.14971700310707092
0.13567720353603363
0.11350224912166595
0.11350224912166595
0.11350224912166595
0.11350224912166595
0.11350224912166595
0.11350224912166595
0.11713709682226181
0.12440851330757141
0.13224396109580994
0.13986913859844208
0.14730998873710632
0.13868330419063568
0.13243727385997772
0.13936877250671387
0.15537792444229126
0.15908394753932953
0.156240314245224
0.1421639621257782
0.12861719727516174
0.1146814376115799
0.11048895120620728
0.11592508852481842
0.12119096517562866
0.11652053892612457
0.10922857373952866
0.14187277853488922
0.14674612879753113
0.1351407766342163
0.11350224912166595
0.11350224912166595
0.11350224912166595
0.11350224912166595
0.11350224912166595
0.11350224912166595
0.11701427400112152
0.12481936812400818
0.13424347341060638
0.13868790864944458
0.14298491179943085
0.14111119508743286
0.13639430701732635
0.15368197858333588
0.16582134366035461
0.15423214435577393
0.1372039020061493
0.11931376159191132
0.10725625604391098
0.09175961464643478
0.08750009536743164
0.12092919647693634
0.15197855234146118
0.11954738199710846
0.0472709983587265
0.041540808975696564
0.07588397711515427
0.11738930642604828
0.11350224912166595
0.11350224912166595
0.11350224912166595
0.11350224912166595
0.11350224912166595
0.11350224912166595
0.11695002019405365
0.12321126461029053
0.13099335134029388
0.1269690841436386
0.1265093833208084
0.13926903903484344
0.18716813623905182
0.23494726419448853
0.2421240657567978
0.2294086068868637
0.20404747128486633
0.19463510811328888
0.18886670470237732
0.19146008789539337
0.20397968590259552
0.2732711732387543
0.3703881502151489
0.3789542317390442
0.21239429712295532
0.049776457250118256
0.0
0.08335988968610764
0.11350224912166595
0.11350224912166595
0.11350224912166595
0.11350224912166595
0.11350224912166595
0.11350224912166595
0.11530548334121704
0.11871442943811417
0.1108008474111557
0.11269789934158325
0.1638655960559845
0.2728750705718994
0.44320040941238403
0.6637884974479675
0.8242015838623047
0.9085127711296082
0.9132474660873413
0.9266818761825562
0.932750403881073
1.006708025932312
1.1231417655944824
1.2680946588516235
1.2722829580307007
1.0645530223846436
0.7099596858024597
0.31471216678619385
0.05970629304647446
0.07574852555990219
0.11350224912166595
0.11350224912166595
0.11350224912166595
0.11350224912166595
0.11350224912166595
0.11350224912166595
0.1123785674571991
0.12030249834060669
0.12042699754238129
0.18821588158607483
0.44067519903182983
0.9242389798164368
1.4633300304412842
1.8526756763458252
2.087023973464966
2.2018840312957764
2.2171542644500732
2.249178171157837
2.27300763130188
2.3501651287078857
2.5092267990112305
2.7194674015045166
2.573612689971924
1.9473297595977783
1.1933858394622803
0.6012187004089355
0.1913679838180542
0.10357660800218582
0.11350224912166595
0.11350224912166595
0.11350224912166595
0.11350224912166595
0.11350224912166595
0.11350224912166595
0.11264551430940628
0.12781302630901337
0.22701099514961243
0.5361924171447754
1.1265037059783936
1.9399549961090088
2.7404470443725586
3.122098922729492
3.209665060043335
3.19606351852417
3.1908316612243652
3.1487460136413574
3.1696438789367676
3.274961233139038
3.4548227787017822
3.6778507232666016
3.473684787750244
2.6317901611328125
1.5589866638183594
0.772716760635376
0.28972554206848145
0.14079579710960388
0.11350224912166595
0.11350224912166595
0.11350224912166595
0.11350224912166595
0.11350224912166595
0.11350224912166595
0.11753471940755844
0.1484350711107254
0.37958699464797974
1.0105431079864502
1.986621618270874
3.036530017852783
3.740661859512329
3.9211175441741943
3.7207744121551514
3.4941866397857666
3.4137017726898193
3.331127643585205
3.3527159690856934
3.481142520904541
3.6308753490448
3.6656532287597656
3.3361504077911377
2.506113052368164
1.5018606185913086
0.7715208530426025
0.34002286195755005
0.1674838364124298
0.11350224912166595
0.11350224912166595
0.11350224912166595
0.11350224912166595
0.11350224912166595
0.11350224912166595
0.11453613638877869
0.17672830820083618
0.5976997017860413
1.5480868816375732
2.771120071411133
3.6843101978302
3.8692543506622314
3.527935266494751
2.8325748443603516
2.246636390686035
2.041715383529663
1.9978463649749756
2.063044309616089
2.2295119762420654
2.441535711288452
2.468784809112549
2.1700868606567383
1.6067720651626587
0.9964269399642944
0.5548048615455627
0.284286767244339
0.1603127419948578
0.11350224912166595
0.11350224912166595
0.11350224912166595
0.11350224912166595
0.11350224912166595
0.1131276860833168
0.11247356235980988
0.263968825340271
0.9124002456665039
2.013115882873535
3.2230708599090576
3.7838780879974365
3.5275490283966064
2.8050930500030518
1.943636178970337
1.1593952178955078
0.7445089221000671
0.6172793507575989
0.6707803606987
0.8350133895874023
1.0245119333267212
1.0961108207702637
0.9630729556083679
0.7288727760314941
0.487163245677948
0.30358701944351196
0.1904827207326889
0.1441888064146042
0.11350224912166595
0.11350224912166595
0.11350224912166595
0.11350224912166595
0.11350224912166595
0.11346637457609177
0.14772891998291016
0.4673454165458679
1.3662068843841553
2.59700083732605
3.68355655670166
3.9106979370117188
3.4018194675445557
2.596999168395996
1.7792335748672485
1.0523872375488281
0.45050477981567383
0.12646660208702087
0.08510202914476395
0.19702845811843872
0.3036373555660248
0.3467181921005249
0.30460476875305176
0.25865381956100464
0.20278719067573547
0.17074252665042877
0.13958770036697388
0.12271144986152649
0.11350224912166595
0.11350224912166595
0.11350224912166595
0.1131276860833168
0.11387749761343002
0.1158396452665329
0.23601287603378296
0.8146753311157227
1.8702503442764282
3.0740039348602295
4.023257732391357
4.149377822875977
3.6749107837677
2.97442364692688
2.314344644546509
1.604550838470459
1.006562352180481
0.38262510299682617
0.08254659175872803
0.061475202441215515
0.1340373456478119
0.1706569492816925
0.16311921179294586
0.15788981318473816
0.14232264459133148
0.14269235730171204
0.1426452398300171
0.11630823463201523
0.11191344261169434
0.11500012129545212
0.10703079402446747
0.1048571839928627
0.12531282007694244
0.1362411081790924
0.2703471779823303
1.0261753797531128
2.107595443725586
3.0042636394500732
3.5875132083892822
3.785064935684204
3.6980509757995605
3.3593826293945312
3.002492666244507
2.3430347442626953
1.6916353702545166
0.8481937646865845
0.26330140233039856
0.06280165165662766
0.12808404862880707
0.15412943065166473
0.15561670064926147
0.16612659394741058
0.14260372519493103
0.14133980870246887
0.13974735140800476
0.12817902863025665
0.11363164335489273
0.12071738392114639
0.09831502288579941
0.089068204164505
0.17332109808921814
0.24507352709770203
0.31069889664649963
0.8460972905158997
1.6385828256607056
2.2688748836517334
2.5164506435394287
2.6479668617248535
2.8240790367126465
3.167325258255005
3.3775501251220703
3.015367269515991
2.3547966480255127
1.2905290126800537
0.4822421669960022
0.10026636719703674
0.14166201651096344
0.17895463109016418
0.16408322751522064
0.16118694841861725
0.14498749375343323
0.14230598509311676
0.1299780160188675
0.12071731686592102
0.12276999652385712
0.12960147857666016
0.1204105019569397
0.18630719184875488
0.3801369071006775
0.5240728259086609
0.6008018851280212
0.6272880434989929
0.8422412276268005
1.1571406126022339
1.2620937824249268
1.3046092987060547
1.470658302307129
2.2839736938476562
3.2485713958740234
3.449336290359497
2.905583381652832
1.7225728034973145
0.7299219369888306
0.16156736016273499
0.13226518034934998
0.16768833994865417
0.165717214345932
0.1620834469795227
0.1468988060951233
0.14522328972816467
0.14004696905612946
0.12368156015872955
0.1367005556821823
0.14335916936397552
0.1910206824541092
0.511944591999054
0.9307868480682373
1.0721138715744019
1.12525475025177
0.7457838654518127
0.3146039843559265
0.23010218143463135
0.31982675194740295
0.3262963891029358
0.4212043285369873
1.456910490989685
2.7501885890960693
3.3586273193359375
2.932081460952759
1.8556346893310547
0.8778810501098633
0.2655002474784851
0.14682218432426453
0.14655554294586182
0.13964557647705078
0.13184545934200287
0.12085234373807907
0.13070398569107056
0.12985087931156158
0.12479254603385925
0.14526969194412231
0.15079930424690247
0.2828536629676819
0.934766948223114
1.7042256593704224
1.943871259689331
1.7863093614578247
1.2668685913085938
0.5121746063232422
0.06438447535037994
0.024226084351539612
0.1015717014670372
0.40097707509994507
1.508267879486084
2.7763020992279053
3.3706276416778564
2.846071720123291
1.7812509536743164
0.8621194362640381
0.30972200632095337
0.1594001203775406
0.13482758402824402
0.12935595214366913
0.12202221155166626
0.11356749385595322
0.11530548334121704
0.11556707322597504
0.11515360325574875
0.14414453506469727
0.14676593244075775
0.3457341194152832
1.2427698373794556
2.3346519470214844
2.809490203857422
2.6220452785491943
1.9798136949539185
1.1517244577407837
0.39551252126693726
0.11698971688747406
0.13885624706745148
0.6925220489501953
1.9097822904586792
2.976419687271118
3.3233752250671387
2.619647741317749
1.5914664268493652
0.7575517892837524
0.3099086284637451
0.16779613494873047
0.13264743983745575
0.1302788108587265
0.11893940716981888
0.11437962204217911
0.11205821484327316
0.11350224912166595
0.11350224912166595
0.1334652304649353
0.13376492261886597
0.3171844482421875
1.1733447313308716
2.413910150527954
3.1733877658843994
3.1854896545410156
2.707218885421753
1.9348106384277344
1.2020106315612793
0.835777759552002
0.9635627865791321
1.6953020095825195
2.7090089321136475
3.2703709602355957
3.0720434188842773
2.1599605083465576
1.246013879776001
0.5824466943740845
0.25819090008735657
0.16090066730976105
0.126834437251091
0.1263536512851715
0.11769308149814606
0.11663436144590378
0.11145561933517456
0.11350224912166595
0.11350224912166595
0.12304666638374329
0.13677918910980225
0.25272923707962036
0.8057175278663635
1.8956031799316406
2.9456019401550293
3.3157880306243896
3.216860294342041
2.815277576446533
2.3862557411193848
2.1672959327697754
2.3370096683502197
2.9231812953948975
3.319868564605713
3.108926296234131
2.4250528812408447
1.5094106197357178
0.8165963292121887
0.39865022897720337
0.19637012481689453
0.14472545683383942
0.12559635937213898
0.12596015632152557
0.11371166259050369
0.11847732961177826
0.11217360943555832
0.11350224912166595
0.11350224912166595
0.14152929186820984
0.14612534642219543
0.2035575956106186
0.4545885920524597
1.1408040523529053
2.1261565685272217
3.0053341388702393
3.4008865356445312
3.4247798919677734
3.3614494800567627
3.325714111328125
3.3750991821289062
3.4645073413848877
3.216346263885498
2.4917802810668945
1.6511390209197998
0.947368860244751
0.5030844211578369
0.2565358281135559
0.1524297147989273
0.13197049498558044
0.1363343894481659
0.13628152012825012
0.11608916521072388
0.1187482699751854
0.11292616277933121
0.11350224912166595
0.11350224912166595
0.15750384330749512
0.15245190262794495
0.15179449319839478
0.1912154257297516
0.4636152386665344
1.0703176259994507
1.9497507810592651
2.8009698390960693
3.3443963527679443
3.686116933822632
3.8280858993530273
3.68548321723938
3.245417833328247
2.5004565715789795
1.620849609375
0.9225598573684692
0.49872922897338867
0.25588423013687134
0.14765432476997375
0.13889840245246887
0.1337641179561615
0.13780999183654785
0.14400023221969604
0.1202145591378212
0.1185491681098938
0.11451616883277893
0.11350224912166595
0.11350224912166595
0.15787597000598907
0.16089263558387756
0.15461817383766174
0.14858457446098328
0.1883128583431244
0.37263286113739014
0.8790159821510315
1.5703396797180176
2.16302227973938
2.5611917972564697
2.7339680194854736
2.5357673168182373
1.992295503616333
1.3523526191711426
0.8082153797149658
0.44226473569869995
0.24792790412902832
0.1616150438785553
0.12850767374038696
0.14338280260562897
0.1455763429403305
0.13552585244178772
0.13494539260864258
0.11937440931797028
0.11693502217531204
0.1146535649895668
0.11350224912166595
0.11350224912166595
0.12690965831279755
0.13212530314922333
0.13157455623149872
0.12707677483558655
0.12660588324069977
0.15343813598155975
0.3109818696975708
0.615253210067749
0.9430241584777832
1.200131893157959
1.3339555263519287
1.2249329090118408
0.9108332395553589
0.5907300710678101
0.3551323413848877
0.20849372446537018
0.14385436475276947
0.12664943933486938
0.11976902931928635
0.13710805773735046
0.1410120576620102
0.13444897532463074
0.12946203351020813
0.12169398367404938
0.11530199646949768
0.11414559930562973
0.11350224912166595
0.11350224912166595
0.11350224912166595
0.11350224912166595
0.11350224912166595
0.11350224912166595
0.11350224912166595
0.11350224912166595
0.1351410448551178
0.19237713515758514
0.26375019550323486
0.32603734731674194
0.364890992641449
0.34365615248680115
0.2722562551498413
0.20444907248020172
0.15683649480342865
0.12728211283683777
0.11680495738983154
0.11581504344940186
0.11478894203901291
0.11891195178031921
0.1196967214345932
0.11845630407333374
0.1169714480638504
0.11543229222297668
0.11350224912166595
0.11350224912166595
0.11350224912166595
0.11350224912166595
0.11350224912166595
0.11350224912166595
0.11350224912166595
0.11350224912166595
0.11350224912166595
0.11350224912166595
0.11350224912166595
0.11350224912166595
0.11536973714828491
0.1148042157292366
0.11617068946361542
0.11721456795930862
0.11515159159898758
0.1146586462855339
0.11414559930562973
0.11350224912166595
0.11350224912166595
0.11350224912166595
0.11350224912166595
0.11350224912166595
0.11350224912166595
0.11350224912166595
0.11350224912166595
0.11350224912166595
0.11350224912166595
0.11350224912166595
0.11350224912166595
0.11350224912166595
8.272726518043783e-06
8.272726518043783e-06
8.272726518043783e-06
8.272726518043783e-06
8.272726518043783e-06
8.272726518043783e-06
0.0
0.0
0.0
0.0
0.0
0.0
0.0
0.0
0.0
0.0
0.0
0.0
0.0
0.0
0.0
0.0
0.0
0.0
0.0
0.0
0.0
0.0
8.272726518043783e-06
8.272726518043783e-06
8.272726518043783e-06
8.272726518043783e-06
8.272726518043783e-06
8.272726518043783e-06
0.0
0.0
0.0
0.0
0.0
0.0
0.0009486463386565447
0.0
0.0
0.0
0.0
0.0
0.0
0.0
0.0015546065988019109
0.0
0.0
0.0
0.0
0.0
0.0
0.0
8.272726518043783e-06
8.272726518043783e-06
8.272726518043783e-06
8.272726518043783e-06
8.272726518043783e-06
8.272726518043783e-06
0.0
0.0
0.0
0.0
0.0
0.0
0.0
0.0
0.0
0.0
0.0
0.0
0.0
0.0
0.0
0.0
0.0
0.0
0.0
0.0
0.0
0.0
8.272726518043783e-06
8.272726518043783e-06
8.272726518043783e-06
8.272726518043783e-06
8.272726518043783e-06
8.272726518043783e-06
0.0
0.0
0.0
0.0
0.0
0.0
0.0
0.0
0.0
0.0
0.0
0.0
0.0
0.0
0.0
0.0
0.0
0.0
0.003911047242581844
0.005570013076066971
0.003776815952733159
0.0
8.272726518043783e-06
8.272726518043783e-06
8.272726518043783e-06
8.272726518043783e-06
8.272726518043783e-06
8.272726518043783e-06
0.0
0.0
0.0
0.0
0.0
0.0
0.0
0.0
0.0
0.0
0.0
0.0
0.0
0.0
0.0
0.0
0.0
0.0
0.0177911426872015
0.04067881032824516
0.030385566875338554
0.004693720955401659
8.272726518043783e-06
8.272726518043783e-06
8.272726518043783e-06
8.272726518043783e-06
8.272726518043783e-06
8.272726518043783e-06
0.0004883146611973643
0.0
0.0
0.0
0.0
0.0
0.0
0.0
0.0
0.0
0.0
0.0
0.0
0.0
0.0
0.0
0.0
0.0
0.0
0.014425049535930157
0.017685959115624428
0.008634472265839577
8.272726518043783e-06
8.272726518043783e-06
8.272726518043783e-06
8.272726518043783e-06
8.272726518043783e-06
8.272726518043783e-06
0.0007427034433931112
0.0
0.0
0.0
0.0
0.0
0.0
0.0
0.0
0.0
0.0
0.0
0.0
0.0
0.0
0.0
0.0
0.0
0.0
0.0
0.0
0.0
8.272726518043783e-06
8.272726518043783e-06
8.272726518043783e-06
8.272726518043783e-06
8.272726518043783e-06
8.272726518043783e-06
0.0
0.0
0.0
0.0
0.0
0.0
0.0
0.0
0.0
0.0
0.0
0.0
0.0
0.0
0.0
0.0
0.0
0.0
0.0
0.0
0.0
0.0
8.272726518043783e-06
8.272726518043783e-06
8.272726518043783e-06
8.272726518043783e-06
8.272726518043783e-06
8.272726518043783e-06
0.0
0.0
0.0
0.0
0.0
0.0
0.0
0.0
0.0
0.0
0.0
0.0
0.0
0.0
0.0
0.0
0.0
0.0
0.0
0.0
0.0
0.0
8.272726518043783e-06
8.272726518043783e-06
8.272726518043783e-06
8.272726518043783e-06
8.272726518043783e-06
8.272726518043783e-06
0.0
0.0
0.0
0.0
0.0
0.0
0.0
0.0
0.0
0.0
0.0
0.0
0.0
0.0
0.0
0.0
0.0
0.0
0.0
0.0
0.0
0.0
8.272726518043783e-06
8.272726518043783e-06
8.272726518043783e-06
8.272726518043783e-06
8.272726518043783e-06
8.272726518043783e-06
0.0
0.0
0.0
0.0
0.0
0.0
0.0
0.0
0.0
0.0
0.0
0.0
0.0
0.0
0.0
0.0
0.0
0.0
0.0
0.0
0.0
0.0
8.272726518043783e-06
8.272726518043783e-06
8.272726518043783e-06
8.272726518043783e-06
8.272726518043783e-06
0.0
0.0
0.0
0.0
0.0
0.0
0.0
0.0
0.0
0.0
0.0
0.0
0.0
0.0
0.0024998660665005445
0.018801147118210793
0.0
0.0
0.0
0.0
0.0
0.0
0.0
8.272726518043783e-06
8.272726518043783e-06
8.272726518043783e-06
8.272726518043783e-06
8.272726518043783e-06
0.0
0.0
0.0
0.0
0.0
0.0
0.0
0.0
0.0
0.0
0.0
0.0
0.0
0.012664231471717358
0.0227628443390131
0.007344727870076895
0.001392631558701396
0.0
0.0
0.0
0.0
0.0
0.0
8.272726518043783e-06
8.272726518043783e-06
8.272726518043783e-06
0.0
0.0
0.0
0.0
0.0
0.0
0.0
0.0
0.0
0.0
0.0
0.0
0.0
0.0
0.0
0.0
0.007177791558206081
0.0
0.0
0.0
0.0
0.0
0.0
0.0
0.0
0.0
0.0
0.0
0.0
0.0
0.0
0.0
0.0
0.0
0.0
0.0
0.0
0.0
0.0
0.0
0.0
0.0
0.0
0.0
0.0
0.0
0.0
0.0
0.0
0.0
0.0
0.0
0.0
0.0
0.0
0.0
0.0
0.0
0.0
0.0
0.07408646494150162
0.08466489613056183
0.0
0.0
0.0
0.0
0.0
0.0
0.0
0.0
0.0
0.0
0.0
0.0
0.0
0.0
0.0005939132533967495
0.0
0.0
0.0006999700563028455
0.0
0.0
0.0
0.0
0.0
0.0
0.0
0.0
0.09588032215833664
0.08142108470201492
0.056175924837589264
0.0
0.0
0.0
0.0
0.0
0.0
0.0
0.0
0.0
0.0
0.0
0.0
7.509325951104984e-05
0.0
0.0
0.0
0.0
0.0
0.0
0.0
0.0
0.0
0.0
0.0
0.0
0.0
0.0
0.0
0.0
0.0
0.0
0.0
0.0
0.0
0.0
0.0
0.0
0.0
0.0
0.0
0.0
0.001338563160970807
0.0
0.0028972637373954058
0.0
0.0
0.0
0.0
0.0
0.0
0.0
0.0
0.0
0.0
0.0
0.0
0.0
0.0
0.0
0.0
0.0
0.0
0.0
0.0
0.0
0.0
0.0
0.0
0.0
0.0002221249887952581
0.0
0.0007427034433931112
0.0
0.0
0.0008117875549942255
0.0
0.0
0.0
0.0
0.0
0.0
0.0
0.0
0.0
0.0
0.0
0.0
0.0
0.0
0.0
0.0
0.0
0.0
0.0
0.0
0.0
0.0
0.0
0.0
0.0009204126545228064
8.272726518043783e-06
8.272726518043783e-06
0.0
0.0
0.004174168221652508
0.015208250842988491
0.0
0.0
0.0
0.0
0.0
0.0
0.0
0.0
0.0
0.0
0.0
0.0
0.0
0.0
0.0
0.0
0.0010038584005087614
0.0
0.0
0.0
0.00047839476610533893
0.0
8.272726518043783e-06
8.272726518043783e-06
0.0
0.0
0.01865808106958866
0.0701378583908081
0.004579893313348293
0.0
0.0
0.0
0.0
0.0
0.0
0.0
0.0
0.0
0.0
0.0
0.0
0.0
0.0
0.0
0.0
0.0
0.0
9.250759467249736e-05
0.0014008460566401482
0.0
8.272726518043783e-06
8.272726518043783e-06
0.0
0.0
0.014410903677344322
0.06955073773860931
0.10680709034204483
0.007668214850127697
0.0
0.0
0.0
0.0
0.0
0.0
0.0
0.0
0.0
0.0
0.0
0.0
0.0
0.0
0.0
0.0
0.0019273358630016446
0.0
0.001384473405778408
0.0
8.272726518043783e-06
8.272726518043783e-06
0.0
0.0
0.0005994210951030254
0.018330125138163567
0.08039993792772293
0.12255246937274933
0.02499336190521717
0.0
0.0
0.0
0.0
0.0
0.0
0.0
0.0
0.0
0.0
0.0
0.0
0.0
0.0
0.0
0.005303920246660709
0.0
0.0
0.0
8.272726518043783e-06
8.272726518043783e-06
0.0019395789131522179
0.0
0.0
0.0
0.01770702190697193
0.05683087185025215
0.10352342575788498
0.07146324217319489
0.0
0.0
0.0
0.0
0.0
0.0
0.0
0.0
0.0
0.0
0.0
0.0
0.0
0.0
0.003160435939207673
0.0
0.0
0.0
8.272726518043783e-06
8.272726518043783e-06
0.0027707198169082403
0.0018525274936109781
0.0
0.0
0.0
0.011096893809735775
0.05148494988679886
0.08163701742887497
0.06905685365200043
0.016099663451313972
0.0
0.0
0.0
0.0
0.0
0.0
0.0
0.0
0.0
0.004802382551133633
0.0
0.0
0.0
0.0
0.0
0.0
8.272726518043783e-06
8.272726518043783e-06
8.272726518043783e-06
8.272726518043783e-06
8.272726518043783e-06
8.272726518043783e-06
8.272726518043783e-06
8.272726518043783e-06
0.008821440860629082
0.021340088918805122
0.02514534816145897
0.015910986810922623
0.0
0.0
0.0
0.0
0.0
0.0
0.0
0.0
0.0
0.0022115646861493587
0.0
0.0
0.0
0.0
8.272726518043783e-06
8.272726518043783e-06
8.272726518043783e-06
8.272726518043783e-06
8.272726518043783e-06
8.272726518043783e-06
8.272726518043783e-06
8.272726518043783e-06
8.272726518043783e-06
8.272726518043783e-06
8.272726518043783e-06
8.272726518043783e-06
0.0
3.758911771001294e-05
0.0003005310136359185
0.0004119123623240739
0.0
0.0
0.0
8.272726518043783e-06
8.272726518043783e-06
8.272726518043783e-06
8.272726518043783e-06
8.272726518043783e-06
8.272726518043783e-06
8.272726518043783e-06
8.272726518043783e-06
8.272726518043783e-06
8.272726518043783e-06
8.272726518043783e-06
8.272726518043783e-06
8.272726518043783e-06
