[[[[[6.43845871e-02 4.83168336e-03 2.40746653e-03 3.62651721e-02
     0.00000000e+00 3.09166536e-02]
    [6.43845871e-02 4.83168336e-03 2.40746653e-03 3.62651721e-02
     0.00000000e+00 3.09166536e-02]
    [6.43845871e-02 4.83168336e-03 2.40746653e-03 3.62651721e-02
     0.00000000e+00 3.09166536e-02]
    [6.43845871e-02 4.83168336e-03 2.40746653e-03 3.62651721e-02
     0.00000000e+00 3.09166536e-02]
    [6.43845871e-02 4.83168336e-03 2.40746653e-03 3.62651721e-02
     0.00000000e+00 3.09166536e-02]
    [6.43845871e-02 4.83168336e-03 2.40746653e-03 3.62651721e-02
     0.00000000e+00 3.09166536e-02]
    [6.40612543e-02 6.01421762e-03 4.16785944e-03 3.73327732e-02
     0.00000000e+00 3.27647962e-02]
    [6.41864240e-02 8.89030471e-03 7.54684443e-03 3.80665697e-02
     8.54110066e-03 3.76751125e-02]
    [6.22892380e-02 1.37471873e-02 1.47752874e-02 4.08075005e-02
     1.62004884e-02 4.59817313e-02]
    [6.12804033e-02 1.26206642e-02 2.34634355e-02 4.29530926e-02
     2.11031362e-02 5.21681011e-02]
    [5.85585833e-02 9.07666981e-03 3.04411035e-02 3.94997261e-02
     2.39094701e-02 5.16710728e-02]
    [5.90706393e-02 3.67827388e-03 3.03002950e-02 3.46816480e-02
     1.77595001e-02 4.80362028e-02]
    [6.14429563e-02 2.46179826e-03 2.08363663e-02 3.34030017e-02
     8.44848901e-03 4.42741551e-02]
    [6.31825775e-02 6.53986819e-03 1.60167068e-02 3.58515754e-02
     7.34113902e-03 4.65281531e-02]
    [6.12587743e-02 1.56617202e-02 2.80710645e-02 4.23933081e-02
     1.69129763e-02 5.77030256e-02]
    [6.09454811e-02 1.57085452e-02 3.98472436e-02 4.06834781e-02
     3.34605388e-02 6.11252040e-02]
    [5.97104877e-02 1.21437628e-02 4.28738780e-02 3.41605805e-02
     3.20082381e-02 6.30876347e-02]
    [5.93804233e-02 8.25572759e-03 3.45543362e-02 3.47828194e-02
     2.02874076e-02 6.12551570e-02]
    [5.52361347e-02 0.00000000e+00 2.44648289e-02 3.95178832e-02
     9.36937984e-03 5.28250337e-02]
    [5.89267090e-02 1.47129060e-03 1.44700743e-02 3.74503657e-02
     3.84062063e-03 4.06752340e-02]
    [6.31906092e-02 4.43434017e-03 8.41155834e-03 3.70114855e-02
     1.95448333e-03 3.56962755e-02]
    [6.25844449e-02 8.82141478e-03 9.59404279e-03 3.99975553e-02
     8.65659583e-03 3.97340506e-02]
    [6.02103770e-02 1.00536142e-02 1.23329721e-02 4.38484848e-02
     1.17900725e-02 4.06655222e-02]
    [5.99566214e-02 7.93223362e-03 1.64185297e-02 4.44260240e-02
     1.16812419e-02 4.19663638e-02]
    [6.08558767e-02 9.14394483e-03 1.74863525e-02 4.21603285e-02
     1.12550315e-02 4.17194963e-02]
    [6.69773370e-02 2.39335969e-02 3.39793339e-02 4.62650135e-02
     2.30861865e-02 7.01829493e-02]
    [5.91770895e-02 5.34153450e-03 4.35930081e-02 3.31623293e-02
     3.45446579e-02 5.90108112e-02]
    [5.63442148e-02 4.79638996e-03 3.84822153e-02 3.12629081e-02
     2.31642351e-02 5.46880588e-02]]

   [[6.43845871e-02 4.83168336e-03 2.40746653e-03 3.62651721e-02
     0.00000000e+00 3.09166536e-02]
    [6.43845871e-02 4.83168336e-03 2.40746653e-03 3.62651721e-02
     0.00000000e+00 3.09166536e-02]
    [6.43845871e-02 4.83168336e-03 2.40746653e-03 3.62651721e-02
     0.00000000e+00 3.09166536e-02]
    [6.43845871e-02 4.83168336e-03 2.40746653e-03 3.62651721e-02
     0.00000000e+00 3.09166536e-02]
    [6.43845871e-02 4.83168336e-03 2.40746653e-03 3.62651721e-02
     0.00000000e+00 3.09166536e-02]
    [6.43845871e-02 4.83168336e-03 2.40746653e-03 3.62651721e-02
     0.00000000e+00 3.09166536e-02]
    [6.48740157e-02 6.92992471e-03 3.63613898e-03 3.66359688e-02
     2.27439264e-03 3.37473489e-02]
    [6.66745529e-02 1.40220020e-02 1.06455162e-02 3.85506824e-02
     1.22041497e-02 3.93041633e-02]
    [6.68908805e-02 1.35920867e-02 2.03203578e-02 4.30302322e-02
     2.33480018e-02 4.36501764e-02]
    [6.00041896e-02 1.35592334e-02 3.15222926e-02 4.82427515e-02
     2.94675380e-02 5.02545200e-02]
    [5.64270020e-02 1.37195531e-02 3.88558432e-02 4.90965359e-02
     3.46152596e-02 5.85190058e-02]
    [5.95675185e-02 8.08913261e-03 3.76450904e-02 4.01079766e-02
     2.46410798e-02 5.50679117e-02]
    [6.26163259e-02 5.15343342e-03 2.72427890e-02 3.49021032e-02
     1.16601028e-02 4.86466922e-02]
    [5.96672073e-02 6.86620735e-03 2.22901683e-02 3.96089219e-02
     1.06329303e-02 5.02703264e-02]
    [5.89934774e-02 1.61834545e-02 3.09381876e-02 4.50989157e-02
     3.18729170e-02 6.08514920e-02]
    [5.74827380e-02 2.23513488e-02 4.24306095e-02 5.02529368e-02
     4.51714434e-02 6.72283843e-02]
    [5.81285432e-02 1.34303793e-02 4.82313856e-02 4.73353229e-02
     4.18105535e-02 6.39555156e-02]
    [5.56656793e-02 7.12260650e-03 4.47515287e-02 4.44527604e-02
     2.82711741e-02 5.74860349e-02]
    [5.71325980e-02 2.69806478e-04 3.51133607e-02 4.40768972e-02
     1.29015353e-02 5.25016002e-02]
    [5.98668382e-02 7.93832820e-04 2.08720621e-02 3.96747664e-02
     5.62620722e-03 4.46377248e-02]
    [6.51343465e-02 5.13729732e-03 1.02446768e-02 3.55839394e-02
     2.86396407e-03 3.50840352e-02]
    [6.82904869e-02 1.11626117e-02 8.21688026e-03 3.90717052e-02
     8.99484754e-03 3.38434391e-02]
    [6.75299838e-02 9.86540876e-03 9.59883537e-03 4.44581173e-02
     1.35421967e-02 3.43168825e-02]
    [6.23695217e-02 1.00146104e-02 1.49132516e-02 4.75007556e-02
     1.58285759e-02 3.68306227e-02]
    [5.96395135e-02 8.32883641e-03 1.72289591e-02 4.90759909e-02
     1.52333695e-02 3.65182944e-02]
    [6.25056922e-02 2.85023022e-02 4.15152907e-02 5.64300157e-02
     3.50395776e-02 6.93801343e-02]
    [5.55251390e-02 1.51692834e-02 5.46619445e-02 4.70209122e-02
     4.89099585e-02 6.53557479e-02]
    [5.93462996e-02 5.84042119e-03 4.85255904e-02 3.71116176e-02
     2.19507460e-02 6.15814887e-02]]

   [[6.43845871e-02 4.83168336e-03 2.40746653e-03 3.62651721e-02
     0.00000000e+00 3.09166536e-02]
    [6.43845871e-02 4.83168336e-03 2.40746653e-03 3.62651721e-02
     0.00000000e+00 3.09166536e-02]
    [6.43845871e-02 4.83168336e-03 2.40746653e-03 3.62651721e-02
     0.00000000e+00 3.09166536e-02]
    [6.43845871e-02 4.83168336e-03 2.40746653e-03 3.62651721e-02
     0.00000000e+00 3.09166536e-02]
    [6.43845871e-02 4.83168336e-03 2.40746653e-03 3.62651721e-02
     0.00000000e+00 3.09166536e-02]
    [6.43845871e-02 4.83168336e-03 2.40746653e-03 3.62651721e-02
     0.00000000e+00 3.09166536e-02]
    [6.52941167e-02 8.31912179e-03 5.19166095e-03 3.74840200e-02
     2.35416554e-03 3.39543149e-02]
    [6.31229356e-02 1.13887601e-02 1.14269517e-02 4.51527759e-02
     1.28257573e-02 4.16493937e-02]
    [6.11287728e-02 1.44230202e-02 2.15489734e-02 4.95246351e-02
     2.29945332e-02 4.63252030e-02]
    [6.37341961e-02 1.46388300e-02 2.69243550e-02 4.96347845e-02
     2.83489358e-02 4.74190637e-02]
    [6.83125332e-02 1.52487177e-02 3.13437320e-02 5.31016141e-02
     2.77594458e-02 5.56376614e-02]
    [6.63267970e-02 9.30333789e-03 3.50629725e-02 5.43910265e-02
     2.85970699e-02 6.03573695e-02]
    [5.87630384e-02 6.58799242e-03 3.79917175e-02 4.67415117e-02
     2.37558726e-02 5.77257052e-02]
    [5.96451163e-02 8.07911158e-03 3.49520184e-02 4.06365208e-02
     2.66636517e-02 5.22257015e-02]
    [6.26041070e-02 1.69020109e-02 3.83591242e-02 4.55961227e-02
     4.03535441e-02 5.47879636e-02]
    [6.30474612e-02 1.69102196e-02 4.19033207e-02 5.83856106e-02
     4.63231988e-02 5.53434193e-02]
    [5.57591319e-02 1.51172820e-02 4.27772515e-02 6.76766932e-02
     3.69489416e-02 5.70235364e-02]
    [5.64754754e-02 1.01726307e-02 4.10575643e-02 6.02285191e-02
     2.52343584e-02 5.45035601e-02]
    [6.83645457e-02 7.64673296e-03 3.14005129e-02 4.74169180e-02
     1.06038544e-02 4.91292588e-02]
    [6.78284019e-02 2.57347757e-03 2.05256548e-02 4.05837335e-02
     4.82137222e-03 4.66747656e-02]
    [6.20376691e-02 1.67313055e-03 1.39502659e-02 3.99382152e-02
     7.68388622e-03 4.06941324e-02]
    [6.22417666e-02 7.98560865e-03 1.06408559e-02 4.44355682e-02
     1.47262979e-02 4.04644608e-02]
    [6.53782934e-02 9.68856551e-03 1.56412069e-02 4.13251184e-02
     1.82932187e-02 3.97599339e-02]
    [6.75355718e-02 7.21901748e-03 1.64458919e-02 4.28701788e-02
     1.62351876e-02 3.87137122e-02]
    [6.87804148e-02 3.32504278e-03 1.16169602e-02 4.55047525e-02
     1.23438407e-02 3.58704180e-02]
    [6.66188076e-02 2.55177859e-02 3.20679881e-02 6.03904426e-02
     3.79995890e-02 5.67316785e-02]
    [6.03949800e-02 1.17654670e-02 3.65102328e-02 7.09646344e-02
     4.25095148e-02 5.29125780e-02]
    [5.79743050e-02 3.22031789e-03 3.58136371e-02 5.81645034e-02
     1.34326685e-02 4.91811261e-02]]

   [[6.43845871e-02 4.83168336e-03 2.40746653e-03 3.62651721e-02
     0.00000000e+00 3.09166536e-02]
    [6.43845871e-02 4.83168336e-03 2.40746653e-03 3.62651721e-02
     0.00000000e+00 3.09166536e-02]
    [6.43845871e-02 4.83168336e-03 2.40746653e-03 3.62651721e-02
     0.00000000e+00 3.09166536e-02]
    [6.43845871e-02 4.83168336e-03 2.40746653e-03 3.62651721e-02
     0.00000000e+00 3.09166536e-02]
    [6.43845871e-02 4.83168336e-03 2.40746653e-03 3.62651721e-02
     0.00000000e+00 3.09166536e-02]
    [6.43845871e-02 4.83168336e-03 2.40746653e-03 3.62651721e-02
     0.00000000e+00 3.09166536e-02]
    [6.34951442e-02 7.16220401e-03 4.39749425e-03 3.92478406e-02
     2.39739427e-03 3.41417491e-02]
    [6.33112490e-02 1.14764180e-02 1.09450128e-02 4.20114696e-02
     1.15172844e-02 3.84600125e-02]
    [6.26421347e-02 1.26245134e-02 1.68827847e-02 4.63917255e-02
     1.87798347e-02 4.18434814e-02]
    [6.28795996e-02 1.26407184e-02 1.90165415e-02 5.27404621e-02
     2.18872596e-02 4.23003212e-02]
    [6.15272522e-02 1.50914360e-02 2.54506152e-02 6.13414049e-02
     2.40567178e-02 4.63717356e-02]
    [6.12128973e-02 1.71714295e-02 3.71940657e-02 6.27882406e-02
     2.64463648e-02 5.71398661e-02]
    [6.57733157e-02 1.63296573e-02 4.62846570e-02 5.06042019e-02
     3.73985283e-02 6.82817400e-02]
    [7.22728521e-02 2.75770295e-02 5.55221140e-02 3.91097777e-02
     5.77906072e-02 8.30463618e-02]
    [6.36670589e-02 2.42982190e-02 6.64911866e-02 4.51360419e-02
     8.30726400e-02 9.40921754e-02]
    [5.66873886e-02 2.17405166e-02 7.80427232e-02 4.49826606e-02
     1.04957506e-01 9.37669501e-02]
    [5.79501763e-02 1.42788235e-02 8.61183256e-02 3.93477492e-02
     1.06840178e-01 9.34246257e-02]
    [6.22005947e-02 5.87982312e-03 8.91436487e-02 3.26045789e-02
     9.92346108e-02 9.26782414e-02]
    [6.14482649e-02 6.36109896e-03 8.58362392e-02 3.16139311e-02
     8.90279114e-02 9.01350677e-02]
    [6.36996329e-02 1.55436564e-02 8.38718414e-02 1.98730510e-02
     9.06460732e-02 9.70491692e-02]
    [6.54725209e-02 2.27611475e-02 8.88006613e-02 6.74161687e-03
     1.03998460e-01 1.12235218e-01]
    [6.52024969e-02 3.12998556e-02 1.05035208e-01 2.38213688e-04
     1.30119324e-01 1.31317660e-01]
    [4.76728156e-02 1.70018487e-02 1.23468228e-01 0.00000000e+00
     1.50787055e-01 1.31426051e-01]
    [3.40396725e-02 0.00000000e+00 1.22281946e-01 0.00000000e+00
     1.36790246e-01 1.07548438e-01]
    [4.23833951e-02 0.00000000e+00 9.31968987e-02 0.00000000e+00
     1.00180268e-01 7.89664090e-02]
    [5.59630729e-02 9.54453275e-03 6.80404529e-02 2.55719721e-02
     8.61383304e-02 6.97326586e-02]
    [6.81624711e-02 8.47327150e-03 4.09466214e-02 5.51669523e-02
     4.53737564e-02 4.79931198e-02]
    [6.28191829e-02 2.12400686e-04 1.89875718e-02 6.32288456e-02
     7.81591423e-03 3.55422907e-02]]

   [[6.43845871e-02 4.83168336e-03 2.40746653e-03 3.62651721e-02
     0.00000000e+00 3.09166536e-02]
    [6.43845871e-02 4.83168336e-03 2.40746653e-03 3.62651721e-02
     0.00000000e+00 3.09166536e-02]
    [6.43845871e-02 4.83168336e-03 2.40746653e-03 3.62651721e-02
     0.00000000e+00 3.09166536e-02]
    [6.43845871e-02 4.83168336e-03 2.40746653e-03 3.62651721e-02
     0.00000000e+00 3.09166536e-02]
    [6.43845871e-02 4.83168336e-03 2.40746653e-03 3.62651721e-02
     0.00000000e+00 3.09166536e-02]
    [6.43845871e-02 4.83168336e-03 2.40746653e-03 3.62651721e-02
     0.00000000e+00 3.09166536e-02]
    [6.45516142e-02 6.87195826e-03 3.83401429e-03 3.72718610e-02
     2.14787945e-03 3.19249742e-02]
    [6.63842410e-02 1.27039347e-02 7.24372827e-03 4.21206988e-02
     1.28260795e-02 3.54600511e-02]
    [6.63637370e-02 1.23204030e-02 1.17745306e-02 4.86025065e-02
     1.97056029e-02 3.61316614e-02]
    [6.31915033e-02 9.97323170e-03 1.45264287e-02 5.48886620e-02
     1.98532231e-02 3.59144919e-02]
    [6.63035512e-02 1.73911881e-02 2.13416014e-02 5.61084561e-02
     3.21208611e-02 4.51647788e-02]
    [8.23590010e-02 4.42240871e-02 4.80815284e-02 5.22657074e-02
     7.56319687e-02 9.12411138e-02]
    [9.75213200e-02 8.55879411e-02 1.16727464e-01 3.49547900e-02
     1.72689393e-01 1.83214605e-01]
    [8.23062956e-02 1.07412010e-01 2.36413136e-01 5.16390987e-03
     3.10773849e-01 2.86374182e-01]
    [4.88146171e-02 9.43082571e-02 3.59747380e-01 0.00000000e+00
     4.45435762e-01 3.52368563e-01]
    [2.39898898e-02 7.57412240e-02 4.49693680e-01 0.00000000e+00
     5.43736637e-01 4.06054586e-01]
    [2.13676021e-02 6.20256588e-02 5.05693555e-01 0.00000000e+00
     5.95905542e-01 4.44911718e-01]
    [1.62639767e-02 5.16501442e-02 5.25156438e-01 0.00000000e+00
     5.99813819e-01 4.58171546e-01]
    [1.74616128e-02 5.25197089e-02 5.19108593e-01 0.00000000e+00
     5.96539140e-01 4.57794964e-01]
    [3.54833454e-02 9.22352523e-02 5.39568126e-01 0.00000000e+00
     6.43379748e-01 5.09443641e-01]
    [5.81197813e-02 1.47099361e-01 6.24032259e-01 0.00000000e+00
     7.65049636e-01 6.22688115e-01]
    [3.76174115e-02 1.69002086e-01 7.67397404e-01 0.00000000e+00
     9.28262711e-01 7.33720481e-01]
    [0.00000000e+00 7.68179670e-02 8.67293954e-01 0.00000000e+00
     9.90849972e-01 7.12787807e-01]
    [0.00000000e+00 0.00000000e+00 8.01858604e-01 0.00000000e+00
     8.51866305e-01 5.45672119e-01]
    [0.00000000e+00 0.00000000e+00 5.85815012e-01 0.00000000e+00
     5.91429651e-01 3.79679084e-01]
    [2.12807581e-03 0.00000000e+00 3.53096128e-01 0.00000000e+00
     3.33038926e-01 2.63986498e-01]
    [6.50513172e-02 0.00000000e+00 1.62733868e-01 0.00000000e+00
     1.22172073e-01 1.42185360e-01]
    [7.06133544e-02 0.00000000e+00 3.34325023e-02 3.61678302e-02
     1.78017356e-02 5.12246601e-02]]

   [[6.43845871e-02 4.83168336e-03 2.40746653e-03 3.62651721e-02
     0.00000000e+00 3.09166536e-02]
    [6.43845871e-02 4.83168336e-03 2.40746653e-03 3.62651721e-02
     0.00000000e+00 3.09166536e-02]
    [6.43845871e-02 4.83168336e-03 2.40746653e-03 3.62651721e-02
     0.00000000e+00 3.09166536e-02]
    [6.43845871e-02 4.83168336e-03 2.40746653e-03 3.62651721e-02
     0.00000000e+00 3.09166536e-02]
    [6.43845871e-02 4.83168336e-03 2.40746653e-03 3.62651721e-02
     0.00000000e+00 3.09166536e-02]
    [6.43845871e-02 4.83168336e-03 2.40746653e-03 3.62651721e-02
     0.00000000e+00 3.09166536e-02]
    [6.45619109e-02 6.18633209e-03 2.43223109e-03 3.79606858e-02
     1.40430138e-03 3.06524318e-02]
    [6.74895793e-02 1.41988993e-02 6.45493949e-03 4.44115289e-02
     1.30972546e-02 3.91879641e-02]
    [6.86062649e-02 1.68275665e-02 1.76001079e-02 4.57463264e-02
     2.71845572e-02 4.84382249e-02]
    [8.31376314e-02 3.88390124e-02 3.88365500e-02 3.62375490e-02
     6.91387653e-02 8.60987902e-02]
    [1.22299820e-01 1.15494661e-01 1.13529153e-01 1.30719803e-02
     2.14033172e-01 2.15675831e-01]
    [1.60863221e-01 2.48756215e-01 3.39946210e-01 0.00000000e+00
     5.38160980e-01 4.97269034e-01]
    [1.15358979e-01 3.46764416e-01 7.53190815e-01 0.00000000e+00
     1.01088190e+00 8.61475706e-01]
    [0.00000000e+00 3.39160681e-01 1.24129570e+00 0.00000000e+00
     1.51081717e+00 1.16736066e+00]
    [0.00000000e+00 2.99490690e-01 1.63208449e+00 0.00000000e+00
     1.88646781e+00 1.39824963e+00]
    [0.00000000e+00 2.65751004e-01 1.88494802e+00 0.00000000e+00
     2.05840850e+00 1.59657621e+00]
    [0.00000000e+00 2.46862784e-01 2.00366163e+00 0.00000000e+00
     2.10570359e+00 1.71984577e+00]
    [0.00000000e+00 2.23768324e-01 2.02349234e+00 0.00000000e+00
     2.09749794e+00 1.74314308e+00]
    [0.00000000e+00 2.26500809e-01 2.02379489e+00 0.00000000e+00
     2.09232068e+00 1.74346590e+00]
    [0.00000000e+00 2.58487493e-01 2.07516479e+00 0.00000000e+00
     2.12371254e+00 1.80066824e+00]
    [0.00000000e+00 3.29338521e-01 2.22524190e+00 0.00000000e+00
     2.23704648e+00 1.93816769e+00]
    [0.00000000e+00 3.77166122e-01 2.42561674e+00 0.00000000e+00
     2.39167452e+00 2.08444142e+00]
    [0.00000000e+00 2.57491469e-01 2.46478486e+00 0.00000000e+00
     2.32591963e+00 2.01605535e+00]
    [0.00000000e+00 0.00000000e+00 2.11348510e+00 0.00000000e+00
     1.80539000e+00 1.60229731e+00]
    [0.00000000e+00 0.00000000e+00 1.44796216e+00 0.00000000e+00
     1.10290754e+00 1.10875213e+00]
    [0.00000000e+00 0.00000000e+00 8.14384341e-01 0.00000000e+00
     5.45486033e-01 7.03963637e-01]
    [0.00000000e+00 0.00000000e+00 3.77560586e-01 0.00000000e+00
     1.96906671e-01 3.68380725e-01]
    [5.69622144e-02 0.00000000e+00 8.78416374e-02 1.24852322e-02
     3.61822024e-02 1.09205656e-01]]

   [[6.43845871e-02 4.83168336e-03 2.40746653e-03 3.62651721e-02
     0.00000000e+00 3.09166536e-02]
    [6.43845871e-02 4.83168336e-03 2.40746653e-03 3.62651721e-02
     0.00000000e+00 3.09166536e-02]
    [6.43845871e-02 4.83168336e-03 2.40746653e-03 3.62651721e-02
     0.00000000e+00 3.09166536e-02]
    [6.43845871e-02 4.83168336e-03 2.40746653e-03 3.62651721e-02
     0.00000000e+00 3.09166536e-02]
    [6.43845871e-02 4.83168336e-03 2.40746653e-03 3.62651721e-02
     0.00000000e+00 3.09166536e-02]
    [6.43845871e-02 4.83168336e-03 2.40746653e-03 3.62651721e-02
     0.00000000e+00 3.09166536e-02]
    [6.41066805e-02 5.06286370e-03 1.82139245e-03 3.75671163e-02
     0.00000000e+00 3.09688598e-02]
    [6.74754009e-02 1.91802010e-02 1.27291270e-02 4.24488485e-02
     1.60767175e-02 4.92297858e-02]
    [9.75648612e-02 7.47615695e-02 5.67445010e-02 3.35354507e-02
     1.08216718e-01 1.33563370e-01]
    [1.43625215e-01 2.05611899e-01 2.28194132e-01 3.93276662e-03
     3.51627946e-01 3.77688199e-01]
    [1.29883707e-01 3.68665069e-01 6.44120157e-01 0.00000000e+00
     8.08270335e-01 7.95240939e-01]
    [3.67937610e-03 5.10638654e-01 1.34071076e+00 0.00000000e+00
     1.47113872e+00 1.33494389e+00]
    [0.00000000e+00 6.22823477e-01 2.16968942e+00 0.00000000e+00
     2.24285150e+00 1.92499399e+00]
    [0.00000000e+00 6.50960743e-01 2.89871645e+00 0.00000000e+00
     2.78612614e+00 2.44943571e+00]
    [0.00000000e+00 6.17126703e-01 3.33841610e+00 0.00000000e+00
     2.94811416e+00 2.83301520e+00]
    [0.00000000e+00 5.55399179e-01 3.51362610e+00 7.13715702e-03
     2.90419674e+00 3.04206800e+00]
    [0.00000000e+00 5.37370443e-01 3.57851386e+00 8.63504112e-02
     2.82987523e+00 3.15668344e+00]
    [0.00000000e+00 5.23126185e-01 3.56750011e+00 1.17949523e-01
     2.76342416e+00 3.14934039e+00]
    [0.00000000e+00 5.42339087e-01 3.54692841e+00 1.27379805e-01
     2.76557875e+00 3.15470934e+00]
    [0.00000000e+00 5.83183408e-01 3.58668065e+00 1.41020596e-01
     2.84912300e+00 3.21431780e+00]
    [0.00000000e+00 6.61389351e-01 3.71736240e+00 2.08125412e-01
     3.04062796e+00 3.34978795e+00]
    [0.00000000e+00 6.70744419e-01 3.86599231e+00 3.04867953e-01
     3.21229577e+00 3.42622304e+00]
    [0.00000000e+00 4.45545018e-01 3.80095243e+00 2.87306994e-01
     3.01809049e+00 3.18061733e+00]
    [0.00000000e+00 2.34933067e-02 3.16907310e+00 1.07817478e-01
     2.20827103e+00 2.47171354e+00]
    [0.00000000e+00 0.00000000e+00 2.15476561e+00 0.00000000e+00
     1.13267565e+00 1.72077191e+00]
    [0.00000000e+00 0.00000000e+00 1.18532109e+00 3.79302651e-02
     3.94242287e-01 1.08776021e+00]
    [0.00000000e+00 0.00000000e+00 5.15231311e-01 7.99128935e-02
     8.18760619e-02 5.53914785e-01]
    [2.50629261e-02 0.00000000e+00 1.25255942e-01 4.71911766e-02
     1.63760129e-02 1.58240646e-01]]

   [[6.43845871e-02 4.83168336e-03 2.40746653e-03 3.62651721e-02
     0.00000000e+00 3.09166536e-02]
    [6.43845871e-02 4.83168336e-03 2.40746653e-03 3.62651721e-02
     0.00000000e+00 3.09166536e-02]
    [6.43845871e-02 4.83168336e-03 2.40746653e-03 3.62651721e-02
     0.00000000e+00 3.09166536e-02]
    [6.43845871e-02 4.83168336e-03 2.40746653e-03 3.62651721e-02
     0.00000000e+00 3.09166536e-02]
    [6.43845871e-02 4.83168336e-03 2.40746653e-03 3.62651721e-02
     0.00000000e+00 3.09166536e-02]
    [6.43845871e-02 4.83168336e-03 2.40746653e-03 3.62651721e-02
     0.00000000e+00 3.09166536e-02]
    [6.67174682e-02 8.37598927e-03 3.64635582e-03 3.55382040e-02
     3.54510685e-03 3.54344957e-02]
    [7.37948865e-02 3.70335244e-02 2.92317029e-02 4.01186012e-02
     4.32490818e-02 7.49513656e-02]
    [9.77005363e-02 1.65629625e-01 1.79218918e-01 7.37736970e-02
     2.18839556e-01 2.80470163e-01]
    [1.00367002e-01 4.08221543e-01 6.36612058e-01 1.29035860e-01
     7.00353146e-01 7.77290821e-01]
    [1.48220770e-02 6.87970459e-01 1.46801805e+00 1.73229724e-01
     1.55375087e+00 1.51529181e+00]
    [0.00000000e+00 8.77809167e-01 2.48356962e+00 2.31761068e-01
     2.56007004e+00 2.29336524e+00]
    [0.00000000e+00 9.39055443e-01 3.40400386e+00 3.87253761e-01
     3.35018206e+00 2.93670678e+00]
    [0.00000000e+00 8.17539692e-01 3.96760225e+00 6.17755532e-01
     3.65393901e+00 3.27310085e+00]
    [0.00000000e+00 6.98685467e-01 4.15100813e+00 8.61809492e-01
     3.45700264e+00 3.36138511e+00]
    [0.00000000e+00 6.55353785e-01 4.05726433e+00 1.11458874e+00
     3.07432842e+00 3.29583836e+00]
    [0.00000000e+00 6.64822221e-01 3.88873291e+00 1.31795943e+00
     2.77931929e+00 3.20082569e+00]
    [0.00000000e+00 6.91577435e-01 3.73596573e+00 1.39317644e+00
     2.63708091e+00 3.07128334e+00]
    [0.00000000e+00 7.50609457e-01 3.69264936e+00 1.43591094e+00
     2.60293961e+00 3.06063128e+00]
    [0.00000000e+00 8.24325860e-01 3.75282979e+00 1.46123672e+00
     2.74338174e+00 3.11570311e+00]
    [0.00000000e+00 9.24368560e-01 3.93504524e+00 1.51416481e+00
     3.00858569e+00 3.24162459e+00]
    [0.00000000e+00 8.77041340e-01 4.06109953e+00 1.60500395e+00
     3.17477512e+00 3.21635127e+00]
    [0.00000000e+00 5.75889766e-01 3.87009501e+00 1.59047604e+00
     2.86481166e+00 2.91590357e+00]
    [0.00000000e+00 1.22047074e-01 3.15539432e+00 1.26884592e+00
     1.87041223e+00 2.26621127e+00]
    [0.00000000e+00 0.00000000e+00 2.14551282e+00 7.97114730e-01
     7.58387506e-01 1.55166280e+00]
    [0.00000000e+00 0.00000000e+00 1.19309759e+00 4.71489787e-01
     9.93228778e-02 9.29586887e-01]
    [1.06529146e-03 0.00000000e+00 5.23473084e-01 2.63235301e-01
     0.00000000e+00 4.64188904e-01]
    [4.18264382e-02 0.00000000e+00 1.33338928e-01 9.29518640e-02
     0.00000000e+00 1.46529704e-01]]

   [[6.43845871e-02 4.83168336e-03 2.40746653e-03 3.62651721e-02
     0.00000000e+00 3.09166536e-02]
    [6.43845871e-02 4.83168336e-03 2.40746653e-03 3.62651721e-02
     0.00000000e+00 3.09166536e-02]
    [6.43845871e-02 4.83168336e-03 2.40746653e-03 3.62651721e-02
     0.00000000e+00 3.09166536e-02]
    [6.43845871e-02 4.83168336e-03 2.40746653e-03 3.62651721e-02
     0.00000000e+00 3.09166536e-02]
    [6.43845871e-02 4.83168336e-03 2.40746653e-03 3.62651721e-02
     0.00000000e+00 3.09166536e-02]
    [6.43845871e-02 4.83168336e-03 2.40746653e-03 3.62651721e-02
     0.00000000e+00 3.09166536e-02]
    [6.49698526e-02 1.07421568e-02 8.51457007e-03 3.89833339e-02
     3.55354464e-03 3.94729786e-02]
    [7.65104294e-02 6.31370619e-02 5.69348261e-02 5.47246113e-02
     7.61527941e-02 1.10041380e-01]
    [8.83680731e-02 2.69441962e-01 3.15560907e-01 1.33369848e-01
     3.97151262e-01 4.41531509e-01]
    [3.85113657e-02 6.49206758e-01 1.01117992e+00 3.02191377e-01
     1.20615184e+00 1.15382230e+00]
    [0.00000000e+00 1.01776624e+00 2.13307095e+00 5.39518237e-01
     2.40502834e+00 2.03841543e+00]
    [0.00000000e+00 1.13851595e+00 3.26114392e+00 8.17312777e-01
     3.47682118e+00 2.65447927e+00]
    [0.00000000e+00 9.81043100e-01 3.92334747e+00 1.21212447e+00
     3.90362453e+00 2.84493041e+00]
    [0.00000000e+00 7.92308748e-01 3.96880984e+00 1.69052756e+00
     3.62709403e+00 2.77365923e+00]
    [0.00000000e+00 6.43687785e-01 3.61238790e+00 2.07098937e+00
     2.97527194e+00 2.47846103e+00]
    [0.00000000e+00 6.08583689e-01 3.07665372e+00 2.33031964e+00
     2.39084697e+00 2.00129128e+00]
    [0.00000000e+00 6.28959596e-01 2.62894082e+00 2.50782967e+00
     2.08578229e+00 1.58333457e+00]
    [0.00000000e+00 6.68030858e-01 2.41300225e+00 2.53917623e+00
     2.03321314e+00 1.35538721e+00]
    [0.00000000e+00 7.32079148e-01 2.37019610e+00 2.54689431e+00
     2.06591392e+00 1.30458176e+00]
    [0.00000000e+00 8.30047369e-01 2.45523453e+00 2.61883140e+00
     2.21847939e+00 1.39130616e+00]
    [0.00000000e+00 9.15920556e-01 2.65328407e+00 2.74138451e+00
     2.46894336e+00 1.56757724e+00]
    [0.00000000e+00 8.72961044e-01 2.74521685e+00 2.76013803e+00
     2.58523560e+00 1.54857790e+00]
    [0.00000000e+00 5.74245870e-01 2.55946469e+00 2.60806775e+00
     2.12415910e+00 1.34196973e+00]
    [1.44160055e-02 8.69436637e-02 2.01499748e+00 2.16862392e+00
     1.15335083e+00 9.92658257e-01]
    [6.15018159e-02 0.00000000e+00 1.38739157e+00 1.52884209e+00
     3.22060853e-01 6.94569886e-01]
    [1.70860142e-01 0.00000000e+00 8.12279880e-01 8.88419032e-01
     0.00000000e+00 3.87461841e-01]
    [2.00262874e-01 0.00000000e+00 3.76259059e-01 3.83363038e-01
     0.00000000e+00 1.65734082e-01]
    [1.02803998e-01 0.00000000e+00 1.05362698e-01 1.07296936e-01
     0.00000000e+00 7.62741119e-02]]

   [[6.43845871e-02 4.83168336e-03 2.40746653e-03 3.62651721e-02
     0.00000000e+00 3.09166536e-02]
    [6.43845871e-02 4.83168336e-03 2.40746653e-03 3.62651721e-02
     0.00000000e+00 3.09166536e-02]
    [6.43845871e-02 4.83168336e-03 2.40746653e-03 3.62651721e-02
     0.00000000e+00 3.09166536e-02]
    [6.43845871e-02 4.83168336e-03 2.40746653e-03 3.62651721e-02
     0.00000000e+00 3.09166536e-02]
    [6.43845871e-02 4.83168336e-03 2.40746653e-03 3.62651721e-02
     0.00000000e+00 3.09166536e-02]
    [6.43845871e-02 4.83168336e-03 2.40746653e-03 3.62651721e-02
     0.00000000e+00 3.09166536e-02]
    [6.59838319e-02 1.46729108e-02 1.00272316e-02 3.92704457e-02
     1.20118586e-02 4.46109734e-02]
    [8.87532160e-02 1.18247963e-01 9.61777791e-02 6.92136139e-02
     1.53727144e-01 1.82939500e-01]
    [1.18389845e-01 4.37404662e-01 4.98626024e-01 1.83638275e-01
     7.04302549e-01 6.36493504e-01]
    [5.73231578e-02 9.00013566e-01 1.39946532e+00 4.97115493e-01
     1.84186459e+00 1.40263462e+00]
    [0.00000000e+00 1.22333622e+00 2.58412170e+00 1.01989412e+00
     3.24759698e+00 2.18472147e+00]
    [0.00000000e+00 1.16613460e+00 3.48864818e+00 1.57872903e+00
     4.12697697e+00 2.53974032e+00]
    [0.00000000e+00 8.32782626e-01 3.63267374e+00 2.00701904e+00
     3.98136568e+00 2.31819296e+00]
    [0.00000000e+00 4.92193997e-01 3.09646654e+00 2.37253571e+00
     3.02985358e+00 1.81261003e+00]
    [5.96948452e-02 2.11836800e-01 2.26681328e+00 2.63463831e+00
     2.07714772e+00 1.15191996e+00]
    [3.60787600e-01 1.55585706e-01 1.48455822e+00 2.74777913e+00
     1.50621450e+00 4.86567080e-01]
    [5.91731608e-01 2.38711804e-01 9.34241652e-01 2.70496726e+00
     1.30640745e+00 0.00000000e+00]
    [6.45668507e-01 2.87243694e-01 6.90498710e-01 2.64869070e+00
     1.29076183e+00 0.00000000e+00]
    [6.50196910e-01 3.40735704e-01 6.33633554e-01 2.62627506e+00
     1.36916304e+00 0.00000000e+00]
    [6.35076165e-01 4.18120891e-01 6.95633411e-01 2.68151546e+00
     1.52588284e+00 0.00000000e+00]
    [5.97696304e-01 4.94191200e-01 8.65197778e-01 2.80965590e+00
     1.70961285e+00 0.00000000e+00]
    [5.55922389e-01 4.55912799e-01 9.78412569e-01 2.86144781e+00
     1.75138783e+00 2.09523812e-02]
    [5.60048461e-01 2.43248135e-01 9.38114345e-01 2.66708827e+00
     1.33928275e+00 0.00000000e+00]
    [5.48411608e-01 0.00000000e+00 7.58668602e-01 2.13703275e+00
     6.21725559e-01 0.00000000e+00]
    [4.92718905e-01 0.00000000e+00 5.44734776e-01 1.49641883e+00
     1.07248023e-01 0.00000000e+00]
    [4.34029460e-01 0.00000000e+00 3.35366547e-01 8.77461016e-01
     0.00000000e+00 0.00000000e+00]
    [2.99171716e-01 0.00000000e+00 1.70572326e-01 4.02536094e-01
     0.00000000e+00 0.00000000e+00]
    [1.25132829e-01 0.00000000e+00 5.70066534e-02 1.19528182e-01
     0.00000000e+00 1.72807314e-02]]

   [[6.43845871e-02 4.83168336e-03 2.40746653e-03 3.62651721e-02
     0.00000000e+00 3.09166536e-02]
    [6.43845871e-02 4.83168336e-03 2.40746653e-03 3.62651721e-02
     0.00000000e+00 3.09166536e-02]
    [6.43845871e-02 4.83168336e-03 2.40746653e-03 3.62651721e-02
     0.00000000e+00 3.09166536e-02]
    [6.43845871e-02 4.83168336e-03 2.40746653e-03 3.62651721e-02
     0.00000000e+00 3.09166536e-02]
    [6.43845871e-02 4.83168336e-03 2.40746653e-03 3.62651721e-02
     0.00000000e+00 3.09166536e-02]
    [6.43845871e-02 4.83168336e-03 2.40746653e-03 3.62651721e-02
     0.00000000e+00 3.09166536e-02]
    [7.94330910e-02 3.83945443e-02 2.11722348e-02 3.80960666e-02
     4.11905460e-02 7.01283813e-02]
    [1.28418460e-01 2.43240044e-01 2.10671082e-01 8.74704793e-02
     3.34470242e-01 3.55285883e-01]
    [1.15695126e-01 6.48609102e-01 8.36593270e-01 2.95617312e-01
     1.18977261e+00 9.89420831e-01]
    [0.00000000e+00 1.08796442e+00 1.88967216e+00 7.62501597e-01
     2.61599565e+00 1.76453555e+00]
    [0.00000000e+00 1.32496428e+00 3.00169778e+00 1.37910700e+00
     3.98250413e+00 2.37975764e+00]
    [0.00000000e+00 1.08601165e+00 3.64371324e+00 1.84859037e+00
     4.45144176e+00 2.53827310e+00]
    [0.00000000e+00 5.55690467e-01 3.49695754e+00 2.10381150e+00
     3.76194453e+00 2.21383739e+00]
    [8.49417597e-03 5.80426194e-02 2.76000714e+00 2.15936232e+00
     2.58462739e+00 1.55097318e+00]
    [2.41536677e-01 0.00000000e+00 1.81494236e+00 2.05826426e+00
     1.60452831e+00 8.19820523e-01]
    [4.69657570e-01 0.00000000e+00 9.42419410e-01 1.79760861e+00
     1.00696123e+00 1.97788566e-01]
    [6.27184212e-01 0.00000000e+00 3.38924080e-01 1.53966546e+00
     7.72881925e-01 0.00000000e+00]
    [6.55921876e-01 6.61179610e-03 5.27672432e-02 1.46153498e+00
     6.50144339e-01 0.00000000e+00]
    [6.30937934e-01 4.54062894e-02 0.00000000e+00 1.47284412e+00
     6.69369161e-01 0.00000000e+00]
    [6.24107838e-01 1.06219269e-01 0.00000000e+00 1.54479384e+00
     7.77102172e-01 0.00000000e+00]
    [6.41236663e-01 1.60896197e-01 0.00000000e+00 1.69796777e+00
     9.05258000e-01 0.00000000e+00]
    [6.16656899e-01 1.11357071e-01 3.28250490e-02 1.82241619e+00
     8.80563438e-01 0.00000000e+00]
    [5.98155797e-01 6.67662360e-04 7.15411454e-02 1.71163452e+00
     6.16800189e-01 0.00000000e+00]
    [5.79309702e-01 0.00000000e+00 8.81839171e-02 1.34451222e+00
     2.65199304e-01 0.00000000e+00]
    [5.30272603e-01 0.00000000e+00 8.90874714e-02 9.20009673e-01
     4.63532917e-02 0.00000000e+00]
    [3.94496858e-01 0.00000000e+00 6.85265735e-02 5.52713215e-01
     4.35222946e-02 0.00000000e+00]
    [2.21081942e-01 0.00000000e+00 5.24569191e-02 2.70770758e-01
     4.18178104e-02 0.00000000e+00]
    [9.62673649e-02 0.00000000e+00 2.89000440e-02 1.02825381e-01
     2.08693705e-02 1.43780410e-02]]

   [[6.43845871e-02 4.83168336e-03 2.40746653e-03 3.62651721e-02
     0.00000000e+00 3.09166536e-02]
    [6.43845871e-02 4.83168336e-03 2.40746653e-03 3.62651721e-02
     0.00000000e+00 3.09166536e-02]
    [6.43845871e-02 4.83168336e-03 2.40746653e-03 3.62651721e-02
     0.00000000e+00 3.09166536e-02]
    [6.43845871e-02 4.83168336e-03 2.40746653e-03 3.62651721e-02
     0.00000000e+00 3.09166536e-02]
    [6.43845871e-02 4.83168336e-03 2.40746653e-03 3.62651721e-02
     0.00000000e+00 3.09166536e-02]
    [6.51622117e-02 6.01311866e-03 2.82042962e-03 3.60228494e-02
     3.43384221e-04 3.24226022e-02]
    [9.23296213e-02 8.95325989e-02 6.10612296e-02 5.29775992e-02
     9.90129709e-02 1.43370688e-01]
    [1.35732681e-01 4.27828103e-01 4.50508863e-01 1.62795037e-01
     6.21490479e-01 6.48510635e-01]
    [4.64304760e-02 8.66917968e-01 1.36020470e+00 4.56208676e-01
     1.79512703e+00 1.44215691e+00]
    [0.00000000e+00 1.23553908e+00 2.52892590e+00 9.72767234e-01
     3.30114722e+00 2.20418000e+00]
    [0.00000000e+00 1.33505726e+00 3.51624846e+00 1.57246912e+00
     4.39189959e+00 2.71787572e+00]
    [0.00000000e+00 1.04558134e+00 4.02414227e+00 1.98092294e+00
     4.48888445e+00 2.92385483e+00]
    [0.00000000e+00 4.93508607e-01 3.91497016e+00 2.02015018e+00
     3.64492035e+00 2.76396632e+00]
    [1.20407455e-02 5.34633882e-02 3.32043338e+00 1.62452388e+00
     2.66076303e+00 2.24805760e+00]
    [1.62591875e-01 0.00000000e+00 2.44980979e+00 1.11007559e+00
     1.78198838e+00 1.54839039e+00]
    [2.25281358e-01 0.00000000e+00 1.49990058e+00 6.52630389e-01
     1.13049936e+00 8.72613132e-01]
    [1.83956146e-01 0.00000000e+00 7.57912040e-01 4.27813888e-01
     7.56132662e-01 4.44202811e-01]
    [2.32269913e-01 0.00000000e+00 3.35133463e-01 3.59122545e-01
     4.70240712e-01 1.73518687e-01]
    [2.45245993e-01 0.00000000e+00 7.74483457e-02 4.08528477e-01
     3.30588281e-01 1.27580334e-02]
    [2.32005507e-01 1.71006992e-02 0.00000000e+00 4.97747809e-01
     3.10626984e-01 0.00000000e+00]
    [2.66130209e-01 4.70053442e-02 0.00000000e+00 6.22595429e-01
     3.69030297e-01 0.00000000e+00]
    [3.19300473e-01 1.87736060e-02 0.00000000e+00 6.88584566e-01
     3.13746572e-01 0.00000000e+00]
    [3.51911128e-01 0.00000000e+00 0.00000000e+00 6.54101074e-01
     1.84445828e-01 0.00000000e+00]
    [3.40919137e-01 0.00000000e+00 0.00000000e+00 5.47751784e-01
     8.74124095e-02 0.00000000e+00]
    [2.99179643e-01 0.00000000e+00 0.00000000e+00 3.98235470e-01
     5.24536222e-02 0.00000000e+00]
    [2.00030863e-01 0.00000000e+00 1.75994541e-02 2.46048748e-01
     4.86489609e-02 0.00000000e+00]
    [1.20360896e-01 0.00000000e+00 2.16451231e-02 1.27749577e-01
     3.16978097e-02 3.40121053e-03]
    [7.96532258e-02 8.46549403e-04 1.74814463e-02 6.51058927e-02
     7.85213802e-03 3.28114405e-02]]

   [[6.43845871e-02 4.83168336e-03 2.40746653e-03 3.62651721e-02
     0.00000000e+00 3.09166536e-02]
    [6.43845871e-02 4.83168336e-03 2.40746653e-03 3.62651721e-02
     0.00000000e+00 3.09166536e-02]
    [6.43845871e-02 4.83168336e-03 2.40746653e-03 3.62651721e-02
     0.00000000e+00 3.09166536e-02]
    [6.43845871e-02 4.83168336e-03 2.40746653e-03 3.62651721e-02
     0.00000000e+00 3.09166536e-02]
    [6.43845871e-02 4.83168336e-03 2.40746653e-03 3.62651721e-02
     0.00000000e+00 3.09166536e-02]
    [6.40612543e-02 6.01421762e-03 4.16785944e-03 3.73327732e-02
     0.00000000e+00 3.27647962e-02]
    [6.97853342e-02 1.20453320e-01 1.16465025e-01 9.42654908e-02
     1.23943120e-01 1.90733492e-01]
    [8.06514546e-02 5.76510251e-01 6.67993784e-01 3.27791780e-01
     8.58894527e-01 8.36498082e-01]
    [0.00000000e+00 1.05151510e+00 1.72294617e+00 7.49598682e-01
     2.23792815e+00 1.66697466e+00]
    [0.00000000e+00 1.27312219e+00 2.83293033e+00 1.36833441e+00
     3.49963903e+00 2.27191091e+00]
    [0.00000000e+00 1.21048844e+00 3.53827620e+00 2.01553011e+00
     4.08978271e+00 2.55383205e+00]
    [0.00000000e+00 9.81586277e-01 3.93807030e+00 2.43292809e+00
     3.86330700e+00 2.87407374e+00]
    [0.00000000e+00 6.72061265e-01 4.05586767e+00 2.30190492e+00
     3.22354245e+00 3.03394270e+00]
    [0.00000000e+00 4.10834402e-01 3.86865735e+00 1.75720048e+00
     2.71742177e+00 2.94544196e+00]
    [1.00113451e-04 8.63849670e-02 3.36419082e+00 9.45039630e-01
     2.28373480e+00 2.52176070e+00]
    [0.00000000e+00 0.00000000e+00 2.60586119e+00 2.57063419e-01
     1.69448435e+00 1.94078660e+00]
    [0.00000000e+00 0.00000000e+00 1.71096349e+00 0.00000000e+00
     1.10415888e+00 1.32424402e+00]
    [0.00000000e+00 0.00000000e+00 9.57688510e-01 0.00000000e+00
     6.76900089e-01 7.60048568e-01]
    [0.00000000e+00 0.00000000e+00 4.71788675e-01 0.00000000e+00
     3.50545883e-01 3.95696491e-01]
    [7.48259500e-02 0.00000000e+00 1.62901178e-01 6.44263625e-02
     1.67539209e-01 1.51084006e-01]
    [9.19330493e-02 3.46528329e-02 3.91655229e-02 1.49651900e-01
     1.08278148e-01 6.83284700e-02]
    [1.19846106e-01 1.42319407e-02 1.33219473e-02 1.60801083e-01
     8.20982531e-02 1.49720516e-02]
    [1.21289320e-01 0.00000000e+00 9.50004905e-03 1.63701981e-01
     6.87747598e-02 8.16306099e-03]
    [1.26485661e-01 0.00000000e+00 1.93426404e-02 1.40693545e-01
     6.01658560e-02 1.62680447e-02]
    [1.14716768e-01 0.00000000e+00 3.51007171e-02 1.13006808e-01
     5.60068302e-02 2.54492741e-02]
    [8.50402266e-02 0.00000000e+00 3.07598878e-02 8.23600516e-02
     4.39861715e-02 3.26347202e-02]
    [7.28046969e-02 1.85186439e-03 2.50583384e-02 5.76127917e-02
     2.57005747e-02 3.73532996e-02]
    [6.74251243e-02 0.00000000e+00 1.79505665e-02 4.45540585e-02
     8.84926505e-03 3.89552824e-02]]

   [[6.43845871e-02 4.83168336e-03 2.40746653e-03 3.62651721e-02
     0.00000000e+00 3.09166536e-02]
    [6.43845871e-02 4.83168336e-03 2.40746653e-03 3.62651721e-02
     0.00000000e+00 3.09166536e-02]
    [6.43845871e-02 4.83168336e-03 2.40746653e-03 3.62651721e-02
     0.00000000e+00 3.09166536e-02]
    [6.51622117e-02 6.01311866e-03 2.82042962e-03 3.60228494e-02
     3.43384221e-04 3.24226022e-02]
    [6.48790821e-02 6.10962231e-03 4.54374868e-03 3.53846364e-02
     2.01053312e-03 3.38174552e-02]
    [6.32766187e-02 5.52403694e-03 6.45984104e-03 3.58528607e-02
     4.26185876e-03 3.42629366e-02]
    [5.37964143e-02 1.19067684e-01 1.13927208e-01 1.09997079e-01
     1.58812642e-01 1.60847604e-01]
    [5.15373051e-03 5.75240195e-01 6.32494390e-01 5.02740204e-01
     9.16656554e-01 6.74869776e-01]
    [0.00000000e+00 9.75232124e-01 1.47246420e+00 1.19256485e+00
     2.13736153e+00 1.22220075e+00]
    [0.00000000e+00 1.09275639e+00 2.19609523e+00 1.88578880e+00
     2.95721745e+00 1.51360178e+00]
    [0.00000000e+00 1.01783609e+00 2.53350830e+00 2.46822309e+00
     3.02641726e+00 1.60304272e+00]
    [0.00000000e+00 7.91549742e-01 2.79564142e+00 2.92341805e+00
     2.62570047e+00 1.80224168e+00]
    [0.00000000e+00 6.56417191e-01 3.03252578e+00 2.98419094e+00
     2.39135361e+00 1.98260415e+00]
    [7.01992884e-02 7.47190535e-01 3.31971717e+00 2.58385849e+00
     2.49479461e+00 2.39636326e+00]
    [0.00000000e+00 6.79589093e-01 3.57202411e+00 1.76717186e+00
     2.44978046e+00 2.66835642e+00]
    [0.00000000e+00 2.49133140e-01 3.33980346e+00 8.65848899e-01
     2.06552029e+00 2.47367382e+00]
    [0.00000000e+00 0.00000000e+00 2.53298926e+00 2.29089469e-01
     1.37790275e+00 1.87094140e+00]
    [0.00000000e+00 0.00000000e+00 1.60304308e+00 0.00000000e+00
     7.98990548e-01 1.30377638e+00]
    [0.00000000e+00 0.00000000e+00 8.17221463e-01 0.00000000e+00
     4.14616168e-01 7.54201531e-01]
    [0.00000000e+00 0.00000000e+00 3.27461332e-01 3.45015898e-03
     1.76223546e-01 3.23686093e-01]
    [5.77813908e-02 0.00000000e+00 1.11591563e-01 6.55988008e-02
     6.42609969e-02 1.17993526e-01]
    [6.70843273e-02 1.98732633e-02 6.74539506e-02 6.40454069e-02
     6.36684895e-02 6.60478920e-02]
    [6.51370585e-02 1.50944758e-02 6.98458776e-02 6.59735575e-02
     4.00435217e-02 8.31941143e-02]
    [6.81695268e-02 9.66492109e-03 5.38851954e-02 5.79719320e-02
     4.09517698e-02 7.21232519e-02]
    [5.79637811e-02 0.00000000e+00 5.13023958e-02 5.66740297e-02
     3.21248807e-02 6.88940808e-02]
    [7.53829405e-02 1.41512286e-02 3.98701020e-02 4.69100438e-02
     3.12223304e-02 6.25218898e-02]
    [6.53741360e-02 1.73098058e-03 2.92926040e-02 4.88536246e-02
     1.87358689e-02 5.10267839e-02]
    [5.49793653e-02 0.00000000e+00 2.20643450e-02 4.86757159e-02
     9.24856216e-03 4.55623381e-02]]

   [[6.43299595e-02 6.23168610e-03 7.77343148e-03 3.46188694e-02
     7.70778209e-03 3.58085893e-02]
    [6.19069077e-02 3.58227454e-03 8.49147514e-03 3.33437696e-02
     6.51641982e-03 3.43528874e-02]
    [7.17216060e-02 1.59090962e-02 1.30927488e-02 3.05042118e-02
     2.08918974e-02 4.98200245e-02]
    [9.33935940e-02 5.68193570e-02 4.09167074e-02 1.94341075e-02
     8.77472162e-02 1.11900076e-01]
    [8.10472369e-02 5.90008721e-02 1.16206348e-01 0.00000000e+00
     1.64553002e-01 1.68277234e-01]
    [2.50607468e-02 0.00000000e+00 1.58550292e-01 0.00000000e+00
     1.78886876e-01 1.28828436e-01]
    [2.07482800e-02 7.04411715e-02 1.86665028e-01 5.91761023e-02
     3.24603379e-01 1.33274466e-01]
    [4.22695577e-02 4.34044480e-01 4.20348942e-01 4.70692813e-01
     9.69351530e-01 3.46329719e-01]
    [4.41952869e-02 7.38931537e-01 7.76517272e-01 1.26552141e+00
     1.77042592e+00 5.12983441e-01]
    [3.39693353e-02 7.37847388e-01 1.04500937e+00 2.00871754e+00
     2.07697988e+00 4.65309054e-01]
    [1.36685967e-01 5.91171563e-01 1.15116453e+00 2.45581532e+00
     1.92170477e+00 3.16048563e-01]
    [3.57949406e-01 4.81286615e-01 1.26121080e+00 2.75154471e+00
     1.69359446e+00 2.91043758e-01]
    [4.61730838e-01 5.28839648e-01 1.40939271e+00 2.93617821e+00
     1.78256369e+00 4.62548524e-01]
    [4.47814584e-01 9.00936365e-01 1.99129522e+00 2.94738293e+00
     2.27438569e+00 1.18816960e+00]
    [1.80061847e-01 9.48072076e-01 2.88563395e+00 2.54464006e+00
     2.84616232e+00 1.94963932e+00]
    [0.00000000e+00 6.06051862e-01 3.46487260e+00 1.73469353e+00
     2.70465350e+00 2.28654003e+00]
    [0.00000000e+00 4.36900258e-02 3.06080627e+00 8.21810186e-01
     1.93391228e+00 1.90547252e+00]
    [0.00000000e+00 0.00000000e+00 2.17965984e+00 2.52950788e-01
     9.88646328e-01 1.50338936e+00]
    [0.00000000e+00 0.00000000e+00 1.19914842e+00 8.83314833e-02
     3.86217624e-01 9.99721885e-01]
    [0.00000000e+00 0.00000000e+00 4.88766164e-01 6.85267076e-02
     1.38097316e-01 4.90774304e-01]
    [4.10859138e-02 0.00000000e+00 1.33077219e-01 7.26605058e-02
     6.17801733e-02 1.51208133e-01]
    [4.95032109e-02 2.21738685e-02 6.48367405e-02 7.84483403e-02
     5.66542558e-02 7.61551410e-02]
    [6.64256811e-02 7.81911053e-03 5.77308349e-02 6.04514070e-02
     3.91704924e-02 5.95734753e-02]
    [5.40306382e-02 2.15035062e-02 5.35477661e-02 5.90868816e-02
     3.80298086e-02 6.84440732e-02]
    [5.46871871e-02 1.19255716e-03 4.62095551e-02 6.71680793e-02
     1.85956266e-02 6.77832365e-02]
    [5.55809997e-02 1.18572395e-02 3.60729173e-02 6.48828968e-02
     1.75454840e-02 5.88992089e-02]
    [6.32403493e-02 6.91603962e-03 3.23513448e-02 5.00567928e-02
     1.75340176e-02 4.51053604e-02]
    [6.70280233e-02 2.84636999e-03 2.34149005e-02 4.33624350e-02
     0.00000000e+00 4.68292311e-02]]

   [[6.56846762e-02 1.52460542e-02 2.31506824e-02 3.36154066e-02
     2.08688788e-02 5.34188449e-02]
    [6.14581779e-02 5.46769658e-03 2.55159307e-02 2.94207036e-02
     2.46986598e-02 4.98879701e-02]
    [8.11744779e-02 5.42517379e-02 5.88205978e-02 3.20283026e-02
     7.87496641e-02 1.18391261e-01]
    [1.47875756e-01 2.28685811e-01 2.31232643e-01 2.28347778e-02
     3.50150377e-01 3.96054894e-01]
    [1.05895266e-01 2.60054082e-01 5.80752969e-01 0.00000000e+00
     7.05455899e-01 6.60721302e-01]
    [0.00000000e+00 4.27949056e-02 7.60149121e-01 0.00000000e+00
     7.98750460e-01 5.71499288e-01]
    [0.00000000e+00 0.00000000e+00 6.38441682e-01 0.00000000e+00
     7.84347236e-01 4.21977580e-01]
    [0.00000000e+00 1.74020961e-01 5.17728806e-01 2.45702267e-01
     1.03441060e+00 3.41779947e-01]
    [1.82190090e-01 3.77510488e-01 4.03789580e-01 8.86278629e-01
     1.23096371e+00 1.26015469e-01]
    [2.79230595e-01 3.21840554e-01 2.10544154e-01 1.51534688e+00
     1.11212516e+00 0.00000000e+00]
    [3.61604184e-01 1.94293842e-01 1.59941882e-01 1.83857918e+00
     9.21416581e-01 0.00000000e+00]
    [6.10434830e-01 1.83205530e-01 1.69488639e-01 1.98061204e+00
     8.74296546e-01 0.00000000e+00]
    [8.06819439e-01 3.03431571e-01 2.35980988e-01 2.07401872e+00
     1.08927107e+00 0.00000000e+00]
    [7.88483500e-01 8.52564156e-01 8.87394965e-01 2.40000820e+00
     1.94560981e+00 4.16399956e-01]
    [4.95303035e-01 1.11059630e+00 2.12747502e+00 2.59319568e+00
     3.04599667e+00 1.39697957e+00]
    [1.37200773e-01 7.46442437e-01 3.12878323e+00 2.27675629e+00
     3.25972652e+00 1.94305682e+00]
    [0.00000000e+00 1.73194885e-01 3.11240864e+00 1.45054555e+00
     2.44598269e+00 1.75197291e+00]
    [0.00000000e+00 0.00000000e+00 2.45488524e+00 7.52720773e-01
     1.23408508e+00 1.50417626e+00]
    [0.00000000e+00 0.00000000e+00 1.42507470e+00 3.17813307e-01
     3.90416443e-01 1.03042495e+00]
    [2.95876339e-03 0.00000000e+00 6.25354171e-01 1.33791178e-01
     6.59050420e-02 5.53951979e-01]
    [6.28478453e-02 0.00000000e+00 1.48580179e-01 8.30832124e-02
     4.62224595e-02 1.54905349e-01]
    [6.92994446e-02 8.94121826e-04 4.03665043e-02 8.47611129e-02
     4.41048779e-02 5.31704575e-02]
    [6.39775842e-02 1.45830810e-02 3.86123173e-02 8.47012773e-02
     3.68062891e-02 4.20674756e-02]
    [5.87436743e-02 1.22561669e-02 3.14685479e-02 7.69894868e-02
     2.97291633e-02 4.07480262e-02]
    [7.24992454e-02 6.98239636e-03 2.42398027e-02 6.87544495e-02
     5.36005758e-03 3.02849412e-02]
    [6.13882467e-02 1.06988903e-02 2.05655303e-02 6.79618418e-02
     1.32923210e-02 4.23174985e-02]
    [6.14361130e-02 1.16044842e-02 2.20372807e-02 5.85642643e-02
     1.24892201e-02 4.07073237e-02]
    [6.74602836e-02 1.67774945e-03 1.81509275e-02 4.55385894e-02
     2.16006255e-03 3.52085158e-02]]

   [[6.11798950e-02 1.79563016e-02 3.68470885e-02 4.26791646e-02
     2.45027952e-02 6.33108243e-02]
    [5.90862967e-02 1.18838791e-02 4.02978435e-02 3.81469652e-02
     3.13816555e-02 5.95195815e-02]
    [7.82935545e-02 1.05060242e-01 1.26776472e-01 6.76314831e-02
     1.27308711e-01 2.05168366e-01]
    [1.27330184e-01 4.61716712e-01 5.61873496e-01 1.59880683e-01
     6.54538631e-01 7.81471074e-01]
    [4.10309248e-02 5.87867916e-01 1.32386231e+00 1.24671854e-01
     1.42317045e+00 1.37139738e+00]
    [0.00000000e+00 2.94897377e-01 1.74147713e+00 0.00000000e+00
     1.68941617e+00 1.40104699e+00]
    [0.00000000e+00 0.00000000e+00 1.54828358e+00 0.00000000e+00
     1.35294580e+00 1.13641083e+00]
    [0.00000000e+00 0.00000000e+00 1.06432152e+00 2.77301837e-02
     1.10211301e+00 8.71842623e-01]
    [0.00000000e+00 0.00000000e+00 5.66300094e-01 3.92187387e-01
     8.53718221e-01 4.66783643e-01]
    [2.38345474e-01 5.93796894e-02 1.12315953e-01 6.21472180e-01
     5.26877224e-01 0.00000000e+00]
    [3.53911936e-01 0.00000000e+00 0.00000000e+00 7.97825336e-01
     2.90608406e-01 0.00000000e+00]
    [4.40806866e-01 0.00000000e+00 0.00000000e+00 9.33306217e-01
     3.33688051e-01 0.00000000e+00]
    [5.05128622e-01 1.92019999e-01 0.00000000e+00 1.02761078e+00
     6.79361165e-01 0.00000000e+00]
    [5.34532428e-01 8.98807526e-01 6.96904421e-01 1.38828039e+00
     1.82514918e+00 6.82517171e-01]
    [4.12448525e-01 1.17999816e+00 1.91241109e+00 1.97317684e+00
     3.24058080e+00 1.48194516e+00]
    [1.39534295e-01 7.96970963e-01 2.94253278e+00 2.17157888e+00
     3.60517287e+00 1.87050521e+00]
    [0.00000000e+00 1.33350939e-01 3.00885773e+00 1.72364736e+00
     2.74306226e+00 1.68063271e+00]
    [0.00000000e+00 0.00000000e+00 2.43697119e+00 1.13630760e+00
     1.30265331e+00 1.42480147e+00]
    [4.41505015e-02 0.00000000e+00 1.46051741e+00 6.34995162e-01
     3.84665310e-01 9.55380023e-01]
    [6.93805292e-02 0.00000000e+00 6.53544843e-01 2.87245572e-01
     1.96185727e-02 5.13434827e-01]
    [6.04554564e-02 0.00000000e+00 1.50793761e-01 1.13064662e-01
     2.17806883e-02 1.55815199e-01]
    [6.98760003e-02 1.16574764e-02 3.12248077e-02 6.73250705e-02
     3.00396252e-02 3.75848562e-02]
    [6.80558607e-02 2.57941312e-03 1.52831059e-02 7.03621507e-02
     1.91363730e-02 3.29736322e-02]
    [7.36951232e-02 0.00000000e+00 8.84884223e-03 7.31253102e-02
     1.31888930e-02 2.91831568e-02]
    [8.07759464e-02 2.04442069e-03 5.55047998e-03 6.74961507e-02
     8.19168892e-03 2.10575256e-02]
    [7.83031136e-02 7.49724451e-03 3.47985420e-03 5.51439896e-02
     7.01962411e-03 2.19776127e-02]
    [7.53884912e-02 9.76940617e-04 3.95172695e-03 6.12271577e-02
     9.45118535e-03 2.44996995e-02]
    [6.68440685e-02 4.19082306e-03 7.64402095e-03 5.51634803e-02
     2.01188587e-03 2.85408255e-02]]

   [[5.90846129e-02 1.82316881e-02 3.09828464e-02 5.29222190e-02
     2.67952997e-02 5.55914342e-02]
    [5.58400191e-02 1.69878807e-02 3.59802246e-02 5.47953062e-02
     3.11030541e-02 5.55546694e-02]
    [6.90328106e-02 1.44291550e-01 1.65017664e-01 1.13716029e-01
     1.77987978e-01 2.37494260e-01]
    [6.95852041e-02 6.60852909e-01 8.02493811e-01 3.61521333e-01
     9.83136594e-01 9.95289266e-01]
    [0.00000000e+00 9.48262691e-01 1.89521015e+00 5.71324527e-01
     2.12767649e+00 1.87246478e+00]
    [0.00000000e+00 6.61166370e-01 2.66297507e+00 3.88202548e-01
     2.52607203e+00 2.18986988e+00]
    [0.00000000e+00 1.40855789e-01 2.58456826e+00 7.52765685e-04
     2.02565694e+00 1.87778199e+00]
    [0.00000000e+00 0.00000000e+00 1.96812046e+00 0.00000000e+00
     1.24901402e+00 1.52652442e+00]
    [0.00000000e+00 0.00000000e+00 1.17841792e+00 5.04481457e-02
     6.63407207e-01 1.01550865e+00]
    [0.00000000e+00 0.00000000e+00 5.08754134e-01 6.67528138e-02
     3.62795949e-01 4.48921919e-01]
    [1.21466659e-01 0.00000000e+00 1.32060811e-01 1.45890862e-01
     1.56040996e-01 1.13705851e-01]
    [1.64108589e-01 1.41073652e-02 6.33651689e-02 1.90897018e-01
     1.48787886e-01 8.36366266e-02]
    [2.04588532e-01 3.40022683e-01 3.16035122e-01 2.82469690e-01
     5.85779786e-01 4.82691884e-01]
    [1.35909855e-01 9.90741789e-01 1.18999577e+00 7.54794776e-01
     2.02006936e+00 1.29248512e+00]
    [1.41079165e-02 1.28510952e+00 2.36565471e+00 1.45613110e+00
     3.53487277e+00 1.87473083e+00]
    [0.00000000e+00 8.55615616e-01 3.07781553e+00 1.83836198e+00
     3.73062205e+00 1.98346519e+00]
    [0.00000000e+00 1.34110406e-01 2.93852258e+00 1.65216577e+00
     2.62487078e+00 1.71934330e+00]
    [0.00000000e+00 0.00000000e+00 2.23455858e+00 1.30087686e+00
     1.11371183e+00 1.31674063e+00]
    [1.41000897e-01 0.00000000e+00 1.30229342e+00 8.29033554e-01
     2.44365335e-01 8.17084372e-01]
    [1.59063578e-01 0.00000000e+00 5.55691540e-01 4.27602232e-01
     0.00000000e+00 3.84760499e-01]
    [8.94668028e-02 0.00000000e+00 1.28277138e-01 1.39143199e-01
     0.00000000e+00 1.12912014e-01]
    [6.74427971e-02 7.33547751e-03 2.79527064e-02 6.04407117e-02
     2.64713261e-02 4.03025001e-02]
    [6.50241375e-02 1.93449738e-03 1.95663590e-02 5.22453971e-02
     1.09928288e-02 3.87489572e-02]
    [7.20298812e-02 1.14072557e-03 1.08392984e-02 4.64173034e-02
     2.42806878e-03 3.36315334e-02]
    [6.83706030e-02 0.00000000e+00 6.21810229e-03 4.60566692e-02
     0.00000000e+00 3.32984850e-02]
    [6.69669136e-02 5.76731656e-03 0.00000000e+00 4.93488461e-02
     8.22488964e-03 2.83586141e-02]
    [6.97473809e-02 6.79954141e-03 8.74614576e-04 4.50181216e-02
     3.54861561e-03 2.47598737e-02]
    [6.92244098e-02 2.32160161e-03 0.00000000e+00 4.44064364e-02
     0.00000000e+00 2.62992084e-02]]

   [[6.51528388e-02 1.66568346e-02 1.51227359e-02 5.84707037e-02
     2.28718501e-02 3.75246704e-02]
    [6.60349429e-02 1.42671037e-02 2.07810607e-02 6.38201684e-02
     2.90709157e-02 3.87112461e-02]
    [7.05281645e-02 1.60765588e-01 1.54458061e-01 1.50593102e-01
     2.18617275e-01 1.95409238e-01]
    [6.79398626e-02 7.53029048e-01 8.00967753e-01 5.62004626e-01
     1.19918072e+00 8.72556210e-01]
    [0.00000000e+00 1.20766032e+00 1.96001601e+00 1.12307489e+00
     2.56856418e+00 1.80098593e+00]
    [0.00000000e+00 1.01196396e+00 3.03758740e+00 1.22693789e+00
     3.11623883e+00 2.45827723e+00]
    [0.00000000e+00 4.99098122e-01 3.32443905e+00 7.46711314e-01
     2.76489568e+00 2.45558929e+00]
    [0.00000000e+00 0.00000000e+00 2.91952085e+00 2.96005040e-01
     1.83009601e+00 2.11040211e+00]
    [0.00000000e+00 0.00000000e+00 2.02228785e+00 3.81105505e-02
     1.06087506e+00 1.51611793e+00]
    [0.00000000e+00 0.00000000e+00 1.13014007e+00 0.00000000e+00
     6.73289716e-01 9.50936496e-01]
    [3.16712111e-02 0.00000000e+00 5.76892614e-01 0.00000000e+00
     5.06009340e-01 5.46025872e-01]
    [1.31464109e-01 1.95174217e-01 4.88725096e-01 0.00000000e+00
     5.85969210e-01 5.75599730e-01]
    [9.19557959e-02 5.80664635e-01 1.00591230e+00 1.20134205e-01
     1.26076019e+00 1.14877582e+00]
    [0.00000000e+00 1.03988278e+00 2.00284505e+00 6.38905287e-01
     2.82383394e+00 1.85069489e+00]
    [0.00000000e+00 1.15581346e+00 2.96774268e+00 1.29389656e+00
     3.97338343e+00 2.16987705e+00]
    [0.00000000e+00 6.90422833e-01 3.17073750e+00 1.67714059e+00
     3.65564704e+00 1.95463991e+00]
    [0.00000000e+00 2.23011710e-02 2.67743397e+00 1.67634761e+00
     2.17463231e+00 1.58541298e+00]
    [5.98849356e-02 0.00000000e+00 1.83833432e+00 1.42702925e+00
     7.28361130e-01 1.08371472e+00]
    [2.21613586e-01 0.00000000e+00 1.00450134e+00 9.42658126e-01
     6.63124844e-02 5.73052943e-01]
    [2.30469257e-01 0.00000000e+00 3.98052722e-01 4.65480953e-01
     0.00000000e+00 2.03437626e-01]
    [1.09614752e-01 0.00000000e+00 9.01874453e-02 1.34836301e-01
     0.00000000e+00 6.16383255e-02]
    [6.55827299e-02 7.29311630e-03 2.79242266e-02 5.24332300e-02
     1.98217239e-02 4.54363078e-02]
    [6.61657304e-02 1.16560212e-03 1.57547388e-02 4.76152599e-02
     2.79073324e-03 3.78527232e-02]
    [6.37441128e-02 3.33105959e-03 1.14669390e-02 4.45682704e-02
     4.88348887e-04 3.63436751e-02]
    [6.56130388e-02 2.32017110e-03 7.08126929e-03 4.04288210e-02
     0.00000000e+00 3.39767411e-02]
    [6.41066805e-02 5.06286370e-03 1.82139245e-03 3.75671163e-02
     0.00000000e+00 3.09688598e-02]
    [6.49572760e-02 5.29665919e-03 2.16443394e-03 3.71041931e-02
     0.00000000e+00 3.00998259e-02]
    [6.51526377e-02 4.39821742e-03 1.73563883e-03 3.71454693e-02
     0.00000000e+00 3.02163176e-02]]

   [[6.61962777e-02 1.10170078e-02 3.63011146e-03 5.60998842e-02
     1.53570883e-02 3.09980139e-02]
    [6.97897300e-02 1.13134645e-02 1.03963241e-02 6.13773763e-02
     1.89906675e-02 3.17717530e-02]
    [6.57276064e-02 1.27931938e-01 9.44439620e-02 1.67741776e-01
     2.08181515e-01 1.15342133e-01]
    [5.28181940e-02 6.36163235e-01 5.29073656e-01 7.07117498e-01
     1.11102712e+00 5.10709465e-01]
    [7.89289922e-02 1.18896139e+00 1.45569396e+00 1.56552291e+00
     2.38893795e+00 1.21188390e+00]
    [0.00000000e+00 1.23842001e+00 2.61480641e+00 1.98075938e+00
     3.11198616e+00 2.02002573e+00]
    [0.00000000e+00 8.35986018e-01 3.40695405e+00 1.75973511e+00
     3.00958633e+00 2.54901767e+00]
    [0.00000000e+00 3.34483206e-01 3.52980208e+00 1.08736289e+00
     2.50279427e+00 2.55846596e+00]
    [0.00000000e+00 6.19413666e-02 3.03572297e+00 3.51977378e-01
     1.96008170e+00 2.31798339e+00]
    [0.00000000e+00 0.00000000e+00 2.33190703e+00 0.00000000e+00
     1.65772593e+00 2.03009439e+00]
    [0.00000000e+00 9.30440202e-02 1.87909091e+00 0.00000000e+00
     1.75065219e+00 1.74670506e+00]
    [0.00000000e+00 3.13722849e-01 1.96226490e+00 0.00000000e+00
     2.03469896e+00 1.75050569e+00]
    [0.00000000e+00 7.09564209e-01 2.52410221e+00 0.00000000e+00
     2.79262877e+00 2.16995287e+00]
    [0.00000000e+00 9.90209699e-01 3.17915177e+00 5.93179286e-01
     3.78801084e+00 2.49700308e+00]
    [0.00000000e+00 8.70471776e-01 3.37851405e+00 1.33066428e+00
     3.96174335e+00 2.33658433e+00]
    [0.00000000e+00 4.41501617e-01 2.85558057e+00 1.76791096e+00
     2.92926741e+00 1.77188408e+00]
    [0.00000000e+00 0.00000000e+00 2.07488132e+00 1.79453349e+00
     1.30041790e+00 1.24433994e+00]
    [1.93589985e-01 0.00000000e+00 1.22892666e+00 1.50060225e+00
     2.21464768e-01 6.62680328e-01]
    [3.17730695e-01 0.00000000e+00 6.02745831e-01 9.43701088e-01
     0.00000000e+00 2.42565662e-01]
    [2.79098094e-01 0.00000000e+00 2.21517220e-01 4.07539845e-01
     0.00000000e+00 3.34682725e-02]
    [1.20673597e-01 0.00000000e+00 4.71489541e-02 1.15085147e-01
     1.15072459e-03 2.35066954e-02]
    [6.37480021e-02 2.59959837e-03 1.75558012e-02 5.70910498e-02
     1.10902162e-02 4.35789041e-02]
    [6.49181902e-02 5.03640715e-03 1.23267863e-02 4.73544002e-02
     4.11375146e-03 3.36845852e-02]
    [6.33266121e-02 1.64151937e-03 1.16177648e-02 4.49287109e-02
     1.69218529e-03 3.57942097e-02]
    [6.68602511e-02 3.10282712e-03 6.42164052e-03 3.85552458e-02
     0.00000000e+00 3.00642326e-02]
    [6.48072585e-02 4.76833107e-03 4.76010516e-03 3.45563106e-02
     2.74791149e-04 3.26436795e-02]
    [6.43845871e-02 4.83168336e-03 2.40746653e-03 3.62651721e-02
     0.00000000e+00 3.09166536e-02]
    [6.43845871e-02 4.83168336e-03 2.40746653e-03 3.62651721e-02
     0.00000000e+00 3.09166536e-02]]

   [[6.62356466e-02 1.38415657e-02 2.35797428e-02 3.60007249e-02
     3.47077511e-02 5.32473028e-02]
    [6.07902445e-02 8.59468803e-03 3.29506099e-02 3.96574363e-02
     4.16620821e-02 5.13476543e-02]
    [5.68732284e-02 7.93856010e-02 5.07453419e-02 1.28870368e-01
     1.96893364e-01 7.06595182e-02]
    [7.31741413e-02 4.24991429e-01 2.10292995e-01 5.89458764e-01
     8.83553326e-01 1.98675096e-01]
    [1.19208977e-01 9.08923030e-01 7.48703420e-01 1.47502053e+00
     1.85565066e+00 5.31366944e-01]
    [8.74175280e-02 1.11840272e+00 1.68467677e+00 2.28705740e+00
     2.59687924e+00 1.14321887e+00]
    [2.68530510e-02 9.81538415e-01 2.70507431e+00 2.46350288e+00
     2.89270043e+00 1.92756903e+00]
    [0.00000000e+00 7.83093393e-01 3.51262116e+00 2.01100731e+00
     2.74206448e+00 2.53406286e+00]
    [0.00000000e+00 4.95630383e-01 3.77333498e+00 1.24904788e+00
     2.50824714e+00 2.81965995e+00]
    [0.00000000e+00 3.71842206e-01 3.65371847e+00 5.21939397e-01
     2.36135292e+00 2.94721341e+00]
    [0.00000000e+00 4.22284901e-01 3.52757192e+00 1.26537532e-01
     2.57705283e+00 3.10684848e+00]
    [0.00000000e+00 5.64775348e-01 3.54288101e+00 1.01239637e-01
     2.94685793e+00 3.15063000e+00]
    [0.00000000e+00 7.99458444e-01 3.69518590e+00 4.65702862e-01
     3.47586584e+00 3.13384414e+00]
    [0.00000000e+00 7.78772533e-01 3.54458594e+00 1.14566100e+00
     3.74940705e+00 2.73851299e+00]
    [0.00000000e+00 5.40118039e-01 2.98814559e+00 1.75202060e+00
     3.03664756e+00 2.06653452e+00]
    [0.00000000e+00 1.29095256e-01 2.09637070e+00 2.01006794e+00
     1.71123779e+00 1.29583311e+00]
    [1.13609776e-01 0.00000000e+00 1.30303013e+00 1.81860757e+00
     4.73018646e-01 6.57248616e-01]
    [3.73955667e-01 0.00000000e+00 6.69920146e-01 1.30359852e+00
     0.00000000e+00 1.92216933e-01]
    [4.06926274e-01 0.00000000e+00 2.88087070e-01 7.18615174e-01
     0.00000000e+00 0.00000000e+00]
    [2.53746539e-01 0.00000000e+00 9.21685696e-02 2.87335694e-01
     2.23946013e-03 0.00000000e+00]
    [1.01915099e-01 6.21367805e-03 2.24778019e-02 8.92152786e-02
     2.04577018e-02 1.38522536e-02]
    [6.67851344e-02 6.39944291e-03 1.97236314e-02 5.27179092e-02
     7.84804486e-03 4.20909524e-02]
    [6.31544590e-02 3.46986018e-03 1.44903008e-02 4.40499820e-02
     1.30307227e-02 3.51860225e-02]
    [6.74976036e-02 2.79608509e-03 1.52389426e-02 3.84946167e-02
     4.72141569e-03 3.66695151e-02]
    [6.67448342e-02 3.20741255e-03 7.20108068e-03 3.74347530e-02
     3.09782242e-03 3.25378031e-02]
    [6.30436689e-02 3.65775987e-03 6.10146765e-03 3.56593132e-02
     0.00000000e+00 3.50831375e-02]
    [6.43845871e-02 4.83168336e-03 2.40746653e-03 3.62651721e-02
     0.00000000e+00 3.09166536e-02]
    [6.43845871e-02 4.83168336e-03 2.40746653e-03 3.62651721e-02
     0.00000000e+00 3.09166536e-02]]

   [[6.31959662e-02 2.00945064e-02 4.48544547e-02 4.34794538e-02
     4.22695167e-02 6.64163530e-02]
    [6.32354543e-02 2.08781771e-02 5.76300807e-02 3.58768329e-02
     4.38729413e-02 7.39239007e-02]
    [5.92324622e-02 4.72701043e-02 4.15081419e-02 1.00192666e-01
     1.17257833e-01 6.61914647e-02]
    [7.94457421e-02 2.17609867e-01 4.03855778e-02 4.12191063e-01
     5.05205035e-01 3.81872691e-02]
    [1.99682802e-01 5.60296535e-01 2.06027642e-01 1.02736485e+00
     1.20286059e+00 3.43110822e-02]
    [2.49687195e-01 8.26058388e-01 6.77608252e-01 1.88181341e+00
     1.87982905e+00 3.04594249e-01]
    [2.03673959e-01 9.34137046e-01 1.56990325e+00 2.53989124e+00
     2.33949184e+00 9.41004932e-01]
    [1.04091890e-01 8.66949558e-01 2.56833100e+00 2.66843677e+00
     2.69027591e+00 1.67834640e+00]
    [0.00000000e+00 8.62609804e-01 3.44800568e+00 2.23108435e+00
     2.76063848e+00 2.40456748e+00]
    [0.00000000e+00 8.08305085e-01 3.90915489e+00 1.63643801e+00
     2.81205320e+00 2.96380305e+00]
    [0.00000000e+00 7.87391186e-01 4.11140299e+00 1.19126618e+00
     2.97924185e+00 3.32798433e+00]
    [0.00000000e+00 7.28700399e-01 4.09513617e+00 1.13134193e+00
     3.18629313e+00 3.27312446e+00]
    [0.00000000e+00 6.79748893e-01 3.72496223e+00 1.48131835e+00
     3.27217340e+00 2.83376837e+00]
    [0.00000000e+00 5.19192338e-01 3.00144768e+00 1.97047710e+00
     2.76096702e+00 2.07376337e+00]
    [0.00000000e+00 1.81134522e-01 2.08372498e+00 2.19370103e+00
     1.67097378e+00 1.24306810e+00]
    [8.68600234e-02 0.00000000e+00 1.23111677e+00 1.98121309e+00
     6.08829498e-01 5.53564072e-01]
    [4.00539905e-01 0.00000000e+00 6.50111020e-01 1.50614369e+00
     8.28007050e-03 1.19037986e-01]
    [4.94644761e-01 0.00000000e+00 2.72589833e-01 8.96688700e-01
     0.00000000e+00 0.00000000e+00]
    [3.63044739e-01 0.00000000e+00 9.12302211e-02 4.31216896e-01
     0.00000000e+00 0.00000000e+00]
    [1.69387698e-01 0.00000000e+00 3.00957989e-02 1.72079235e-01
     3.16951238e-02 0.00000000e+00]
    [7.51869977e-02 6.44584280e-03 2.81830970e-02 6.28699362e-02
     3.27067636e-02 4.05762829e-02]
    [6.61701858e-02 8.40487331e-03 3.06654647e-02 4.29919511e-02
     2.50847042e-02 4.49727997e-02]
    [5.86424507e-02 9.22231469e-04 2.43266746e-02 3.74757573e-02
     2.51006726e-02 4.35980335e-02]
    [6.63324296e-02 1.69054721e-03 2.52786893e-02 3.35315950e-02
     1.26168923e-02 4.63700891e-02]
    [6.34663552e-02 4.35745111e-03 8.66489299e-03 3.63795161e-02
     1.79216906e-03 3.54793333e-02]
    [6.27192631e-02 2.40466301e-03 7.05412263e-03 3.79776508e-02
     0.00000000e+00 3.63774933e-02]
    [6.43845871e-02 4.83168336e-03 2.40746653e-03 3.62651721e-02
     0.00000000e+00 3.09166536e-02]
    [6.43845871e-02 4.83168336e-03 2.40746653e-03 3.62651721e-02
     0.00000000e+00 3.09166536e-02]]

   [[5.30751459e-02 2.41194889e-02 3.84363048e-02 6.21295869e-02
     4.16327715e-02 6.49029687e-02]
    [5.37641235e-02 1.46583691e-02 5.02791218e-02 6.05624504e-02
     4.13680524e-02 6.52366355e-02]
    [5.21131195e-02 2.25399770e-02 3.33340950e-02 8.29664469e-02
     5.85409701e-02 5.89587763e-02]
    [5.14942780e-02 7.17065781e-02 0.00000000e+00 2.43389457e-01
     2.04886615e-01 4.54374328e-02]
    [1.37497723e-01 2.70104408e-01 0.00000000e+00 5.92164397e-01
     6.09685719e-01 0.00000000e+00]
    [3.24905008e-01 4.85973120e-01 7.36051947e-02 1.15958333e+00
     1.12472439e+00 0.00000000e+00]
    [4.06584173e-01 6.48128748e-01 4.77676749e-01 1.93419576e+00
     1.64838946e+00 7.54105151e-02]
    [3.39453727e-01 7.64203966e-01 1.24583733e+00 2.56901884e+00
     2.14114118e+00 5.60369372e-01]
    [2.40851492e-01 7.84123302e-01 2.09857082e+00 2.77349925e+00
     2.45514369e+00 1.06784821e+00]
    [9.15497169e-02 8.65574896e-01 2.76358318e+00 2.63471985e+00
     2.57061887e+00 1.52913105e+00]
    [0.00000000e+00 8.82365227e-01 3.12422729e+00 2.54792142e+00
     2.65308952e+00 1.91043758e+00]
    [0.00000000e+00 7.79898822e-01 3.03511071e+00 2.49844623e+00
     2.57522702e+00 1.87874079e+00]
    [0.00000000e+00 5.80948770e-01 2.50277996e+00 2.52109838e+00
     2.17614746e+00 1.42339766e+00]
    [0.00000000e+00 2.41641581e-01 1.71633160e+00 2.44871330e+00
     1.36646974e+00 7.82354295e-01]
    [2.44473130e-01 0.00000000e+00 1.00960672e+00 2.10986400e+00
     5.15770733e-01 2.89251983e-01]
    [4.67482239e-01 0.00000000e+00 5.05843639e-01 1.54792130e+00
     5.46695478e-02 0.00000000e+00]
    [5.75255215e-01 0.00000000e+00 2.03637540e-01 9.69514668e-01
     0.00000000e+00 0.00000000e+00]
    [4.09142256e-01 0.00000000e+00 6.23396374e-02 5.11371791e-01
     5.07490523e-03 0.00000000e+00]
    [2.07573980e-01 0.00000000e+00 2.54310649e-02 2.23888934e-01
     3.04596219e-02 0.00000000e+00]
    [9.48888808e-02 9.11764707e-03 2.66629886e-02 9.43871066e-02
     1.94372442e-02 4.04018909e-02]
    [6.49750233e-02 5.38496533e-03 3.50283645e-02 4.97316644e-02
     3.12280226e-02 5.31790107e-02]
    [6.48604706e-02 1.42572969e-02 3.86494286e-02 4.40381765e-02
     2.65657846e-02 5.53353354e-02]
    [6.27124831e-02 4.98265726e-03 2.38822494e-02 4.15635481e-02
     1.46970265e-02 4.86237332e-02]
    [5.55920526e-02 0.00000000e+00 2.25637350e-02 4.58538160e-02
     1.74570142e-03 5.12941442e-02]
    [6.18835390e-02 5.06492890e-03 7.94952177e-03 4.00716960e-02
     0.00000000e+00 3.51077430e-02]
    [6.48961887e-02 3.12507479e-03 6.06288435e-03 3.86361927e-02
     0.00000000e+00 3.34332176e-02]
    [6.43845871e-02 4.83168336e-03 2.40746653e-03 3.62651721e-02
     0.00000000e+00 3.09166536e-02]
    [6.43845871e-02 4.83168336e-03 2.40746653e-03 3.62651721e-02
     0.00000000e+00 3.09166536e-02]]

   [[6.76018894e-02 1.77683681e-02 1.68188978e-02 6.59506544e-02
     3.36319543e-02 3.39432955e-02]
    [5.68585396e-02 1.46084446e-02 2.44317595e-02 7.73734301e-02
     2.75519248e-02 4.12769467e-02]
    [5.45847192e-02 1.44866947e-02 2.62560807e-02 7.46865943e-02
     2.45825369e-02 3.98108363e-02]
    [6.36256933e-02 1.83574688e-02 1.18022468e-02 9.58358347e-02
     3.93502116e-02 3.15190405e-02]
    [5.98295107e-02 7.65806437e-02 0.00000000e+00 2.55112946e-01
     2.08869278e-01 1.25701316e-02]
    [1.35618299e-01 2.20047683e-01 0.00000000e+00 5.75407922e-01
     5.30506015e-01 0.00000000e+00]
    [3.13659489e-01 4.18817043e-01 0.00000000e+00 1.05149996e+00
     9.62369263e-01 0.00000000e+00]
    [4.37605917e-01 4.96262401e-01 2.26718009e-01 1.73622274e+00
     1.41047621e+00 0.00000000e+00]
    [4.56735581e-01 5.09657383e-01 6.17853820e-01 2.38753819e+00
     1.75455689e+00 1.41825844e-02]
    [4.34908777e-01 5.50291061e-01 9.88366783e-01 2.78873610e+00
     1.96229887e+00 1.40431181e-01]
    [4.45992529e-01 5.53674161e-01 1.23769236e+00 2.93434024e+00
     1.93006456e+00 2.30242163e-01]
    [4.54820752e-01 3.95280302e-01 1.21731973e+00 2.89701295e+00
     1.65264547e+00 1.77162617e-01]
    [4.78597373e-01 1.31347105e-01 9.22641456e-01 2.64305806e+00
     1.11179936e+00 9.31181014e-04]
    [5.57764947e-01 0.00000000e+00 5.82985699e-01 2.11362171e+00
     4.74339962e-01 0.00000000e+00]
    [6.11148119e-01 0.00000000e+00 3.07883084e-01 1.49353170e+00
     5.42718954e-02 0.00000000e+00]
    [5.66636086e-01 0.00000000e+00 1.25550866e-01 9.18257654e-01
     0.00000000e+00 0.00000000e+00]
    [4.07252967e-01 0.00000000e+00 3.86165716e-02 5.04040658e-01
     2.44033877e-02 0.00000000e+00]
    [1.96440578e-01 0.00000000e+00 1.71685815e-02 2.24480003e-01
     3.23557667e-02 0.00000000e+00]
    [9.20046717e-02 0.00000000e+00 1.53896324e-02 9.13591385e-02
     8.45030881e-03 1.79066882e-02]
    [6.78805634e-02 1.81666370e-02 2.23077592e-02 5.60001247e-02
     1.91968959e-02 4.55719456e-02]
    [5.93426973e-02 1.57012921e-02 2.82690246e-02 5.52779771e-02
     2.82126032e-02 4.92170453e-02]
    [5.92193864e-02 6.72160648e-03 2.75222771e-02 5.26953191e-02
     2.11031269e-02 4.60852832e-02]
    [6.09093420e-02 1.10048093e-02 1.87374335e-02 4.83642071e-02
     8.92700534e-03 3.66119258e-02]
    [6.19311668e-02 0.00000000e+00 1.78576764e-02 5.22899330e-02
     0.00000000e+00 4.34154160e-02]
    [6.51232451e-02 4.00111312e-03 5.33040985e-03 4.13777865e-02
     0.00000000e+00 3.15612778e-02]
    [6.73812926e-02 3.99771240e-03 4.23551165e-03 3.94740887e-02
     0.00000000e+00 3.00637316e-02]
    [6.43845871e-02 4.83168336e-03 2.40746653e-03 3.62651721e-02
     0.00000000e+00 3.09166536e-02]
    [6.43845871e-02 4.83168336e-03 2.40746653e-03 3.62651721e-02
     0.00000000e+00 3.09166536e-02]]

   [[7.26517439e-02 1.46810114e-02 0.00000000e+00 5.91457486e-02
     1.95703804e-02 1.96269788e-02]
    [7.66069517e-02 6.73814211e-03 0.00000000e+00 6.66284561e-02
     1.08677819e-02 1.72074530e-02]
    [7.47740641e-02 3.29476316e-04 0.00000000e+00 7.10331574e-02
     7.10422080e-03 2.20268555e-02]
    [7.60155395e-02 3.24979122e-03 1.20303035e-03 7.36698508e-02
     1.01333586e-02 2.06936765e-02]
    [6.88912570e-02 1.51563305e-02 0.00000000e+00 9.17475671e-02
     3.78601812e-02 2.15285644e-02]
    [7.33063370e-02 5.32658510e-02 0.00000000e+00 1.94342405e-01
     1.43003270e-01 3.85297462e-04]
    [1.24252632e-01 1.71721116e-01 0.00000000e+00 4.64662582e-01
     4.24271405e-01 0.00000000e+00]
    [2.66100049e-01 2.83829302e-01 0.00000000e+00 8.61760557e-01
     7.28023827e-01 0.00000000e+00]
    [4.02672946e-01 2.71888554e-01 0.00000000e+00 1.33578014e+00
     9.00600672e-01 0.00000000e+00]
    [4.96094286e-01 2.17720121e-01 1.49539020e-02 1.76124072e+00
     9.97725427e-01 0.00000000e+00]
    [5.97544491e-01 1.82717294e-01 1.02027379e-01 2.03809285e+00
     1.01041102e+00 0.00000000e+00]
    [6.40824199e-01 7.36566633e-02 1.25794411e-01 2.01464438e+00
     7.85770714e-01 0.00000000e+00]
    [6.27203822e-01 0.00000000e+00 9.37073156e-02 1.68245625e+00
     3.94977421e-01 0.00000000e+00]
    [5.92128515e-01 0.00000000e+00 5.46007045e-02 1.19571960e+00
     1.00626513e-01 0.00000000e+00]
    [5.20231426e-01 0.00000000e+00 3.03298775e-02 7.58362234e-01
     1.58414443e-03 0.00000000e+00]
    [3.57841015e-01 0.00000000e+00 8.36409815e-03 4.24790174e-01
     2.15898659e-02 0.00000000e+00]
    [1.83399916e-01 0.00000000e+00 0.00000000e+00 2.01154441e-01
     3.52440737e-02 0.00000000e+00]
    [9.56243128e-02 0.00000000e+00 2.02617561e-03 8.99313688e-02
     1.16875079e-02 7.97827356e-03]
    [7.62202665e-02 0.00000000e+00 4.76291124e-03 5.60035966e-02
     0.00000000e+00 2.53572837e-02]
    [7.33454004e-02 1.64536349e-02 9.72474553e-03 5.27910627e-02
     2.10873075e-02 2.82502063e-02]
    [6.96234703e-02 9.79746692e-03 9.71790217e-03 6.27232045e-02
     2.04737578e-02 2.79961918e-02]
    [6.07952252e-02 6.49516471e-03 1.09368898e-02 6.21360913e-02
     7.81215448e-03 3.14814709e-02]
    [6.19979538e-02 8.28137528e-03 9.13922302e-03 5.55562526e-02
     5.74187515e-03 2.96243858e-02]
    [7.37395212e-02 2.19730590e-03 8.86542723e-03 4.78074476e-02
     0.00000000e+00 2.78163981e-02]
    [6.68219775e-02 3.71298403e-03 2.70874496e-03 4.03851792e-02
     0.00000000e+00 2.95915622e-02]
    [6.66845962e-02 4.57337406e-03 2.74314359e-03 3.85643281e-02
     0.00000000e+00 2.94153132e-02]
    [6.43845871e-02 4.83168336e-03 2.40746653e-03 3.62651721e-02
     0.00000000e+00 3.09166536e-02]
    [6.43845871e-02 4.83168336e-03 2.40746653e-03 3.62651721e-02
     0.00000000e+00 3.09166536e-02]]

   [[6.49910122e-02 7.15133222e-03 0.00000000e+00 4.39900160e-02
     5.09378826e-03 2.86749899e-02]
    [6.81457520e-02 6.08473085e-03 0.00000000e+00 4.61679883e-02
     3.63329984e-03 2.57049482e-02]
    [7.10159317e-02 2.76222732e-03 0.00000000e+00 4.60537449e-02
     5.48345270e-05 2.49722078e-02]
    [7.24069178e-02 8.93109478e-04 0.00000000e+00 4.61916029e-02
     0.00000000e+00 2.53994875e-02]
    [6.95314631e-02 2.47998908e-03 0.00000000e+00 4.77423668e-02
     3.34972516e-03 2.74864677e-02]
    [6.44047037e-02 9.01522487e-03 0.00000000e+00 6.49134293e-02
     2.16827877e-02 2.74991523e-02]
    [6.15395047e-02 4.23246846e-02 0.00000000e+00 1.57900691e-01
     1.15376584e-01 1.45646296e-02]
    [1.05421022e-01 9.49921310e-02 0.00000000e+00 3.23212236e-01
     2.51008183e-01 0.00000000e+00]
    [1.95419312e-01 1.03545271e-01 0.00000000e+00 5.20429850e-01
     3.26135874e-01 0.00000000e+00]
    [2.88744926e-01 5.63796349e-02 0.00000000e+00 7.15517104e-01
     3.42695117e-01 0.00000000e+00]
    [3.87819588e-01 4.30985214e-03 0.00000000e+00 8.69744360e-01
     3.41877609e-01 0.00000000e+00]
    [4.55985188e-01 0.00000000e+00 0.00000000e+00 8.58537972e-01
     2.38740265e-01 0.00000000e+00]
    [4.40032363e-01 0.00000000e+00 0.00000000e+00 6.91548347e-01
     8.75413939e-02 0.00000000e+00]
    [3.62886429e-01 0.00000000e+00 0.00000000e+00 4.88775402e-01
     2.81901080e-02 0.00000000e+00]
    [2.69327730e-01 0.00000000e+00 0.00000000e+00 3.07736665e-01
     3.46809700e-02 0.00000000e+00]
    [1.58160537e-01 0.00000000e+00 0.00000000e+00 1.54514924e-01
     2.66770683e-02 0.00000000e+00]
    [8.48272890e-02 0.00000000e+00 0.00000000e+00 7.00258017e-02
     8.26076791e-03 1.53207770e-02]
    [7.06350654e-02 1.89636229e-03 5.21470560e-04 4.78098691e-02
     4.50215302e-04 2.63745934e-02]
    [7.11653158e-02 2.57379841e-03 1.81938219e-03 4.33760285e-02
     0.00000000e+00 2.67170910e-02]
    [6.55022115e-02 9.30377655e-03 0.00000000e+00 5.21008447e-02
     1.45761780e-02 2.91181225e-02]
    [7.13751093e-02 9.06839035e-03 3.83750303e-04 5.17050475e-02
     9.08705406e-03 2.16656215e-02]
    [6.99662268e-02 2.38633715e-03 0.00000000e+00 5.17252162e-02
     0.00000000e+00 2.42089499e-02]
    [7.05766156e-02 0.00000000e+00 3.69687332e-04 4.90774401e-02
     0.00000000e+00 2.75771767e-02]
    [7.50791579e-02 2.48183799e-03 2.31055822e-03 4.80410829e-02
     2.52722530e-05 2.38577910e-02]
    [6.58643097e-02 4.01526596e-03 2.06755893e-03 3.81419696e-02
     0.00000000e+00 3.01329680e-02]
    [6.51579723e-02 4.66916617e-03 2.36136443e-03 3.73258479e-02
     0.00000000e+00 3.03812418e-02]
    [6.43845871e-02 4.83168336e-03 2.40746653e-03 3.62651721e-02
     0.00000000e+00 3.09166536e-02]
    [6.43845871e-02 4.83168336e-03 2.40746653e-03 3.62651721e-02
     0.00000000e+00 3.09166536e-02]]

   [[6.43845871e-02 4.83168336e-03 2.40746653e-03 3.62651721e-02
     0.00000000e+00 3.09166536e-02]
    [6.43845871e-02 4.83168336e-03 2.40746653e-03 3.62651721e-02
     0.00000000e+00 3.09166536e-02]
    [6.43845871e-02 4.83168336e-03 2.40746653e-03 3.62651721e-02
     0.00000000e+00 3.09166536e-02]
    [6.43845871e-02 4.83168336e-03 2.40746653e-03 3.62651721e-02
     0.00000000e+00 3.09166536e-02]
    [6.43845871e-02 4.83168336e-03 2.40746653e-03 3.62651721e-02
     0.00000000e+00 3.09166536e-02]
    [6.43845871e-02 4.83168336e-03 2.40746653e-03 3.62651721e-02
     0.00000000e+00 3.09166536e-02]
    [6.10496849e-02 7.60584744e-03 0.00000000e+00 5.18884957e-02
     1.29916864e-02 3.15431170e-02]
    [6.29195720e-02 1.73468031e-02 0.00000000e+00 8.53917524e-02
     4.07716110e-02 2.26808749e-02]
    [7.98979178e-02 2.35467572e-02 0.00000000e+00 1.22540899e-01
     5.71891256e-02 1.83971971e-03]
    [1.06714517e-01 1.07927937e-02 0.00000000e+00 1.55330628e-01
     5.80710173e-02 0.00000000e+00]
    [1.37007833e-01 0.00000000e+00 0.00000000e+00 1.85230434e-01
     5.42111434e-02 0.00000000e+00]
    [1.60878032e-01 0.00000000e+00 0.00000000e+00 1.84047073e-01
     3.38740088e-02 0.00000000e+00]
    [1.55368656e-01 0.00000000e+00 0.00000000e+00 1.54145628e-01
     8.30203015e-03 0.00000000e+00]
    [1.30287200e-01 0.00000000e+00 0.00000000e+00 1.20649502e-01
     7.23022595e-03 0.00000000e+00]
    [1.02245584e-01 0.00000000e+00 0.00000000e+00 8.84122923e-02
     1.33925583e-02 8.12705047e-03]
    [7.71307796e-02 3.32387793e-03 1.22986990e-03 5.38533255e-02
     6.24022353e-03 2.12518293e-02]
    [6.59206808e-02 3.96475196e-03 1.06381113e-03 3.80257703e-02
     0.00000000e+00 2.95159817e-02]
    [6.57972544e-02 3.52388271e-03 1.81985565e-03 3.78974155e-02
     0.00000000e+00 3.04201059e-02]
    [6.59313649e-02 4.50664898e-03 2.31526233e-03 3.83865200e-02
     0.00000000e+00 2.98458319e-02]
    [6.35508597e-02 5.52522438e-03 6.49244292e-04 4.01710048e-02
     2.30481382e-03 3.10732704e-02]
    [6.61026463e-02 6.22661086e-03 1.67836878e-03 3.87822390e-02
     3.44066881e-04 2.84661688e-02]
    [6.66887313e-02 3.53128626e-03 3.91983427e-04 3.89060676e-02
     0.00000000e+00 2.88156457e-02]
    [6.65035844e-02 2.86998251e-03 1.52605027e-03 3.87135372e-02
     0.00000000e+00 3.01718321e-02]
    [6.67047501e-02 4.34413180e-03 2.26916024e-03 3.94471958e-02
     2.85237329e-05 2.93104202e-02]
    [6.43845871e-02 4.83168336e-03 2.40746653e-03 3.62651721e-02
     0.00000000e+00 3.09166536e-02]
    [6.43845871e-02 4.83168336e-03 2.40746653e-03 3.62651721e-02
     0.00000000e+00 3.09166536e-02]
    [6.43845871e-02 4.83168336e-03 2.40746653e-03 3.62651721e-02
     0.00000000e+00 3.09166536e-02]
    [6.43845871e-02 4.83168336e-03 2.40746653e-03 3.62651721e-02
     0.00000000e+00 3.09166536e-02]]

   [[6.43845871e-02 4.83168336e-03 2.40746653e-03 3.62651721e-02
     0.00000000e+00 3.09166536e-02]
    [6.43845871e-02 4.83168336e-03 2.40746653e-03 3.62651721e-02
     0.00000000e+00 3.09166536e-02]
    [6.43845871e-02 4.83168336e-03 2.40746653e-03 3.62651721e-02
     0.00000000e+00 3.09166536e-02]
    [6.43845871e-02 4.83168336e-03 2.40746653e-03 3.62651721e-02
     0.00000000e+00 3.09166536e-02]
    [6.43845871e-02 4.83168336e-03 2.40746653e-03 3.62651721e-02
     0.00000000e+00 3.09166536e-02]
    [6.43845871e-02 4.83168336e-03 2.40746653e-03 3.62651721e-02
     0.00000000e+00 3.09166536e-02]
    [6.43845871e-02 4.83168336e-03 2.40746653e-03 3.62651721e-02
     0.00000000e+00 3.09166536e-02]
    [6.43845871e-02 4.83168336e-03 2.40746653e-03 3.62651721e-02
     0.00000000e+00 3.09166536e-02]
    [6.40963838e-02 5.74848941e-03 3.22317565e-03 3.68782915e-02
     6.73531089e-04 3.22414003e-02]
    [6.35824502e-02 5.82825299e-03 4.09039948e-03 3.76675539e-02
     7.74939661e-04 3.24926116e-02]
    [6.37174174e-02 4.46490385e-03 3.38374730e-03 3.83146666e-02
     9.85818566e-04 3.17644030e-02]
    [6.45903647e-02 5.77976415e-03 3.16839945e-03 3.71762402e-02
     0.00000000e+00 3.03178113e-02]
    [6.50961027e-02 3.75583116e-03 2.80012586e-03 3.78774218e-02
     0.00000000e+00 3.12952511e-02]
    [6.50909171e-02 4.17778315e-03 2.11366103e-03 3.70812938e-02
     0.00000000e+00 3.06683797e-02]
    [6.51579723e-02 4.66916617e-03 2.36136443e-03 3.73258479e-02
     0.00000000e+00 3.03812418e-02]
    [6.43845871e-02 4.83168336e-03 2.40746653e-03 3.62651721e-02
     0.00000000e+00 3.09166536e-02]
    [6.43845871e-02 4.83168336e-03 2.40746653e-03 3.62651721e-02
     0.00000000e+00 3.09166536e-02]
    [6.43845871e-02 4.83168336e-03 2.40746653e-03 3.62651721e-02
     0.00000000e+00 3.09166536e-02]
    [6.43845871e-02 4.83168336e-03 2.40746653e-03 3.62651721e-02
     0.00000000e+00 3.09166536e-02]
    [6.43845871e-02 4.83168336e-03 2.40746653e-03 3.62651721e-02
     0.00000000e+00 3.09166536e-02]
    [6.43845871e-02 4.83168336e-03 2.40746653e-03 3.62651721e-02
     0.00000000e+00 3.09166536e-02]
    [6.43845871e-02 4.83168336e-03 2.40746653e-03 3.62651721e-02
     0.00000000e+00 3.09166536e-02]
    [6.43845871e-02 4.83168336e-03 2.40746653e-03 3.62651721e-02
     0.00000000e+00 3.09166536e-02]
    [6.43845871e-02 4.83168336e-03 2.40746653e-03 3.62651721e-02
     0.00000000e+00 3.09166536e-02]
    [6.43845871e-02 4.83168336e-03 2.40746653e-03 3.62651721e-02
     0.00000000e+00 3.09166536e-02]
    [6.43845871e-02 4.83168336e-03 2.40746653e-03 3.62651721e-02
     0.00000000e+00 3.09166536e-02]
    [6.43845871e-02 4.83168336e-03 2.40746653e-03 3.62651721e-02
     0.00000000e+00 3.09166536e-02]
    [6.43845871e-02 4.83168336e-03 2.40746653e-03 3.62651721e-02
     0.00000000e+00 3.09166536e-02]]]]]
