[[[[[-3.14378917e-01 -4.86398131e-01 -6.43468082e-01 -7.54444599e-02
     -1.71120957e-01 -5.58607221e-01 -5.93204051e-04  2.20957696e-01
     -2.46441647e-01 -2.64433712e-01 -3.71507645e-01 -2.68764108e-01
      7.18855619e-01  2.75062881e-02 -2.23160177e-01 -3.45347077e-02]
    [-8.98737311e-01 -2.04384470e+00 -1.67917180e+00 -3.19285214e-01
     -3.72007072e-01 -1.39367497e+00  8.84662718e-02  1.22009230e+00
     -7.20488131e-01 -7.44961023e-01 -1.17112756e+00 -3.84507209e-01
      2.05198288e+00  1.57566994e-01 -4.92665321e-01 -9.69830006e-02]
    [-9.20946658e-01 -4.15834951e+00 -1.74872518e+00 -2.96369076e-01
     -3.94306988e-01 -1.61465693e+00  4.27871555e-01  3.77663827e+00
     -1.32634079e+00 -5.51466703e-01 -2.54172444e+00  1.33452579e-01
      2.50774479e+00  7.21093595e-01  3.20832506e-02 -3.79631341e-01]
    [-6.68043137e-01 -5.47747421e+00 -6.16579354e-01  4.07402784e-01
     -5.88372111e-01 -1.57739830e+00  5.30967474e-01  7.46053600e+00
     -1.25902045e+00  7.91767001e-01 -4.34140873e+00  8.77047539e-01
      1.81652117e+00  1.40595615e+00  1.88934517e+00 -3.23177986e-02]
    [-7.49535501e-01 -5.84268093e+00  4.66091000e-02  1.23462069e+00
     -7.31156230e-01 -1.96525371e+00 -1.02640122e-01  1.06122608e+01
      4.26426888e-01  1.91418350e+00 -6.13571501e+00  1.26018667e+00
      1.43189108e+00  1.77193642e+00  3.24669290e+00  9.92482960e-01]
    [-1.18871248e+00 -5.70379066e+00 -8.57867658e-01  1.98340178e+00
     -1.10801959e+00 -2.42353129e+00 -1.59315717e+00  1.21170120e+01
      2.72107458e+00  1.35637057e+00 -7.42351389e+00  1.00371277e+00
      2.03845811e+00  1.70300198e+00  2.50312543e+00  1.54669774e+00]
    [-1.58173382e+00 -5.95719576e+00 -2.08177066e+00  2.27786088e+00
     -1.48475635e+00 -2.31752753e+00 -2.81417060e+00  1.22097263e+01
      3.48496866e+00 -9.88828689e-02 -7.53120279e+00  1.42045927e+00
      2.59512925e+00  2.17752147e+00  1.11402321e+00  1.52786756e+00]
    [-1.66207731e+00 -6.00308943e+00 -1.90465915e+00  2.33148623e+00
     -1.85501885e+00 -1.53561854e+00 -3.26961374e+00  1.17682095e+01
      3.21647334e+00 -7.78948724e-01 -6.91974401e+00  2.22459579e+00
      2.35048771e+00  2.92404246e+00  9.05701518e-01  1.10602486e+00]
    [-9.45915997e-01 -4.51167059e+00 -2.30624974e-01  2.31546402e+00
     -1.97381592e+00 -4.56183910e-01 -3.08076811e+00  1.08323879e+01
      3.65582275e+00 -7.65012145e-01 -6.31184912e+00  2.84708261e+00
      1.29005527e+00  3.78987122e+00  1.88450158e+00  1.15414131e+00]
    [-5.82663417e-02 -2.28823113e+00  1.14426136e-01  2.21914744e+00
     -1.67189801e+00 -2.83884704e-01 -2.66508079e+00  9.12519360e+00
      4.76976252e+00 -1.12088943e+00 -5.70600843e+00  2.05392742e+00
      7.82537222e-01  3.69487667e+00  1.64496720e+00  1.70709383e+00]]

   [[-7.16266036e-01 -1.40362835e+00 -1.40822399e+00 -1.40832104e-02
     -1.87384129e-01 -1.01811540e+00 -7.21013993e-02  5.96444845e-01
     -6.59300804e-01 -4.84186232e-01 -4.89711523e-01 -3.39369953e-01
      1.32971179e+00 -6.70887977e-02 -4.87601399e-01 -1.08354189e-01]
    [-1.31402719e+00 -4.11642408e+00 -2.55787015e+00  1.83131054e-01
     -4.93850634e-02 -1.33360016e+00 -1.01357490e-01  2.33355093e+00
     -2.00531816e+00 -5.56856155e-01 -9.60275352e-01  1.28782198e-01
      2.19045186e+00  4.88335565e-02 -4.78530288e-01 -7.13130057e-01]
    [-1.38448501e+00 -5.69022512e+00 -1.40548694e+00  1.06873322e+00
     -8.69918689e-02 -1.35322049e-01 -3.49642783e-01  4.86861944e+00
     -3.05442142e+00  5.82609832e-01 -1.57539952e+00  1.17173111e+00
      1.32479310e+00  5.93302548e-01  1.80627382e+00 -1.32077825e+00]
    [-1.49968219e+00 -5.29666090e+00  9.45921004e-01  2.40787792e+00
     -2.81020492e-01  1.41279638e+00 -1.27245355e+00  6.82890701e+00
     -1.65172172e+00  1.96064436e+00 -1.91329980e+00  2.64172697e+00
     -6.82171155e-03  1.12601519e+00  5.17153740e+00 -1.02784836e+00]
    [-1.82534349e+00 -3.68218613e+00  1.23578870e+00  3.48568654e+00
     -4.67248291e-01  2.16905332e+00 -2.91454983e+00  7.30902004e+00
      2.27070284e+00  1.76130068e+00 -1.92215681e+00  3.35139489e+00
     -3.42143625e-01  1.05707240e+00  5.40535021e+00 -6.70477748e-01]
    [-2.30838394e+00 -2.49668741e+00 -6.07478380e-01  3.97962618e+00
     -9.53382492e-01  3.19678688e+00 -4.57757378e+00  6.13298464e+00
      4.68961239e+00 -2.06208825e-02 -8.95745397e-01  3.94330716e+00
      1.31652027e-01  7.50575900e-01  2.51661706e+00 -7.02446878e-01]
    [-3.01804304e+00 -2.21250153e+00 -1.82955456e+00  3.89443445e+00
     -1.43368137e+00  4.22370720e+00 -5.15104246e+00  4.21269655e+00
      4.02928495e+00 -1.10927188e+00  1.03682518e+00  4.99620771e+00
      1.28235016e-02  6.26544118e-01  2.44208530e-01 -1.71296096e+00]
    [-3.42720842e+00 -1.90401113e+00 -1.07618082e+00  3.76372814e+00
     -1.97225761e+00  5.43192720e+00 -5.14264727e+00  2.47169185e+00
      2.84906316e+00 -1.16194355e+00  2.74482918e+00  6.27419901e+00
     -7.87884653e-01  9.26325321e-01  3.72792661e-01 -2.73045135e+00]
    [-3.75391650e+00 -4.11916822e-01  1.05633950e+00  3.21990395e+00
     -2.65163565e+00  5.84010935e+00 -4.51483774e+00  1.36023355e+00
      3.90068936e+00 -1.12088430e+00  3.07205367e+00  7.11889029e+00
     -1.12032878e+00  1.97119820e+00  1.48831141e+00 -2.62420344e+00]
    [-3.05825949e+00  8.20436120e-01  1.21094048e+00  2.51453972e+00
     -2.86527658e+00  4.63204145e+00 -3.34691381e+00  1.07439291e+00
      5.71939087e+00 -2.19856572e+00  2.37153363e+00  6.47194529e+00
     -3.98043275e-01  2.72303820e+00  1.12293743e-01 -1.61863136e+00]]

   [[-6.95219815e-01 -2.45601749e+00 -2.22537065e+00  3.15733373e-01
     -1.41303521e-02 -1.13369119e+00 -2.42773131e-01  1.08187151e+00
     -1.40771616e+00 -5.17478108e-01 -3.19869280e-01 -1.43344492e-01
      1.62367785e+00 -3.63567710e-01 -7.20145762e-01 -5.51315546e-01]
    [-6.22148931e-01 -4.68898630e+00 -2.96634769e+00  8.98193479e-01
      5.41617215e-01 -1.97734803e-01 -5.58632314e-01  2.37799859e+00
     -3.68215394e+00  6.70177303e-03 -5.17384052e-01  5.21394849e-01
      1.48890412e+00 -4.92006212e-01  5.22046387e-01 -1.84024298e+00]
    [-6.17912769e-01 -4.08010197e+00 -5.53157926e-01  1.79190254e+00
      4.99390036e-01  2.57776928e+00 -1.07821119e+00  3.55039287e+00
     -3.84159446e+00  1.55137372e+00 -6.64449573e-01  1.60671926e+00
      4.31935526e-02 -2.05900013e-01  5.13418055e+00 -2.66684437e+00]
    [-5.78371227e-01 -1.37098038e+00  2.14718890e+00  2.33773065e+00
      4.39032942e-01  4.29317331e+00 -1.29502118e+00  3.62219453e+00
      6.41879439e-01  2.31543159e+00 -4.83016431e-01  2.81760812e+00
     -8.69820833e-01  1.04801834e-01  8.34314728e+00 -2.43101358e+00]
    [-1.99355662e-01  1.90532172e+00  2.21034193e+00  2.30736780e+00
      1.30608365e-01  4.95081568e+00 -8.98847640e-01  2.61247492e+00
      6.11761618e+00  1.77122343e+00 -1.31982103e-01  2.51226640e+00
     -1.12661231e+00 -4.58860993e-01  5.75051975e+00 -1.78888702e+00]
    [ 4.66619730e-01  3.46226645e+00  5.23375273e-01  1.37595224e+00
      5.41615412e-02  5.32213402e+00  1.78114653e-01  8.97916138e-01
      7.00591183e+00  1.33746278e+00  1.65923774e+00  1.62142682e+00
     -1.60528791e+00 -1.52598405e+00  1.02388549e+00 -1.83425248e+00]
    [ 6.94145262e-01  3.99580598e+00 -3.41481775e-01  3.73851895e-01
      3.42479438e-01  5.65146780e+00  1.32029390e+00 -1.67227232e+00
      4.46937561e+00  2.15851355e+00  4.13750362e+00  8.95213425e-01
     -2.68237329e+00 -3.09173346e+00 -1.10748577e+00 -2.90342522e+00]
    [-5.89025766e-02  4.37836075e+00  8.97658885e-01 -1.82206094e-01
      4.67303485e-01  6.18289900e+00  2.08679438e+00 -4.25361490e+00
      2.59793878e+00  3.37018871e+00  6.39634132e+00  1.04516792e+00
     -3.48313904e+00 -3.79122543e+00 -2.98266053e-01 -3.98912573e+00]
    [-1.94630611e+00  4.75171423e+00  3.09127688e+00 -3.99269581e-01
     -4.45509344e-01  5.32754230e+00  2.53387928e+00 -5.49022436e+00
      3.72822523e+00  3.76375604e+00  7.25907183e+00  2.48642874e+00
     -3.21149588e+00 -3.18007588e+00  3.17832232e-01 -4.07737541e+00]
    [-2.54199123e+00  3.55287838e+00  3.04282212e+00 -5.51503539e-01
     -1.43928230e+00  3.33514047e+00  3.03494811e+00 -4.61659336e+00
      4.69209719e+00  2.49549723e+00  6.87150192e+00  3.58789635e+00
     -2.09708071e+00 -1.79958117e+00 -2.03813481e+00 -3.39713383e+00]]

   [[ 1.21260822e-01 -2.76770687e+00 -2.44405627e+00  6.42883301e-01
      7.25623190e-01 -1.97243541e-01 -3.06964904e-01  1.35990691e+00
     -2.31516194e+00 -1.58333983e-02  1.00987032e-01  1.08686715e-01
      6.40393496e-01 -9.05550897e-01 -4.40099865e-01 -1.23028016e+00]
    [ 3.08724642e-01 -3.60309005e+00 -2.33245182e+00  1.14248431e+00
      1.46249604e+00  1.83533180e+00 -1.22332704e+00  2.06348443e+00
     -4.45285034e+00  1.31168091e+00  1.46112934e-01  1.03387237e+00
     -4.54678714e-01 -1.33555257e+00  2.38151693e+00 -2.78751254e+00]
    [-5.49494445e-01 -2.11924314e+00  7.68917263e-01  1.67917740e+00
      9.36109841e-01  4.07363081e+00 -2.10582399e+00  2.15314412e+00
     -2.18915987e+00  2.55079842e+00  1.94429293e-01  2.72471261e+00
     -1.22948658e+00 -9.02743697e-01  7.26281357e+00 -3.84828973e+00]
    [-9.69582736e-01  2.20919147e-01  3.25800180e+00  1.71530437e+00
     -1.10341877e-01  3.68460321e+00 -1.43305647e+00  2.08343768e+00
      4.25822306e+00  2.33582926e+00 -4.09814268e-01  4.33368826e+00
     -9.32477236e-01  5.64226031e-01  7.68063402e+00 -3.75664067e+00]
    [ 9.52851623e-02  1.31578839e+00  3.15878105e+00  6.31829083e-01
     -9.47183073e-01  2.58845663e+00  8.90742600e-01  3.03042173e+00
      8.28178310e+00  1.51345813e+00 -1.20938396e+00  3.53297710e+00
     -7.49127269e-01  1.83272958e+00  2.85831451e+00 -3.01256275e+00]
    [ 2.56605744e+00  1.72403681e+00  2.17055726e+00 -8.04863513e-01
     -5.34840345e-01  1.28657138e+00  3.90413570e+00  4.19265985e+00
      6.98067093e+00  1.97506630e+00 -1.21081960e+00  8.78828406e-01
     -2.35772824e+00  1.87896633e+00 -1.07764339e+00 -2.50326562e+00]
    [ 4.47203350e+00  2.37976885e+00  1.12071300e+00 -1.95867813e+00
      8.08216214e-01  1.53126493e-01  5.54379511e+00  3.59107399e+00
      3.98135900e+00  3.69837713e+00 -1.01292586e+00 -2.46364594e+00
     -3.55790877e+00 -6.64264783e-02 -1.80864048e+00 -1.78038192e+00]
    [ 4.18264723e+00  3.14363337e+00  1.33730626e+00 -2.61059856e+00
      1.84330153e+00 -5.96971691e-01  5.76818466e+00  9.19832587e-01
      2.95596600e+00  5.19537926e+00 -1.55217707e-01 -4.36152172e+00
     -3.62770557e+00 -2.43827391e+00 -9.38739955e-01 -1.90563214e+00]
    [ 2.28871441e+00  3.10590887e+00  2.83982134e+00 -2.28716993e+00
      1.45272291e+00 -1.38278270e+00  5.91798687e+00 -1.53002465e+00
      3.49479795e+00  5.96604538e+00  1.70688987e+00 -3.27631593e+00
     -3.07362795e+00 -3.25152612e+00 -8.67960393e-01 -2.40943742e+00]
    [ 6.94920897e-01  1.59733987e+00  3.27180314e+00 -1.96203434e+00
      4.40679073e-01 -2.07471395e+00  5.88538933e+00 -2.17732406e+00
      2.58510303e+00  5.53893709e+00  3.29792476e+00 -1.22579443e+00
     -2.68976998e+00 -2.49195814e+00 -2.65676069e+00 -2.46033740e+00]]

   [[ 1.88087404e+00 -1.70525742e+00 -1.51533926e+00  5.48576355e-01
      1.86037815e+00  1.30503440e+00  8.69153202e-01  1.28100109e+00
     -3.21742034e+00  2.81179070e-01 -3.20203274e-01 -1.08773911e+00
     -5.76417387e-01 -6.35909021e-01  1.33747482e+00 -1.02468705e+00]
    [ 2.47381639e+00 -1.61090598e-01 -9.26320672e-01  6.31362498e-01
      2.91412354e+00  3.86626434e+00 -1.29769579e-01  2.84864128e-01
     -3.67059779e+00  2.02020907e+00  7.55596042e-01 -1.34846437e+00
     -2.44500232e+00 -2.18686175e+00  4.83209991e+00 -2.07973361e+00]
    [ 5.77034056e-01  1.79565299e+00  1.28011560e+00  8.72093260e-01
      2.28771138e+00  4.90505171e+00 -1.25443840e+00 -1.97578907e+00
      3.56494486e-01  2.96513414e+00  2.59179997e+00 -1.42727792e-01
     -2.18284631e+00 -3.30306673e+00  7.18735647e+00 -3.38755345e+00]
    [-2.00674295e+00  1.29493153e+00  2.87488794e+00  7.33501732e-01
      3.73104125e-01  3.79640675e+00 -2.59971142e-01 -2.68571901e+00
      5.01229954e+00  2.79828429e+00  3.82059646e+00  2.87094259e+00
     -1.10653806e+00 -2.14147544e+00  4.52100611e+00 -4.26302242e+00]
    [-2.21407437e+00 -7.21544385e-01  3.51750731e+00 -4.16790724e-01
     -1.65369344e+00  2.78165007e+00  1.94792879e+00  1.48878962e-01
      5.66603756e+00  2.00381589e+00  3.87879801e+00  4.24357414e+00
     -1.14314342e+00  1.18448246e+00  1.57350495e-01 -4.49749374e+00]
    [-7.55828246e-02 -1.24048352e+00  4.04274893e+00 -9.54941750e-01
     -2.05608392e+00  1.39415681e+00  3.90733838e+00  4.01753950e+00
      3.85411882e+00  1.60783887e+00  1.76645052e+00  2.95029593e+00
     -2.03334641e+00  3.85356975e+00 -9.14803267e-01 -3.18997002e+00]
    [ 2.38214207e+00 -7.61470377e-01  2.13509417e+00 -1.30737507e+00
     -7.27718532e-01 -5.32353818e-01  4.11740446e+00  6.00217342e+00
      3.00263810e+00  1.23634887e+00 -1.49974775e+00 -6.02083802e-01
     -2.33652020e+00  4.27213621e+00 -8.58032763e-01 -1.39045191e+00]
    [ 3.46303797e+00 -9.23466086e-02 -2.41481587e-02 -1.56823313e+00
      5.78004479e-01 -1.91701543e+00  2.78046489e+00  5.37394714e+00
      3.14629173e+00  8.00635219e-01 -3.24212813e+00 -3.69304514e+00
     -1.41642988e+00  2.79918051e+00 -1.31357276e+00 -3.35064471e-01]
    [ 2.87347960e+00  1.90359518e-01  4.18223530e-01 -1.22099781e+00
      6.95314169e-01 -2.45278978e+00  2.28248191e+00  2.65457869e+00
      2.51437211e+00  1.67784166e+00 -1.86075807e+00 -3.65161037e+00
     -9.96004999e-01  1.07833278e+00 -1.51173699e+00 -5.71736634e-01]
    [ 1.87619567e+00 -4.92942482e-01  1.37773812e+00 -1.18174374e+00
      4.10058767e-01 -2.38935542e+00  2.55781317e+00  5.12145221e-01
      7.01475024e-01  2.52076054e+00  2.39028290e-01 -2.32875109e+00
     -1.15504801e+00  3.40106696e-01 -1.60999095e+00 -1.09747410e+00]]

   [[ 2.35139704e+00 -1.48776174e+00 -1.16966605e-01 -4.10412326e-02
      1.22858882e+00  1.32684755e+00  1.23896420e+00  3.49984837e+00
     -2.39375424e+00 -1.86049771e-02 -2.89092398e+00 -6.61803424e-01
     -4.72799689e-02  1.19780576e+00  3.68546939e+00 -8.93854260e-01]
    [ 4.36572695e+00  1.79521990e+00  3.05273719e-02 -3.74211460e-01
      2.80908418e+00  2.63255978e+00  1.65503371e+00  2.52651072e+00
     -6.66055620e-01  1.06179857e+00 -3.26302409e+00 -2.87756586e+00
     -1.70717049e+00  1.26892487e-02  6.39387798e+00 -8.08694720e-01]
    [ 3.92250252e+00  3.55389094e+00 -1.31016925e-01 -7.67488301e-01
      2.95749354e+00  1.83169067e+00  1.63477087e+00  8.87928158e-02
      3.17607141e+00  2.52811980e+00 -1.85546112e+00 -4.10571146e+00
     -1.23159897e+00 -3.03982472e+00  5.08503866e+00 -1.51394427e+00]
    [ 1.43081272e+00  1.45802295e+00  8.72312069e-01 -8.28056037e-01
      2.06555223e+00  7.88790107e-01  3.59426403e+00 -1.66642952e+00
      3.89141917e+00  5.11286736e+00  1.66733825e+00 -2.14908361e+00
     -1.15835428e+00 -4.68682480e+00  1.44892097e+00 -3.21860600e+00]
    [-9.50832009e-01 -5.30609488e-01  3.40008068e+00 -1.24007642e+00
     -2.21172631e-01  1.17519486e+00  5.10832739e+00 -4.55574244e-01
      1.81460512e+00  6.93287611e+00  4.45618868e+00  3.24875027e-01
     -2.63337994e+00 -3.65320396e+00  2.77345240e-01 -4.49762487e+00]
    [-1.94151998e+00 -7.32847989e-01  5.12485552e+00 -8.34301889e-01
     -1.52766979e+00  1.33461368e+00  4.91720724e+00  1.97858036e+00
      2.23916483e+00  5.95224380e+00  4.27165985e+00  2.26697063e+00
     -2.77198982e+00 -1.09153593e+00  1.35895216e+00 -3.35435224e+00]
    [-1.11629248e+00 -7.12344646e-02  2.50817513e+00 -2.99424231e-01
     -1.73996079e+00  2.89524168e-01  3.20996380e+00  3.80377316e+00
      4.06537199e+00  2.19741464e+00  1.57047939e+00  1.48497510e+00
     -1.42765796e+00  8.18135798e-01 -2.74490505e-01 -1.48420608e+00]
    [ 1.38758630e-01  1.55274242e-01 -1.19602811e+00 -1.83633953e-01
     -1.06026936e+00 -8.71538371e-02  8.33247960e-01  4.30156994e+00
      3.80310369e+00 -1.00369442e+00 -1.04735613e+00 -3.58597457e-01
     -1.58342898e-01  1.79979992e+00 -2.58492661e+00  4.29816991e-02]
    [ 5.62091470e-01  3.32602374e-02 -1.49987471e+00 -2.21389249e-01
     -7.82758832e-01  1.01793557e-06 -2.53574282e-01  2.76749778e+00
      1.70281947e+00 -1.04847741e+00 -1.20952129e+00 -9.10214961e-01
     -3.85735333e-02  1.34612346e+00 -2.27266288e+00  1.58093707e-03]
    [ 7.50634551e-01 -1.93307862e-01 -1.59619063e-01 -3.00165057e-01
     -3.47704440e-01  1.68307964e-03 -3.45241278e-04  7.85312474e-01
      2.15422168e-01 -8.82162526e-02 -1.46354243e-01 -5.32354534e-01
     -1.60630062e-01  7.75663555e-01 -8.24362755e-01 -2.81145573e-01]]

   [[-7.11987019e-01 -3.07996607e+00  1.23564458e+00  3.53460968e-01
     -7.16140091e-01  1.58665657e+00 -5.80740094e-01  4.37532187e+00
     -6.01554334e-01 -5.68827331e-01 -2.27641296e+00  2.19909263e+00
      1.24442148e+00  2.32556820e+00  4.73392963e+00 -9.94953632e-01]
    [ 1.93187344e+00 -9.40629005e-01  1.06759751e+00 -2.31724959e-02
      2.06005741e-02  1.05098605e+00  9.53561902e-01  6.02337360e+00
      2.81699133e+00 -1.46440375e+00 -5.16200399e+00  3.71013880e-01
      8.97933722e-01  4.06089401e+00  5.24810028e+00 -3.34860027e-01]
    [ 4.30651808e+00 -1.19331336e+00 -9.93459284e-01 -4.11994755e-01
      1.40651035e+00 -1.15118957e+00  1.91020691e+00  8.00583839e+00
      4.25589609e+00 -4.20747638e-01 -6.87378263e+00 -2.85276270e+00
      6.53472602e-01  2.80087638e+00  2.24503946e+00  1.48699611e-01]
    [ 4.88447809e+00 -2.69377899e+00 -7.31866956e-01 -6.32733822e-01
      2.18980861e+00 -1.95294201e+00  3.35932159e+00  7.39499378e+00
      1.90413845e+00  3.97144604e+00 -5.16017675e+00 -4.03537607e+00
     -8.10336232e-01  2.22204998e-02  8.55750918e-01 -1.21997774e+00]
    [ 2.81884170e+00 -2.04800034e+00  3.17990041e+00 -5.19765377e-01
      1.40555704e+00 -7.04489172e-01  3.86936235e+00  5.79485416e+00
      9.20422316e-01  7.92852259e+00 -1.88894451e+00 -2.98770452e+00
     -2.78640032e+00 -1.74712074e+00  3.16360641e+00 -2.40161109e+00]
    [-4.68983203e-02  2.84408368e-02  5.56018925e+00  7.05944747e-02
     -1.09481707e-01 -7.49658883e-01  3.29783487e+00  3.78394651e+00
      4.73135614e+00  7.48474026e+00  5.47613442e-01 -8.16769376e-02
     -2.58136344e+00 -1.58364844e+00  3.51016235e+00 -2.10412192e+00]
    [-9.10661757e-01  5.25978446e-01  2.43318987e+00  2.34420687e-01
     -1.33458054e+00 -9.90591109e-01  2.24166656e+00  2.43406773e+00
      6.69159174e+00  3.14198875e+00  1.19806170e+00  1.15973222e+00
     -8.51293743e-01 -7.10523605e-01 -1.46616709e+00 -9.91802454e-01]
    [-8.61111522e-01  1.26925677e-01 -1.09322667e+00 -3.48448336e-01
     -1.41470718e+00 -4.62290764e-01  1.35759580e+00  2.27042937e+00
      3.91444111e+00 -5.17709970e-01  9.91795421e-01  4.57190275e-01
     -1.54581130e-01  5.20880580e-01 -4.67098570e+00 -5.03995776e-01]
    [ 4.99949493e-02  4.95598838e-02 -1.37874174e+00 -5.67956686e-01
     -1.02077591e+00  3.24983418e-01  4.73332465e-01  1.61906862e+00
      8.66677821e-01 -1.02418089e+00  4.28546578e-01  1.70093238e-01
     -5.17772853e-01  8.78573596e-01 -3.29132056e+00 -3.13032508e-01]
    [ 1.75611585e-01 -8.41170177e-03 -3.09291303e-01 -2.47368231e-01
     -3.29711348e-01  2.10057527e-01  3.22632939e-01  5.34171999e-01
      5.76799270e-03 -1.74603119e-01  8.00594464e-02  3.82874981e-02
     -4.07232881e-01  4.12325501e-01 -9.16266978e-01 -2.19257116e-01]]

   [[-3.32951045e+00 -2.35109186e+00  1.27671731e+00  1.34514499e+00
     -9.40259039e-01  2.75698686e+00 -2.26744723e+00  5.96219838e-01
      9.18914020e-01  1.05351579e+00  2.24265003e+00  4.64535856e+00
      2.38901839e-01 -1.07085299e+00  4.27040625e+00 -3.20007515e+00]
    [-3.38190579e+00 -3.36523342e+00  1.49593198e+00  1.54524696e+00
     -2.24684525e+00  1.73960447e+00 -6.64550960e-01  3.95660043e+00
      3.62460399e+00 -6.44503295e-01  3.81593674e-01  5.85043192e+00
      1.15134931e+00  2.10087252e+00  2.75120759e+00 -2.41041374e+00]
    [-7.75464773e-01 -4.85958815e+00 -8.29349875e-01  1.50411272e+00
     -1.54497099e+00  6.07336044e-01 -3.25954646e-01  8.58561134e+00
      2.40519071e+00 -1.48514044e+00 -2.64212108e+00  4.22128725e+00
      4.30714995e-01  4.10564899e+00  5.34252644e-01 -2.02324104e+00]
    [ 1.80112505e+00 -4.33782339e+00 -9.61937308e-01  1.53017032e+00
     -2.94709116e-01  1.41204286e+00 -9.65409040e-01  1.00512295e+01
      4.40058380e-01  3.94426346e-01 -4.37428331e+00  1.43339276e+00
     -1.46516740e+00  3.89304352e+00  2.31911850e+00 -1.92806578e+00]
    [ 2.03062463e+00 -8.47650409e-01  1.97989762e+00  1.38822532e+00
      1.65399402e-01  2.13189316e+00 -1.88502359e+00  6.93058729e+00
      2.81545067e+00  2.15203190e+00 -3.01830530e+00  4.13839608e-01
     -2.45527840e+00  2.18789768e+00  5.64919806e+00 -2.08300543e+00]
    [ 2.55678684e-01  1.87462783e+00  3.67748904e+00  1.56466806e+00
     -7.94609129e-01  1.11602557e+00 -1.33878458e+00  2.61008573e+00
      8.18280792e+00  2.60347438e+00 -5.95960617e-01  1.52452433e+00
     -1.50185168e+00  1.05641925e+00  3.19466496e+00 -1.63479078e+00]
    [-4.79512215e-01  1.14732957e+00  1.34665740e+00  4.03216273e-01
     -1.77306271e+00  2.47619614e-01  3.29444200e-01  3.44329208e-01
      7.75277996e+00  7.93390334e-01  1.89803302e+00  1.89374578e+00
     -6.28005445e-01  8.70542228e-01 -3.64266443e+00 -1.62561500e+00]
    [-2.94698149e-01  1.79319516e-01 -7.27105141e-01 -8.41357052e-01
     -1.67704332e+00  2.09927961e-01  1.46299052e+00  2.27842599e-01
      2.40010715e+00 -5.85437238e-01  3.08366990e+00  1.04604006e+00
     -6.66460037e-01  7.74070501e-01 -5.54039669e+00 -1.54921842e+00]
    [ 7.44828656e-02 -4.67572846e-02 -6.21799767e-01 -8.48289013e-01
     -7.33822286e-01  3.77005637e-01  1.56030142e+00  3.55144829e-01
     -3.69203806e-01 -2.55175829e-01  1.96150601e+00  1.75562605e-01
     -1.00081336e+00  5.92277288e-01 -3.03427029e+00 -1.12055993e+00]
    [ 8.23353082e-02 -1.87874958e-02 -3.64126302e-02 -3.66127938e-01
     -9.54182744e-02 -5.06121106e-02  8.90900970e-01  2.88064450e-01
     -3.48409116e-01  1.50147170e-01  4.33939308e-01 -7.39543587e-02
     -5.15259624e-01  3.38680714e-01 -6.23914242e-01 -3.58781099e-01]]

   [[-1.29305756e+00  8.75279784e-01  2.01354265e+00  1.48636270e+00
      1.10188198e+00  3.13752699e+00 -8.87568712e-01 -3.32387185e+00
      1.11401463e+00  3.78476310e+00  4.64022446e+00  2.46414423e+00
     -2.34833694e+00 -3.36279845e+00  3.37929487e+00 -4.04108143e+00]
    [-3.62330890e+00 -1.10765171e+00  2.44329739e+00  1.99324656e+00
     -7.52815187e-01  3.10544825e+00 -2.80843228e-01 -2.53116393e+00
      2.21748352e+00  3.83761191e+00  6.86044264e+00  5.63570929e+00
     -1.91997576e+00 -2.95041513e+00  1.11256468e+00 -4.73228264e+00]
    [-3.36184335e+00 -2.07461810e+00  1.19170499e+00  2.01161742e+00
     -1.36874151e+00  4.29907417e+00 -2.69883126e-01 -5.49479842e-01
      2.93790437e-02  1.61434937e+00  7.09920788e+00  6.44484949e+00
     -2.42437887e+00 -4.24618632e-01  3.60613555e-01 -5.08438206e+00]
    [-1.56344438e+00  2.36390874e-01  9.17980909e-01  1.69410932e+00
     -9.61917102e-01  6.57395554e+00 -1.60884881e+00  2.89467990e-01
      3.60420227e-01 -4.63581771e-01  4.60213423e+00  5.33107233e+00
     -3.00864482e+00  1.59508967e+00  2.96567059e+00 -4.45609808e+00]
    [-4.74995255e-01  3.70662546e+00  2.23849654e+00  1.28707576e+00
     -9.84765768e-01  6.41644382e+00 -2.22506690e+00 -8.25897872e-01
      5.05948830e+00 -1.12010086e+00  2.86844182e+00  4.20150661e+00
     -2.63436508e+00  2.07564092e+00  4.15861368e+00 -3.68710947e+00]
    [-2.46995986e-01  3.90192533e+00  2.56650710e+00  8.98415685e-01
     -1.42906570e+00  3.61637783e+00 -7.90499389e-01 -2.13457799e+00
      8.66408730e+00 -2.93491155e-01  2.73401761e+00  3.76010919e+00
     -1.52084708e+00  1.26140201e+00 -5.99286318e-01 -2.82449698e+00]
    [-2.57979542e-01  1.59591436e+00  1.01528656e+00 -5.77794909e-01
     -1.66343153e+00  1.16291380e+00  1.86858535e+00 -1.56116915e+00
      5.15916967e+00  8.51962328e-01  3.63851738e+00  2.25197077e+00
     -1.71668839e+00  6.24647617e-01 -5.42069387e+00 -2.46554923e+00]
    [-3.84603918e-01 -1.05588548e-02  2.15672553e-01 -1.40253317e+00
     -1.27865160e+00  2.41824761e-01  2.94400692e+00 -6.35501266e-01
     -1.46727249e-01  1.14278150e+00  3.98431206e+00  5.91238081e-01
     -1.43359411e+00  2.53510237e-01 -4.66698360e+00 -2.02371025e+00]
    [-7.16357827e-02 -9.37631875e-02  2.35904247e-01 -1.02502370e+00
     -3.93672258e-01 -2.53891945e-01  2.29379082e+00 -1.83371902e-01
     -1.17469442e+00  7.97533453e-01  1.96261752e+00 -3.43272477e-01
     -1.08508778e+00  3.47184353e-02 -1.85865510e+00 -1.24187446e+00]
    [ 1.32785350e-01 -5.96204139e-02  5.43007925e-02 -3.32732439e-01
      7.83353224e-02 -3.18483323e-01  9.11234260e-01  1.33768186e-01
     -3.80203873e-01  2.45504692e-01  4.94076848e-01 -2.10490361e-01
     -3.83658230e-01  1.91885129e-01 -2.88601995e-01 -3.52729052e-01]]

   [[ 2.70306993e+00  3.08775425e+00  1.75496948e+00  8.68642554e-02
      2.93065453e+00  2.59951138e+00  1.40001750e+00 -3.82506227e+00
      3.05560082e-02  3.70646858e+00  2.56490612e+00 -1.42202508e+00
     -3.49690270e+00 -2.45596862e+00  3.51498270e+00 -3.57136774e+00]
    [ 9.47137952e-01  2.81201100e+00  3.20159531e+00  3.52901459e-01
      1.88079298e+00  3.10929656e+00  2.21185255e+00 -5.92930460e+00
      8.12641382e-01  5.71600246e+00  6.23357439e+00  3.68135482e-01
     -4.06059504e+00 -3.97107124e+00  2.02384138e+00 -4.88308334e+00]
    [ 1.03923567e-01  3.74561906e+00  3.10222864e+00 -5.55347323e-01
      1.07665825e+00  4.77440786e+00  2.98633575e+00 -7.30082226e+00
      1.58906788e-01  4.63088942e+00  9.04222012e+00  1.50827122e+00
     -4.06702471e+00 -4.28474998e+00  1.46984255e+00 -5.70928001e+00]
    [-2.37372786e-01  5.28743696e+00  3.01895380e+00 -1.26243019e+00
      5.82379937e-01  5.76507235e+00  3.51174760e+00 -7.24160576e+00
      2.02993703e+00  2.52415538e+00  8.74467659e+00  2.06940961e+00
     -3.71636176e+00 -2.69943309e+00  1.78186202e+00 -5.51661825e+00]
    [-2.87463456e-01  5.56125689e+00  3.36667728e+00 -1.50994313e+00
     -1.09558344e-01  4.17311382e+00  3.95431828e+00 -5.45084715e+00
      5.06160927e+00  1.88611734e+00  6.65023661e+00  2.38038802e+00
     -2.94594336e+00 -1.30247450e+00  2.93609083e-01 -4.32620764e+00]
    [-5.03288567e-01  2.92601109e+00  2.71799946e+00 -1.33961761e+00
     -8.64184678e-01  1.25465894e+00  4.74512577e+00 -3.04163194e+00
      4.69728851e+00  2.82096744e+00  4.69933558e+00  1.81110954e+00
     -2.62166357e+00 -5.44332862e-01 -3.63075447e+00 -3.20241833e+00]
    [-3.69580209e-01  3.40927690e-01  1.85301399e+00 -1.77701831e+00
     -1.10768664e+00 -6.89021647e-01  4.74802589e+00 -1.07658362e+00
      5.68218946e-01  3.18178129e+00  4.12038946e+00  2.09998205e-01
     -2.21114922e+00 -5.07554471e-01 -4.72048426e+00 -2.35565186e+00]
    [-2.28877187e-01 -4.59660143e-01  1.00248635e+00 -1.58743703e+00
     -5.65600514e-01 -1.01375270e+00  3.51421428e+00 -4.27187324e-01
     -1.65293515e+00  2.17218447e+00  2.92429161e+00 -8.72423291e-01
     -1.49644399e+00 -2.72228807e-01 -2.64463210e+00 -1.81859756e+00]
    [ 2.35626787e-01 -1.20808855e-01  3.11615676e-01 -8.36325169e-01
      6.54768720e-02 -6.66482329e-01  1.68923998e+00 -2.44807735e-01
     -1.02844250e+00  6.76025569e-01  1.25140011e+00 -6.55040026e-01
     -6.43086076e-01  2.35966034e-02 -6.79656863e-01 -8.78872037e-01]
    [ 2.56016314e-01 -2.42949463e-02 -4.37847823e-02 -1.50092661e-01
      1.75449118e-01 -2.27832526e-01  5.38602948e-01  6.86564296e-03
     -1.43765673e-01  9.39805210e-02  3.78115356e-01 -1.32862866e-01
     -1.69034407e-01  1.53978646e-01 -8.95800516e-02 -2.21369982e-01]]]]]
