0.0445622019469738
0.0445622019469738
0.0445622019469738
0.044952936470508575
0.043729085475206375
0.04218779504299164
0.0416877456009388
0.04224648326635361
0.04162672907114029
0.04003918915987015
0.04383181780576706
0.04434853792190552
0.043405257165431976
0.040999237447977066
0.0445622019469738
0.0445622019469738
0.0445622019469738
0.045198630541563034
0.04710093140602112
0.048135899007320404
0.04723740369081497
0.044604673981666565
0.04766909405589104
0.04567635804414749
0.04287531226873398
0.04011033847928047
0.04232509806752205
0.04611436277627945
0.0445622019469738
0.0445622019469738
0.0445622019469738
0.04556642472743988
0.05051679164171219
0.06519711762666702
0.046123236417770386
0.013655858114361763
0.0008956948295235634
0.0
0.0006957929581403732
0.0
0.0
0.014303655363619328
0.0445622019469738
0.0445622019469738
0.0445622019469738
0.04621221125125885
0.054345615208148956
0.020372888073325157
0.0
0.0
0.0
0.0
0.0
0.0
0.0
0.0026782387867569923
0.0445622019469738
0.0445622019469738
0.0445622019469738
0.04819607734680176
0.05970383062958717
0.014624541625380516
0.11530132591724396
0.3671046495437622
0.6424242854118347
0.7144537568092346
0.7479075193405151
0.7315789461135864
0.5086909532546997
0.14884066581726074
0.0445622019469738
0.0445622019469738
0.04462433606386185
0.059995781630277634
0.10882112383842468
0.24784493446350098
0.5545692443847656
0.6743905544281006
0.6677212715148926
0.6947588324546814
0.7606739401817322
0.7447333335876465
0.46056437492370605
0.13365916907787323
0.0445622019469738
0.04462433606386185
0.044538166373968124
0.05681867152452469
0.13083995878696442
0.377120703458786
0.5108118653297424
0.1822945475578308
0.0
0.014319052919745445
0.08959456533193588
0.09882647544145584
0.07901707291603088
0.04927441105246544
0.04404636472463608
0.052331168204545975
0.03510381281375885
0.05182603746652603
0.358501136302948
0.8883360624313354
1.0275660753250122
0.6834379434585571
0.15229105949401855
0.0
0.035488903522491455
0.04963405057787895
0.04663520306348801
0.04680847004055977
0.043416403234004974
0.04818826913833618
0.009892662987112999
0.0
0.11506134271621704
0.4180017113685608
0.5306609272956848
0.5529954433441162
0.4451119303703308
0.11433105915784836
0.04661022126674652
0.05830784887075424
0.057854391634464264
0.05350160598754883
0.05144432932138443
0.09517791122198105
0.14889949560165405
0.15144895017147064
0.0
0.009017572738230228
0.043394990265369415
0.14495998620986938
0.42802679538726807
0.3092198371887207
0.06803923845291138
0.048753999173641205
0.044997185468673706
0.04500799626111984
0.04606633633375168
0.12763185799121857
0.4262505769729614
0.649049699306488
0.25195714831352234
0.0
0.0
0.28330302238464355
0.6134275197982788
0.31938934326171875
0.06183476373553276
0.04667297378182411
0.04437899589538574
0.0445622019469738
0.04410730302333832
0.07491476833820343
0.31363362073898315
0.7084544897079468
0.8675841093063354
0.6396737098693848
0.6941955089569092
0.7739619016647339
0.475894033908844
0.11425582319498062
0.04675392061471939
0.043339863419532776
0.04523376747965813
0.0445622019469738
0.05456901714205742
0.06153428554534912
0.07946153730154037
0.2560284733772278
0.6025387048721313
0.8821399211883545
0.7608726024627686
0.39532744884490967
0.10862919688224792
0.055271659046411514
0.051137637346982956
0.05350321903824806
0.046935953199863434
0.0445622019469738
0.0445622019469738
0.0445622019469738
0.0445622019469738
0.0532262921333313
0.08378636091947556
0.11806681007146835
0.10329918563365936
0.06437032669782639
0.04558248072862625
0.045536041259765625
0.04589957743883133
0.04633592814207077
0.0445622019469738
0.0445622019469738
0.04158547520637512
0.04158547520637512
0.04158547520637512
0.04789726808667183
0.06492377817630768
0.06788293272256851
0.05583120137453079
0.07330074161291122
0.08127517998218536
0.05709591880440712
0.048941366374492645
0.05846196413040161
0.06869418174028397
0.07385909557342529
0.04158547520637512
0.04158547520637512
0.04158547520637512
0.050215110182762146
0.07092795521020889
0.08251260966062546
0.0790666788816452
0.09862841665744781
0.10077417641878128
0.07590428739786148
0.07430828362703323
0.08217887580394745
0.0816425085067749
0.0802946612238884
0.04158547520637512
0.04158547520637512
0.04158547520637512
0.049405667930841446
0.06990674883127213
0.17501510679721832
0.4747332036495209
0.7365465760231018
0.802013099193573
0.812848687171936
0.9856290817260742
0.9717564582824707
0.438154935836792
0.08452027291059494
0.04158547520637512
0.04158547520637512
0.04158547520637512
0.05539384111762047
0.3042064607143402
1.2917377948760986
2.7330968379974365
3.4150407314300537
3.4401228427886963
3.4871814250946045
3.830657720565796
3.32210636138916
1.3745861053466797
0.20635166764259338
0.04158547520637512
0.04158547520637512
0.04158547520637512
0.09708107262849808
0.9911329746246338
3.3106086254119873
4.556817054748535
3.7900984287261963
3.0458292961120605
3.025402784347534
3.3958239555358887
2.744187355041504
0.9188343286514282
0.0988752469420433
0.04158547520637512
0.04158547520637512
0.041797082871198654
0.2725367844104767
2.0065994262695312
4.533464431762695
4.111452579498291
1.8644859790802002
0.7570408582687378
0.7013524770736694
0.9092503190040588
0.6805614233016968
0.18366578221321106
0.048432640731334686
0.04158547520637512
0.041797082871198654
0.043199919164180756
0.5898759365081787
2.9261350631713867
4.7516279220581055
4.2933454513549805
2.815389394760132
1.1769764423370361
0.2630600035190582
0.1392536461353302
0.12278445065021515
0.07905109971761703
0.061271194368600845
0.05147445201873779
0.12681785225868225
0.29429858922958374
0.6365388035774231
1.8725446462631226
2.3654944896698
2.7313740253448486
3.6603856086730957
2.351865768432617
0.5612536668777466
0.11876194179058075
0.09935635328292847
0.08005792647600174
0.06225290149450302
0.07841906696557999
0.5232447385787964
1.7297048568725586
1.4637619256973267
0.6487804055213928
0.4006766676902771
1.2485089302062988
3.746946334838867
2.940617561340332
0.6216211915016174
0.09397836774587631
0.0685761496424675
0.051434263586997986
0.04976998269557953
0.07129828631877899
0.7810803651809692
3.1546645164489746
3.2356388568878174
1.4299863576889038
0.7716830968856812
2.12164306640625
3.9781973361968994
2.4918384552001953
0.38069891929626465
0.0657624751329422
0.053441282361745834
0.04193301871418953
0.04198107123374939
0.0750674307346344
0.4463900327682495
2.3493571281433105
3.8424062728881836
3.4960989952087402
3.432333469390869
3.997800588607788
3.2335572242736816
1.0895040035247803
0.07596007734537125
0.05522817745804787
0.05394148454070091
0.04404143989086151
0.04158547520637512
0.09068207442760468
0.12818117439746857
0.6960605382919312
2.1656458377838135
3.247777223587036
3.548677921295166
2.714651584625244
1.080489158630371
0.14035098254680634
0.04218313843011856
0.07492483407258987
0.06332254409790039
0.043916963040828705
0.04158547520637512
0.05769503489136696
0.0535154826939106
0.08019255846738815
0.42687997221946716
0.9690635800361633
1.0246131420135498
0.5237817764282227
0.08253191411495209
0.03780420124530792
0.050264373421669006
0.059914395213127136
0.0466892346739769
0.04138653725385666
0.04158547520637512
0.04158547520637512
0.04158547520637512
0.04158547520637512
0.05048341676592827
0.0794200450181961
0.0870470479130745
0.05553818121552467
0.03699112683534622
0.042278725653886795
0.04170958697795868
0.042772259563207626
0.04165026918053627
0.04158547520637512
0.04158547520637512
0.034071311354637146
0.034071311354637146
0.034071311354637146
0.03690021112561226
0.04907591640949249
0.0662471279501915
0.06060928851366043
0.056033648550510406
0.07934067398309708
0.0698990672826767
0.046329133212566376
0.047606974840164185
0.0565662607550621
0.07074220478534698
0.034071311354637146
0.034071311354637146
0.034071311354637146
0.03828074038028717
0.059734903275966644
0.07819095253944397
0.07800021767616272
0.09043627232313156
0.11099837720394135
0.09459876269102097
0.06578071415424347
0.07886432111263275
0.10351112484931946
0.0907546728849411
0.034071311354637146
0.034071311354637146
0.034071311354637146
0.038016244769096375
0.0505189448595047
0.06744687259197235
0.19487306475639343
0.6371701955795288
0.9259967803955078
0.9372507333755493
0.9891310930252075
1.2610386610031128
1.0911232233047485
0.310857892036438
0.034071311354637146
0.034071311354637146
0.034071311354637146
0.03553732484579086
0.06267914175987244
0.6154940128326416
2.343477964401245
3.883624315261841
4.131165504455566
4.018610954284668
4.2680768966674805
4.401610374450684
2.963510513305664
0.6975252628326416
0.034071311354637146
0.034071311354637146
0.034071311354637146
0.04326530918478966
0.4346909523010254
2.4581217765808105
5.418798446655273
5.792681694030762
4.577316761016846
4.18992280960083
4.495711803436279
4.370368480682373
2.530247449874878
0.5480373501777649
0.034071311354637146
0.034071311354637146
0.03399674966931343
0.06776635348796844
1.0880699157714844
4.2294793128967285
6.077410697937012
4.231942176818848
1.9357422590255737
1.2115765810012817
1.3996126651763916
1.3738620281219482
0.7350991368293762
0.17470860481262207
0.034071311354637146
0.03399674966931343
0.034555673599243164
0.27046024799346924
2.1060783863067627
5.23799991607666
5.86341667175293
4.308370113372803
2.535365343093872
0.8074668645858765
0.19395789504051208
0.17005698382854462
0.12562257051467896
0.07807865738868713
0.041096147149801254
0.03266942873597145
0.14818903803825378
0.695458173751831
1.85994291305542
3.2709364891052246
3.644526243209839
4.111119747161865
4.198347568511963
1.8688054084777832
0.21036887168884277
0.11736124753952026
0.09487766772508621
0.0729328840970993
0.06493890285491943
0.18468567728996277
1.0727508068084717
2.2043213844299316
1.4663481712341309
0.7299817204475403
0.9712598919868469
3.2594499588012695
4.944875717163086
2.3729248046875
0.21662849187850952
0.0876884013414383
0.06171108037233353
0.05084258317947388
0.06340991705656052
0.4653441905975342
2.2947354316711426
4.097484111785889
2.9693918228149414
1.0318901538848877
1.559338927268982
4.274528503417969
4.7490434646606445
1.7262942790985107
0.15181544423103333
0.060758814215660095
0.04060836136341095
0.034726761281490326
0.05704667046666145
0.3505736291408539
1.966598629951477
4.073046684265137
4.596328258514404
4.136103630065918
4.70228385925293
4.898118019104004
2.8849587440490723
0.6596668362617493
0.0765746682882309
0.06177886947989464
0.044543880969285965
0.034071311354637146
0.07422959804534912
0.12687674164772034
0.6374416351318359
2.2095417976379395
3.917379856109619
4.80607795715332
4.405618190765381
2.7057530879974365
0.8237585425376892
0.13303343951702118
0.06822346150875092
0.07426179945468903
0.04416520521044731
0.034071311354637146
0.05319582298398018
0.06037713959813118
0.07295146584510803
0.39963090419769287
1.1795381307601929
1.7056490182876587
1.3453755378723145
0.5307316184043884
0.10057923197746277
0.05290994048118591
0.0567665696144104
0.05664089322090149
0.036927271634340286
0.034071311354637146
0.034071311354637146
0.034071311354637146
0.034071311354637146
0.0402243509888649
0.07899125665426254
0.11860500276088715
0.09491472691297531
0.047933612018823624
0.03542879596352577
0.03456031531095505
0.036037661135196686
0.03551526367664337
0.034071311354637146
0.034071311354637146
0.03415152058005333
0.03415152058005333
0.03415152058005333
0.03593266382813454
0.036298610270023346
0.034292202442884445
0.03344954550266266
0.03819133713841438
0.030744243413209915
0.0311205442994833
0.03465586155653
0.034519344568252563
0.04033716768026352
0.032701876014471054
0.03415152058005333
0.03415152058005333
0.03415152058005333
0.035921066999435425
0.03284091502428055
0.03396594524383545
0.039420001208782196
0.03469260409474373
0.03319332376122475
0.03574155271053314
0.03984464704990387
0.03303247690200806
0.02604394406080246
0.025253739207983017
0.03415152058005333
0.03415152058005333
0.03415152058005333
0.03504687547683716
0.03863901272416115
0.0874190703034401
0.16529017686843872
0.10832376033067703
0.052157483994960785
0.061903007328510284
0.10679733753204346
0.019799653440713882
0.0
0.00851581059396267
0.03415152058005333
0.03415152058005333
0.03415152058005333
0.040559321641922
0.14090734720230103
0.3377806842327118
0.18793988227844238
0.025149885565042496
0.008437296375632286
0.03293405473232269
0.04328291863203049
0.0
0.0
0.008365764282643795
0.03415152058005333
0.03415152058005333
0.03415152058005333
0.0580437108874321
0.2744469940662384
0.23900902271270752
0.0
0.0
0.015367202460765839
0.06024421751499176
0.03965751454234123
0.0
0.14585037529468536
0.07914356142282486
0.03415152058005333
0.03415152058005333
0.034319691359996796
0.13007622957229614
0.34468236565589905
0.040467217564582825
0.0
0.0
0.0
0.0
0.0
0.0
0.06790898740291595
0.041465457528829575
0.03415152058005333
0.034319691359996796
0.03476553037762642
0.18275132775306702
0.16351386904716492
0.0
0.09496209025382996
0.10087380558252335
0.0
0.0
0.016216712072491646
0.01980787143111229
0.03138159215450287
0.029879815876483917
0.03548552468419075
0.07837684452533722
0.09509815275669098
0.029918745160102844
0.0
0.0
0.12837734818458557
0.28993818163871765
0.007716617081314325
0.0
0.02432936802506447
0.032592423260211945
0.035281192511320114
0.03301195427775383
0.03632613644003868
0.20295865833759308
0.2269076257944107
0.0
0.0
0.007940053008496761
0.1805894672870636
0.060603488236665726
0.0
0.009160486049950123
0.028552506119012833
0.029765088111162186
0.032115429639816284
0.03238646686077118
0.03312940523028374
0.16491584479808807
0.16468235850334167
0.10517846792936325
0.015221795067191124
0.07740726321935654
0.2732431888580322
0.0
0.0
0.10080188512802124
0.03694549947977066
0.03481714800000191
0.03406980633735657
0.03386543318629265
0.03697308152914047
0.03121189773082733
0.0
0.15850821137428284
0.2891342341899872
0.09388300776481628
0.00567158218473196
0.0
0.08841924369335175
0.09724115580320358
0.03815104067325592
0.03143274039030075
0.03293285146355629
0.03415152058005333
0.032287340611219406
0.0264400877058506
0.002504509873688221
0.0
0.08529607951641083
0.03800642117857933
0.0
0.06396494805812836
0.0911647155880928
0.042345404624938965
0.0313260518014431
0.030858609825372696
0.03500915691256523
0.03415152058005333
0.027866823598742485
0.032938916236162186
0.02627239003777504
0.003936321474611759
0.0
0.0
0.023876260966062546
0.06425531953573227
0.03426661342382431
0.0355619452893734
0.029620930552482605
0.036650825291872025
0.03458617627620697
0.03415152058005333
0.03415152058005333
0.03415152058005333
0.03415152058005333
0.03154873475432396
0.018757252022624016
0.016739943996071815
0.026190973818302155
0.03361441195011139
0.03395545482635498
0.034097883850336075
0.033293258398771286
0.03415815532207489
0.03415152058005333
0.03415152058005333
0.11350224912166595
0.11350224912166595
0.11350224912166595
0.11671203374862671
0.1263771504163742
0.12439259886741638
0.11766183376312256
0.12547777593135834
0.13438591361045837
0.11839285492897034
0.11805592477321625
0.12556391954421997
0.12415089458227158
0.1268775314092636
0.11350224912166595
0.11350224912166595
0.11350224912166595
0.11995433270931244
0.13730649650096893
0.14268477261066437
0.13258755207061768
0.14965631067752838
0.1470733880996704
0.1243298202753067
0.11697264015674591
0.12422150373458862
0.13596980273723602
0.1418202817440033
0.11350224912166595
0.11350224912166595
0.11350224912166595
0.12049873173236847
0.13272346556186676
0.1374686360359192
0.17804792523384094
0.1978965401649475
0.16380006074905396
0.1448356658220291
0.17142003774642944
0.2552170753479004
0.08774564415216446
0.06915829330682755
0.11350224912166595
0.11350224912166595
0.11350224912166595
0.1166752427816391
0.13303540647029877
0.45041370391845703
1.1057486534118652
1.5054056644439697
1.5765655040740967
1.640657901763916
1.904982566833496
1.714444637298584
0.7048190832138062
0.10759985446929932
0.11350224912166595
0.11350224912166595
0.11350224912166595
0.12660709023475647
0.5383333563804626
2.022402763366699
3.3810813426971436
3.405172348022461
3.271101951599121
3.3196158409118652
3.6073005199432373
2.9869346618652344
1.1512712240219116
0.2345069944858551
0.11350224912166595
0.11350224912166595
0.11340860277414322
0.16692671179771423
1.2678256034851074
3.3655948638916016
3.43245792388916
2.045560598373413
1.3503375053405762
1.4495874643325806
1.7577357292175293
1.3672010898590088
0.5854955315589905
0.19481776654720306
0.11350224912166595
0.11340860277414322
0.11417144536972046
0.4164406359195709
2.226865530014038
3.9417223930358887
3.1620380878448486
1.6876291036605835
0.49153971672058105
0.1065380722284317
0.23876246809959412
0.2210668921470642
0.16463619470596313
0.13031315803527832
0.11531564593315125
0.09981780499219894
0.16998714208602905
0.6133297085762024
2.254829168319702
3.134248733520508
3.262209415435791
2.9346113204956055
1.5462887287139893
0.22715288400650024
0.15070754289627075
0.16175337135791779
0.14280925691127777
0.12965542078018188
0.13310781121253967
0.25242072343826294
0.7267776131629944
0.774782121181488
0.6360219717025757
0.8032065629959106
1.4081867933273315
3.201680898666382
2.3539681434631348
0.5087176561355591
0.14833280444145203
0.1498229205608368
0.13591960072517395
0.12959298491477966
0.14674486219882965
0.701531171798706
2.1980597972869873
1.9137592315673828
0.5309489965438843
0.09541093558073044
1.1278873682022095
3.1116809844970703
2.209609031677246
0.5598254203796387
0.1486678272485733
0.12514910101890564
0.11382770538330078
0.11443129181861877
0.1317639946937561
0.6372439861297607
2.607125759124756
3.106339454650879
2.0845885276794434
1.575911521911621
2.6618404388427734
2.9690983295440674
1.4329954385757446
0.35891449451446533
0.13951422274112701
0.12092963606119156
0.11468523740768433
0.11350224912166595
0.14940258860588074
0.25028902292251587
1.2002233266830444
2.7892353534698486
3.454185724258423
3.553595542907715
3.106682062149048
1.6715822219848633
0.5512666702270508
0.17387956380844116
0.13496974110603333
0.12914636731147766
0.11618494242429733
0.11350224912166595
0.14445090293884277
0.14046353101730347
0.2102474421262741
0.8438976407051086
1.716842532157898
1.9571559429168701
1.2115528583526611
0.4535265564918518
0.17001168429851532
0.13219189643859863
0.13914081454277039
0.1263689547777176
0.11525904387235641
0.11350224912166595
0.11350224912166595
0.11350224912166595
0.11350224912166595
0.138630673289299
0.20499037206172943
0.2354830950498581
0.17662888765335083
0.12794160842895508
0.11490613222122192
0.11517634987831116
0.11628937721252441
0.11485205590724945
0.11350224912166595
0.11350224912166595
8.272726518043783e-06
8.272726518043783e-06
8.272726518043783e-06
0.0
0.0
0.0
0.00023716158466413617
0.0
0.0
0.0
0.0003886516497004777
0.0
0.0
0.0
8.272726518043783e-06
8.272726518043783e-06
8.272726518043783e-06
0.0
0.0
0.0
0.0
0.0
0.0
0.0
0.0
0.0
0.002370265079662204
0.0009442039881832898
8.272726518043783e-06
8.272726518043783e-06
8.272726518043783e-06
0.00012207866529934108
0.0
0.0
0.0
0.0
0.0
0.0
0.0
0.0
0.018223749473690987
0.01534993015229702
8.272726518043783e-06
8.272726518043783e-06
8.272726518043783e-06
0.0001856758608482778
0.0
0.0
0.0
0.0
0.0
0.0
0.0
0.0
0.0
0.0
8.272726518043783e-06
8.272726518043783e-06
8.272726518043783e-06
0.0
0.0
0.0
0.0
0.0
0.0
0.0
0.0
0.0
0.0
0.0
8.272726518043783e-06
8.272726518043783e-06
6.2045446611591615e-06
0.0
0.0
0.0
0.0
0.0
0.0
0.0006249665166251361
0.004700286779552698
0.0
0.0
0.0
8.272726518043783e-06
6.2045446611591615e-06
2.0681816295109456e-06
0.0
0.0
0.0
0.0
0.0
0.0
0.010651216842234135
0.0021843397989869118
0.0
0.0
0.0
0.0
0.0
0.0
0.018521616235375404
0.021166224032640457
0.0
0.0
0.0
0.0
0.0
0.0
0.00014847831334918737
0.0
0.00017499251407571137
0.0
0.0
0.0
0.02397008053958416
0.03439925238490105
0.0
0.0
0.0
0.0
0.0
0.0
0.000353414099663496
0.0007243159343488514
0.0
0.00020294688874855638
0.0
0.0
0.0
0.0
0.0
0.0
0.0
0.0
0.0
0.0
5.5531247198814526e-05
0.0004157790099270642
4.136363259021891e-06
0.0
0.027044590562582016
0.0011449733283370733
0.0
0.0
0.0
0.0
0.0
0.0
0.0
0.00025096460012719035
2.312689866812434e-05
0.0004698102129623294
8.272726518043783e-06
0.0
0.025722797960042953
0.07935692369937897
0.006248340476304293
0.0
0.0
0.0
0.0
0.0
0.0
0.0
0.001807813998311758
0.000346118351444602
8.272726518043783e-06
0.001640706555917859
0.0
0.021408697590231895
0.07702715694904327
0.021289128810167313
0.0
0.0
0.0
0.0
0.0012005956377834082
0.0
0.0007901089848019183
0.0
8.272726518043783e-06
8.272726518043783e-06
8.272726518043783e-06
8.272726518043783e-06
0.007544518448412418
0.010273480787873268
0.0001781108439899981
0.0
2.0681816295109456e-06
4.136363259021891e-06
0.0005570275243371725
4.136363259021891e-06
4.136363259021891e-06
8.272726518043783e-06
8.272726518043783e-06
