[[[[[6.43845871e-02 4.83168336e-03 2.40746653e-03 3.62651721e-02
     0.00000000e+00 3.09166536e-02]
    [6.43845871e-02 4.83168336e-03 2.40746653e-03 3.62651721e-02
     0.00000000e+00 3.09166536e-02]
    [6.43845871e-02 4.83168336e-03 2.40746653e-03 3.62651721e-02
     0.00000000e+00 3.09166536e-02]
    [6.66745529e-02 1.40220020e-02 1.06455162e-02 3.85506824e-02
     1.22041497e-02 3.93041633e-02]
    [6.68908805e-02 1.37471873e-02 3.15222926e-02 4.82427515e-02
     2.94675380e-02 5.21681011e-02]
    [5.95675185e-02 1.37195531e-02 3.88558432e-02 4.90965359e-02
     3.46152596e-02 5.85190058e-02]
    [6.31825775e-02 6.86620735e-03 2.72427890e-02 3.96089219e-02
     1.16601028e-02 5.02703264e-02]
    [6.12587743e-02 2.23513488e-02 4.24306095e-02 5.02529368e-02
     4.51714434e-02 6.72283843e-02]
    [5.97104877e-02 1.34303793e-02 4.82313856e-02 4.73353229e-02
     4.18105535e-02 6.39555156e-02]
    [5.98668382e-02 1.47129060e-03 3.51133607e-02 4.40768972e-02
     1.29015353e-02 5.28250337e-02]
    [6.82904869e-02 1.11626117e-02 1.02446768e-02 3.99975553e-02
     8.99484754e-03 3.97340506e-02]
    [6.75299838e-02 1.00536142e-02 1.64185297e-02 4.75007556e-02
     1.58285759e-02 4.19663638e-02]
    [6.69773370e-02 2.85023022e-02 4.15152907e-02 5.64300157e-02
     3.50395776e-02 7.01829493e-02]
    [5.93462996e-02 1.51692834e-02 5.46619445e-02 4.70209122e-02
     4.89099585e-02 6.53557479e-02]]

   [[6.43845871e-02 4.83168336e-03 2.40746653e-03 3.62651721e-02
     0.00000000e+00 3.09166536e-02]
    [6.43845871e-02 4.83168336e-03 2.40746653e-03 3.62651721e-02
     0.00000000e+00 3.09166536e-02]
    [6.43845871e-02 4.83168336e-03 2.40746653e-03 3.62651721e-02
     0.00000000e+00 3.09166536e-02]
    [6.52941167e-02 1.14764180e-02 1.14269517e-02 4.51527759e-02
     1.28257573e-02 4.16493937e-02]
    [6.37341961e-02 1.46388300e-02 2.69243550e-02 5.27404621e-02
     2.83489358e-02 4.74190637e-02]
    [6.83125332e-02 1.71714295e-02 3.71940657e-02 6.27882406e-02
     2.85970699e-02 6.03573695e-02]
    [7.22728521e-02 2.75770295e-02 5.55221140e-02 5.06042019e-02
     5.77906072e-02 8.30463618e-02]
    [6.36670589e-02 2.42982190e-02 7.80427232e-02 5.83856106e-02
     1.04957506e-01 9.40921754e-02]
    [6.22005947e-02 1.51172820e-02 8.91436487e-02 6.76766932e-02
     1.06840178e-01 9.34246257e-02]
    [6.83645457e-02 1.55436564e-02 8.58362392e-02 4.74169180e-02
     9.06460732e-02 9.70491692e-02]
    [6.54725209e-02 3.12998556e-02 1.05035208e-01 4.44355682e-02
     1.30119324e-01 1.31317660e-01]
    [6.75355718e-02 1.70018487e-02 1.23468228e-01 4.28701788e-02
     1.50787055e-01 1.31426051e-01]
    [6.87804148e-02 2.55177859e-02 9.31968987e-02 6.03904426e-02
     1.00180268e-01 7.89664090e-02]
    [6.81624711e-02 1.17654670e-02 4.09466214e-02 7.09646344e-02
     4.53737564e-02 5.29125780e-02]]

   [[6.43845871e-02 4.83168336e-03 2.40746653e-03 3.62651721e-02
     0.00000000e+00 3.09166536e-02]
    [6.43845871e-02 4.83168336e-03 2.40746653e-03 3.62651721e-02
     0.00000000e+00 3.09166536e-02]
    [6.43845871e-02 4.83168336e-03 2.40746653e-03 3.62651721e-02
     0.00000000e+00 3.09166536e-02]
    [6.74895793e-02 1.41988993e-02 7.24372827e-03 4.44115289e-02
     1.30972546e-02 3.91879641e-02]
    [8.31376314e-02 3.88390124e-02 3.88365500e-02 5.48886620e-02
     6.91387653e-02 8.60987902e-02]
    [1.60863221e-01 2.48756215e-01 3.39946210e-01 5.61084561e-02
     5.38160980e-01 4.97269034e-01]
    [1.15358979e-01 3.46764416e-01 1.24129570e+00 3.49547900e-02
     1.51081717e+00 1.16736066e+00]
    [4.88146171e-02 2.99490690e-01 1.88494802e+00 0.00000000e+00
     2.05840850e+00 1.59657621e+00]
    [2.13676021e-02 2.46862784e-01 2.02349234e+00 0.00000000e+00
     2.10570359e+00 1.74314308e+00]
    [3.54833454e-02 2.58487493e-01 2.07516479e+00 0.00000000e+00
     2.12371254e+00 1.80066824e+00]
    [5.81197813e-02 3.77166122e-01 2.42561674e+00 0.00000000e+00
     2.39167452e+00 2.08444142e+00]
    [0.00000000e+00 2.57491469e-01 2.46478486e+00 0.00000000e+00
     2.32591963e+00 2.01605535e+00]
    [2.12807581e-03 0.00000000e+00 1.44796216e+00 0.00000000e+00
     1.10290754e+00 1.10875213e+00]
    [7.06133544e-02 0.00000000e+00 3.77560586e-01 3.61678302e-02
     1.96906671e-01 3.68380725e-01]]

   [[6.43845871e-02 4.83168336e-03 2.40746653e-03 3.62651721e-02
     0.00000000e+00 3.09166536e-02]
    [6.43845871e-02 4.83168336e-03 2.40746653e-03 3.62651721e-02
     0.00000000e+00 3.09166536e-02]
    [6.43845871e-02 4.83168336e-03 2.40746653e-03 3.62651721e-02
     0.00000000e+00 3.09166536e-02]
    [7.37948865e-02 3.70335244e-02 2.92317029e-02 4.24488485e-02
     4.32490818e-02 7.49513656e-02]
    [1.43625215e-01 4.08221543e-01 6.36612058e-01 1.29035860e-01
     7.00353146e-01 7.77290821e-01]
    [1.29883707e-01 8.77809167e-01 2.48356962e+00 2.31761068e-01
     2.56007004e+00 2.29336524e+00]
    [0.00000000e+00 9.39055443e-01 3.96760225e+00 6.17755532e-01
     3.65393901e+00 3.27310085e+00]
    [0.00000000e+00 6.98685467e-01 4.15100813e+00 1.11458874e+00
     3.45700264e+00 3.36138511e+00]
    [0.00000000e+00 6.91577435e-01 3.88873291e+00 1.39317644e+00
     2.82987523e+00 3.20082569e+00]
    [0.00000000e+00 8.24325860e-01 3.75282979e+00 1.46123672e+00
     2.84912300e+00 3.21431780e+00]
    [0.00000000e+00 9.24368560e-01 4.06109953e+00 1.60500395e+00
     3.21229577e+00 3.42622304e+00]
    [0.00000000e+00 5.75889766e-01 3.87009501e+00 1.59047604e+00
     3.01809049e+00 3.18061733e+00]
    [0.00000000e+00 0.00000000e+00 2.15476561e+00 7.97114730e-01
     1.13267565e+00 1.72077191e+00]
    [4.18264382e-02 0.00000000e+00 5.23473084e-01 2.63235301e-01
     8.18760619e-02 5.53914785e-01]]

   [[6.43845871e-02 4.83168336e-03 2.40746653e-03 3.62651721e-02
     0.00000000e+00 3.09166536e-02]
    [6.43845871e-02 4.83168336e-03 2.40746653e-03 3.62651721e-02
     0.00000000e+00 3.09166536e-02]
    [6.43845871e-02 4.83168336e-03 2.40746653e-03 3.62651721e-02
     0.00000000e+00 3.09166536e-02]
    [8.87532160e-02 1.18247963e-01 9.61777791e-02 6.92136139e-02
     1.53727144e-01 1.82939500e-01]
    [1.18389845e-01 9.00013566e-01 1.39946532e+00 4.97115493e-01
     1.84186459e+00 1.40263462e+00]
    [0.00000000e+00 1.22333622e+00 3.48864818e+00 1.57872903e+00
     4.12697697e+00 2.65447927e+00]
    [0.00000000e+00 9.81043100e-01 3.96880984e+00 2.37253571e+00
     3.98136568e+00 2.84493041e+00]
    [3.60787600e-01 6.43687785e-01 3.61238790e+00 2.74777913e+00
     2.97527194e+00 2.47846103e+00]
    [6.45668507e-01 6.68030858e-01 2.62894082e+00 2.70496726e+00
     2.08578229e+00 1.58333457e+00]
    [6.50196910e-01 8.30047369e-01 2.45523453e+00 2.68151546e+00
     2.21847939e+00 1.39130616e+00]
    [5.97696304e-01 9.15920556e-01 2.74521685e+00 2.86144781e+00
     2.58523560e+00 1.56757724e+00]
    [5.60048461e-01 5.74245870e-01 2.55946469e+00 2.66708827e+00
     2.12415910e+00 1.34196973e+00]
    [4.92718905e-01 0.00000000e+00 1.38739157e+00 1.52884209e+00
     3.22060853e-01 6.94569886e-01]
    [2.99171716e-01 0.00000000e+00 3.76259059e-01 4.02536094e-01
     0.00000000e+00 1.65734082e-01]]

   [[6.43845871e-02 4.83168336e-03 2.40746653e-03 3.62651721e-02
     0.00000000e+00 3.09166536e-02]
    [6.43845871e-02 4.83168336e-03 2.40746653e-03 3.62651721e-02
     0.00000000e+00 3.09166536e-02]
    [6.51622117e-02 6.01311866e-03 2.82042962e-03 3.62651721e-02
     3.43384221e-04 3.24226022e-02]
    [1.35732681e-01 4.27828103e-01 4.50508863e-01 1.62795037e-01
     6.21490479e-01 6.48510635e-01]
    [1.15695126e-01 1.23553908e+00 2.52892590e+00 9.72767234e-01
     3.30114722e+00 2.20418000e+00]
    [0.00000000e+00 1.33505726e+00 4.02414227e+00 1.98092294e+00
     4.48888445e+00 2.92385483e+00]
    [1.20407455e-02 5.55690467e-01 3.91497016e+00 2.15936232e+00
     3.76194453e+00 2.76396632e+00]
    [4.69657570e-01 0.00000000e+00 2.44980979e+00 2.05826426e+00
     1.78198838e+00 1.54839039e+00]
    [6.55921876e-01 6.61179610e-03 7.57912040e-01 1.53966546e+00
     7.72881925e-01 4.44202811e-01]
    [6.30937934e-01 1.06219269e-01 7.74483457e-02 1.54479384e+00
     7.77102172e-01 1.27580334e-02]
    [6.41236663e-01 1.60896197e-01 3.28250490e-02 1.82241619e+00
     9.05258000e-01 0.00000000e+00]
    [5.98155797e-01 6.67662360e-04 8.81839171e-02 1.71163452e+00
     6.16800189e-01 0.00000000e+00]
    [5.30272603e-01 0.00000000e+00 8.90874714e-02 9.20009673e-01
     5.24536222e-02 0.00000000e+00]
    [2.21081942e-01 8.46549403e-04 5.24569191e-02 2.70770758e-01
     4.18178104e-02 3.28114405e-02]]

   [[6.43845871e-02 4.83168336e-03 2.40746653e-03 3.62651721e-02
     0.00000000e+00 3.09166536e-02]
    [6.51622117e-02 6.01311866e-03 2.82042962e-03 3.62651721e-02
     3.43384221e-04 3.24226022e-02]
    [6.48790821e-02 6.10962231e-03 6.45984104e-03 3.73327732e-02
     4.26185876e-03 3.42629366e-02]
    [8.06514546e-02 5.76510251e-01 6.67993784e-01 5.02740204e-01
     9.16656554e-01 8.36498082e-01]
    [0.00000000e+00 1.27312219e+00 2.83293033e+00 1.88578880e+00
     3.49963903e+00 2.27191091e+00]
    [0.00000000e+00 1.21048844e+00 3.93807030e+00 2.92341805e+00
     4.08978271e+00 2.87407374e+00]
    [7.01992884e-02 7.47190535e-01 4.05586767e+00 2.98419094e+00
     3.22354245e+00 3.03394270e+00]
    [1.00113451e-04 6.79589093e-01 3.57202411e+00 1.76717186e+00
     2.44978046e+00 2.66835642e+00]
    [0.00000000e+00 0.00000000e+00 2.53298926e+00 2.29089469e-01
     1.37790275e+00 1.87094140e+00]
    [7.48259500e-02 0.00000000e+00 8.17221463e-01 6.44263625e-02
     4.14616168e-01 7.54201531e-01]
    [1.19846106e-01 3.46528329e-02 1.11591563e-01 1.60801083e-01
     1.08278148e-01 1.17993526e-01]
    [1.26485661e-01 1.50944758e-02 6.98458776e-02 1.63701981e-01
     6.87747598e-02 8.31941143e-02]
    [1.14716768e-01 1.41512286e-02 5.13023958e-02 1.13006808e-01
     5.60068302e-02 6.88940808e-02]
    [7.28046969e-02 1.85186439e-03 2.92926040e-02 5.76127917e-02
     2.57005747e-02 5.10267839e-02]]

   [[6.56846762e-02 1.52460542e-02 2.55159307e-02 3.46188694e-02
     2.46986598e-02 5.34188449e-02]
    [1.47875756e-01 2.28685811e-01 2.31232643e-01 3.20283026e-02
     3.50150377e-01 3.96054894e-01]
    [1.05895266e-01 2.60054082e-01 7.60149121e-01 0.00000000e+00
     7.98750460e-01 6.60721302e-01]
    [4.22695577e-02 4.34044480e-01 6.38441682e-01 4.70692813e-01
     1.03441060e+00 4.21977580e-01]
    [2.79230595e-01 7.38931537e-01 1.04500937e+00 2.00871754e+00
     2.07697988e+00 5.12983441e-01]
    [6.10434830e-01 5.91171563e-01 1.26121080e+00 2.75154471e+00
     1.92170477e+00 3.16048563e-01]
    [8.06819439e-01 9.00936365e-01 1.99129522e+00 2.94738293e+00
     2.27438569e+00 1.18816960e+00]
    [4.95303035e-01 1.11059630e+00 3.46487260e+00 2.59319568e+00
     3.25972652e+00 2.28654003e+00]
    [0.00000000e+00 1.73194885e-01 3.11240864e+00 1.45054555e+00
     2.44598269e+00 1.90547252e+00]
    [2.95876339e-03 0.00000000e+00 1.42507470e+00 3.17813307e-01
     3.90416443e-01 1.03042495e+00]
    [6.92994446e-02 2.21738685e-02 1.48580179e-01 8.47611129e-02
     6.17801733e-02 1.54905349e-01]
    [6.64256811e-02 2.15035062e-02 5.77308349e-02 8.47012773e-02
     3.91704924e-02 6.84440732e-02]
    [7.24992454e-02 1.18572395e-02 4.62095551e-02 6.87544495e-02
     1.85956266e-02 6.77832365e-02]
    [6.74602836e-02 1.16044842e-02 3.23513448e-02 5.85642643e-02
     1.75340176e-02 4.68292311e-02]]

   [[6.11798950e-02 1.82316881e-02 4.02978435e-02 5.47953062e-02
     3.13816555e-02 6.33108243e-02]
    [1.27330184e-01 6.60852909e-01 8.02493811e-01 3.61521333e-01
     9.83136594e-01 9.95289266e-01]
    [4.10309248e-02 9.48262691e-01 2.66297507e+00 5.71324527e-01
     2.52607203e+00 2.18986988e+00]
    [0.00000000e+00 1.40855789e-01 2.58456826e+00 2.77301837e-02
     2.02565694e+00 1.87778199e+00]
    [2.38345474e-01 5.93796894e-02 1.17841792e+00 6.21472180e-01
     8.53718221e-01 1.01550865e+00]
    [4.40806866e-01 1.41073652e-02 1.32060811e-01 9.33306217e-01
     3.33688051e-01 1.13705851e-01]
    [5.34532428e-01 9.90741789e-01 1.18999577e+00 1.38828039e+00
     2.02006936e+00 1.29248512e+00]
    [4.12448525e-01 1.28510952e+00 3.07781553e+00 2.17157888e+00
     3.73062205e+00 1.98346519e+00]
    [0.00000000e+00 1.34110406e-01 3.00885773e+00 1.72364736e+00
     2.74306226e+00 1.71934330e+00]
    [1.59063578e-01 0.00000000e+00 1.46051741e+00 8.29033554e-01
     3.84665310e-01 9.55380023e-01]
    [8.94668028e-02 1.16574764e-02 1.50793761e-01 1.39143199e-01
     3.00396252e-02 1.55815199e-01]
    [7.36951232e-02 2.57941312e-03 1.95663590e-02 7.31253102e-02
     1.91363730e-02 3.87489572e-02]
    [8.07759464e-02 7.49724451e-03 6.21810229e-03 6.74961507e-02
     8.22488964e-03 3.32984850e-02]
    [7.53884912e-02 6.79954141e-03 7.64402095e-03 6.12271577e-02
     9.45118535e-03 2.85408255e-02]]

   [[6.97897300e-02 1.66568346e-02 2.07810607e-02 6.38201684e-02
     2.90709157e-02 3.87112461e-02]
    [7.05281645e-02 7.53029048e-01 8.00967753e-01 7.07117498e-01
     1.19918072e+00 8.72556210e-01]
    [7.89289922e-02 1.23842001e+00 3.03758740e+00 1.98075938e+00
     3.11623883e+00 2.45827723e+00]
    [0.00000000e+00 8.35986018e-01 3.52980208e+00 1.75973511e+00
     3.00958633e+00 2.55846596e+00]
    [0.00000000e+00 6.19413666e-02 3.03572297e+00 3.51977378e-01
     1.96008170e+00 2.31798339e+00]
    [1.31464109e-01 3.13722849e-01 1.96226490e+00 0.00000000e+00
     2.03469896e+00 1.75050569e+00]
    [9.19557959e-02 1.03988278e+00 3.17915177e+00 6.38905287e-01
     3.78801084e+00 2.49700308e+00]
    [0.00000000e+00 1.15581346e+00 3.37851405e+00 1.76791096e+00
     3.97338343e+00 2.33658433e+00]
    [1.93589985e-01 2.23011710e-02 2.67743397e+00 1.79453349e+00
     2.17463231e+00 1.58541298e+00]
    [3.17730695e-01 0.00000000e+00 1.00450134e+00 9.43701088e-01
     6.63124844e-02 5.73052943e-01]
    [1.20673597e-01 7.29311630e-03 9.01874453e-02 1.34836301e-01
     1.98217239e-02 6.16383255e-02]
    [6.61657304e-02 5.03640715e-03 1.57547388e-02 4.76152599e-02
     4.11375146e-03 3.78527232e-02]
    [6.68602511e-02 5.06286370e-03 7.08126929e-03 4.04288210e-02
     2.74791149e-04 3.39767411e-02]
    [6.51526377e-02 5.29665919e-03 2.40746653e-03 3.71454693e-02
     0.00000000e+00 3.09166536e-02]]

   [[6.62356466e-02 2.08781771e-02 5.76300807e-02 4.34794538e-02
     4.38729413e-02 7.39239007e-02]
    [7.94457421e-02 4.24991429e-01 2.10292995e-01 5.89458764e-01
     8.83553326e-01 1.98675096e-01]
    [2.49687195e-01 1.11840272e+00 1.68467677e+00 2.28705740e+00
     2.59687924e+00 1.14321887e+00]
    [2.03673959e-01 9.81538415e-01 3.51262116e+00 2.66843677e+00
     2.89270043e+00 2.53406286e+00]
    [0.00000000e+00 8.62609804e-01 3.90915489e+00 2.23108435e+00
     2.81205320e+00 2.96380305e+00]
    [0.00000000e+00 7.87391186e-01 4.11140299e+00 1.19126618e+00
     3.18629313e+00 3.32798433e+00]
    [0.00000000e+00 7.99458444e-01 3.72496223e+00 1.97047710e+00
     3.74940705e+00 3.13384414e+00]
    [8.68600234e-02 5.40118039e-01 2.98814559e+00 2.19370103e+00
     3.03664756e+00 2.06653452e+00]
    [4.94644761e-01 0.00000000e+00 1.30303013e+00 1.81860757e+00
     4.73018646e-01 6.57248616e-01]
    [4.06926274e-01 0.00000000e+00 2.88087070e-01 7.18615174e-01
     3.16951238e-02 0.00000000e+00]
    [1.01915099e-01 8.40487331e-03 3.06654647e-02 8.92152786e-02
     3.27067636e-02 4.49727997e-02]
    [6.74976036e-02 3.46986018e-03 2.52786893e-02 4.40499820e-02
     2.51006726e-02 4.63700891e-02]
    [6.67448342e-02 4.35745111e-03 8.66489299e-03 3.79776508e-02
     3.09782242e-03 3.63774933e-02]
    [6.43845871e-02 4.83168336e-03 2.40746653e-03 3.62651721e-02
     0.00000000e+00 3.09166536e-02]]

   [[6.76018894e-02 2.41194889e-02 5.02791218e-02 7.73734301e-02
     4.16327715e-02 6.52366355e-02]
    [6.36256933e-02 7.17065781e-02 3.33340950e-02 2.43389457e-01
     2.04886615e-01 5.89587763e-02]
    [3.24905008e-01 4.85973120e-01 7.36051947e-02 1.15958333e+00
     1.12472439e+00 1.25701316e-02]
    [4.37605917e-01 7.64203966e-01 1.24583733e+00 2.56901884e+00
     2.14114118e+00 5.60369372e-01]
    [4.56735581e-01 8.65574896e-01 2.76358318e+00 2.78873610e+00
     2.57061887e+00 1.52913105e+00]
    [4.54820752e-01 8.82365227e-01 3.12422729e+00 2.93434024e+00
     2.65308952e+00 1.91043758e+00]
    [5.57764947e-01 5.80948770e-01 2.50277996e+00 2.64305806e+00
     2.17614746e+00 1.42339766e+00]
    [6.11148119e-01 0.00000000e+00 1.00960672e+00 2.10986400e+00
     5.15770733e-01 2.89251983e-01]
    [5.75255215e-01 0.00000000e+00 2.03637540e-01 9.69514668e-01
     3.23557667e-02 0.00000000e+00]
    [2.07573980e-01 1.81666370e-02 2.66629886e-02 2.23888934e-01
     3.04596219e-02 4.55719456e-02]
    [6.49750233e-02 1.57012921e-02 3.86494286e-02 5.52779771e-02
     3.12280226e-02 5.53353354e-02]
    [6.27124831e-02 1.10048093e-02 2.38822494e-02 5.22899330e-02
     1.46970265e-02 5.12941442e-02]
    [6.73812926e-02 5.06492890e-03 7.94952177e-03 4.13777865e-02
     0.00000000e+00 3.51077430e-02]
    [6.43845871e-02 4.83168336e-03 2.40746653e-03 3.62651721e-02
     0.00000000e+00 3.09166536e-02]]

   [[7.66069517e-02 1.46810114e-02 0.00000000e+00 6.66284561e-02
     1.95703804e-02 2.86749899e-02]
    [7.60155395e-02 3.24979122e-03 1.20303035e-03 7.36698508e-02
     1.01333586e-02 2.53994875e-02]
    [7.33063370e-02 5.32658510e-02 0.00000000e+00 1.94342405e-01
     1.43003270e-01 2.74991523e-02]
    [2.66100049e-01 2.83829302e-01 0.00000000e+00 8.61760557e-01
     7.28023827e-01 1.45646296e-02]
    [4.96094286e-01 2.71888554e-01 1.49539020e-02 1.76124072e+00
     9.97725427e-01 0.00000000e+00]
    [6.40824199e-01 1.82717294e-01 1.25794411e-01 2.03809285e+00
     1.01041102e+00 0.00000000e+00]
    [6.27203822e-01 0.00000000e+00 9.37073156e-02 1.68245625e+00
     3.94977421e-01 0.00000000e+00]
    [5.20231426e-01 0.00000000e+00 3.03298775e-02 7.58362234e-01
     3.46809700e-02 0.00000000e+00]
    [1.83399916e-01 1.89636229e-03 2.02617561e-03 2.01154441e-01
     3.52440737e-02 2.63745934e-02]
    [7.62202665e-02 1.64536349e-02 9.72474553e-03 5.60035966e-02
     2.10873075e-02 2.91181225e-02]
    [7.13751093e-02 9.79746692e-03 1.09368898e-02 6.27232045e-02
     2.04737578e-02 3.14814709e-02]
    [7.50791579e-02 8.28137528e-03 9.13922302e-03 5.55562526e-02
     5.74187515e-03 2.96243858e-02]
    [6.68219775e-02 4.66916617e-03 2.74314359e-03 4.03851792e-02
     0.00000000e+00 3.03812418e-02]
    [6.43845871e-02 4.83168336e-03 2.40746653e-03 3.62651721e-02
     0.00000000e+00 3.09166536e-02]]

   [[6.43845871e-02 4.83168336e-03 2.40746653e-03 3.62651721e-02
     0.00000000e+00 3.09166536e-02]
    [6.43845871e-02 4.83168336e-03 2.40746653e-03 3.62651721e-02
     0.00000000e+00 3.09166536e-02]
    [6.43845871e-02 4.83168336e-03 2.40746653e-03 3.62651721e-02
     0.00000000e+00 3.09166536e-02]
    [6.43845871e-02 1.73468031e-02 2.40746653e-03 8.53917524e-02
     4.07716110e-02 3.15431170e-02]
    [1.06714517e-01 2.35467572e-02 4.09039948e-03 1.55330628e-01
     5.80710173e-02 3.24926116e-02]
    [1.60878032e-01 5.77976415e-03 3.38374730e-03 1.85230434e-01
     5.42111434e-02 3.17644030e-02]
    [1.55368656e-01 4.17778315e-03 2.80012586e-03 1.54145628e-01
     8.30203015e-03 3.12952511e-02]
    [1.02245584e-01 4.83168336e-03 2.40746653e-03 8.84122923e-02
     1.33925583e-02 3.09166536e-02]
    [6.59206808e-02 4.83168336e-03 2.40746653e-03 3.80257703e-02
     0.00000000e+00 3.09166536e-02]
    [6.59313649e-02 5.52522438e-03 2.40746653e-03 4.01710048e-02
     2.30481382e-03 3.10732704e-02]
    [6.66887313e-02 6.22661086e-03 2.40746653e-03 3.89060676e-02
     3.44066881e-04 3.09166536e-02]
    [6.67047501e-02 4.83168336e-03 2.40746653e-03 3.94471958e-02
     2.85237329e-05 3.09166536e-02]
    [6.43845871e-02 4.83168336e-03 2.40746653e-03 3.62651721e-02
     0.00000000e+00 3.09166536e-02]
    [6.43845871e-02 4.83168336e-03 2.40746653e-03 3.62651721e-02
     0.00000000e+00 3.09166536e-02]]]]]
