10111011100110011101100111101100
10111101010101000010111110011101
00111101011000110000011110110100
10111100111000010100100010110001
00111101101011010101001011000000
10111101111001011001100110000000
00111011001010000111011010010010
00111100011110100111110110110000
00111101001010101011101110011101
00111100101111011001001110011010
10111101011111111111010000100110
10111101000011001011101110110100
00111101100010000110011101010010
10111100110011111100010010011100
00111010011001011010100010101000
10111101001110001101001001000111
00111101100101011101010100011011
10111101001100010111010111101000
10111101111001010110111111100001
00111101100001111110110111000101
00111101101111110111011010100011
00111101110010100111011000110000
00111101101101001100110011100100
10111101101100111101000000011000
00111101100000100000100010111100
10111101101000101101000110010000
10111101010110011001101001010011
10111101110000111101101100011000
10111101100001111110000000010100
10111100001100111111000111101110
00111101000011011111100110111100
10111101110011111111001110101000
00111100110000110000101110100011
10111101110011001101011000010001
10111101101110100101000110000001
10111101101100010011100011011110
00111100000100000110110001010010
10111101001101010001100010010011
00111101110011001111100110000111
00111101110000000010110100111011
00111011011101110000011000000100
00111101001111100001101001001110
00111100001011101100111001000010
00111110000011001110110011011010
00111101111011011100000010110000
10111101100001110101001100001001
10111101111010111011000001000110
10111110000100000001000011111000
10111100011111000101011000001100
00111101100101011010110001000101
00111101100100101100111101010111
10111101101101101110010001111011
00111101011101000110111001011111
10111101000011110101001001001101
00111101101011010111001110010101
00111101101101011100100100001101
00111101011110011001001101000111
00111100110110101010011111001110
10111101110000000011001000000011
00111101011101011100101101100101
10111101010000101100110001010100
00111101001011101001001000010010
00111100110000011100010101000101
00111101110000110101001010101011
10111101101110000011100010100001
10111101011101001010001100101001
10111101101000010011000111001001
00111101100001111010001000010000
10111101011110000001111100010010
00111101110000001101111100101001
10111101100101010000100000101010
10111101001010101010110101101110
10111101000011101000111000101111
10111101101101000011001000100100
00111101110010011100010111010010
00111101110001110110111100110011
00111101100001001000110110111100
10111101100111011011011000000100
10111101010010001111000111100111
10111100001110001111001110101110
10111011100100010111011000100010
10111101101110100100011001101110
00111101011010100011101100001111
00111101101110111010011000100111
10111100101111101000100000110001
00111101101000100100100011011011
10111101001101000111000001111000
10111011011010010101001000100111
00111100110000011011011111110110
10111011110011101010001110001110
00111101100110101101011100110001
10111011101111100001111001111010
00111100111000000000100111100101
10111100101111101000011111010001
00111101010000010011000010000101
00111101011101110100101001110101
00111101010010111111101001111000
00111101001100110111010010101011
00111101011110100010011001111100
00111011011001001111011010010010
10111101000110101010001010100001
10111101101011111010010010101010
10111101110011011010010001001011
10111101000100001011100110110100
00111101000100100000000111001111
00111101110100001111001011111111
00111101000010011010011110100001
00111101101111011110000000101100
00111101110001110000110011101011
00111101110110101100100001000001
00111101100110011101101110000110
10111101101010100110011110000101
10111100100011111011100010010011
00111101110011010101101111101101
00111101010100110011001011111010
00111101101000111100101101010111
00111101101011000001011111000010
00111100000000111100001100111111
10111011110111010110011000100111
10111101011000001010101000000111
10111100100110101011111000000000
00111101001000001101011101111100
10111101011100000010111010110110
00111101110100000010010111100111
10111100101110000111101000101101
00000000000000000000000000000000
00000000000000000000000000000000
00000000000000000000000000000000
00000000000000000000000000000000
00000000000000000000000000000000
00000000000000000000000000000000
00000000000000000000000000000000
00000000000000000000000000000000
00000000000000000000000000000000
00000000000000000000000000000000
00000000000000000000000000000000
00000000000000000000000000000000
00000000000000000000000000000000
00000000000000000000000000000000
00000000000000000000000000000000
00000000000000000000000000000000
00000000000000000000000000000000
00000000000000000000000000000000
00000000000000000000000000000000
00000000000000000000000000000000
00000000000000000000000000000000
00000000000000000000000000000000
00000000000000000000000000000000
00000000000000000000000000000000
00000000000000000000000000000000
00111101011101110001001001110110
00111110001111101101000001010111
00111101111110011011010001111111
10111101000100100111111101110110
10111101010110100001011111100000
00111110000100011010000001001000
00111110001101100010110000010000
10111110000000010010100101111101
10111110011101000100100001100111
00111101001010101111001111011111
00111110011101000110001101001110
00111110000001101011011000110001
10111110001011010110000100011101
10111110000010111000010111011011
10111100000010010100101110110100
00111110001010001001011000101000
00111100110110001000010110001000
10111101101010010110000010010010
10111110001111001011011000001010
10111101100111101111011101110000
00111101100110100110011010111010
00111101010100000000011000100111
10111101111000000010100110000000
00111100101001000011011001000100
00111100101001101011101111000110
00111101111010000010111110110101
10111101001100101100101101110011
00111101101000011000110101101100
00111101100010101101110101100011
10111101010111001111110001110101
00111110001101010111101010101000
00111101111010000111110110100010
00111110000101110000010100011100
00111110010010110001110110110100
00111110000111110111111001100110
00111101111010110110101001001110
00111110001011100010110000110011
00111101100111110010111010010101
00111101111011000100010001010110
00111110000011111011111011111101
10111101101010010111101101011101
10111110010101001011100000011010
10111110100001000111000100001011
10111101010100100110111111001000
00111101001010110001001011010110
10111110001000111000000100010110
10111101010010100010011100010001
10111110011011100000000111001001
10111101100001011010011011010011
10111101101110000000111100000000
10111101100001100011000100101110
00111101101011011000101011110101
10111101110010100100001101001101
00111011100110111111100001111010
10111100111001100010101010000011
10111101010011011100001101010000
00111101011000011011101110111000
00111100101101000101011010011000
10111101101110111100000010011111
10111100110111010110111011011101
00111101100001101111011011100110
00111101100111100001000111000110
10111100011100100100110100100100
10111100001010111110001100110001
00111101101101111011000001101111
10111101100110010110100000110001
10111101000001010010011010011001
00111100110011100110110100100100
00111010100000011001010111101011
10111101101100110100100001010100
10111011101111100100011110011100
00111011101000101100111000000101
10111100010011100110100010010000
10111101101011001101000111100111
10111100110010111001100001111011
00111100100000110100001010101101
00111101110100100100001011101100
00111101011010100001000100101111
10111101101000110101100001011100
10111100001111110011111001111010
00111101010101000011001000011000
00111101100100110101111010110000
00111101100011001100010100011010
10111101110011001110011110101101
10111110000101110100101101100001
00111110011001000001101100111010
00111101110111101101000111010110
00111101010100101111000001101001
10111101001001110001110111110000
10111101010011110110101011010100
00111110000011101101110100100111
00111101010110100111000100000101
00111101111110110010000000101000
10111101101100100000011111001010
10111101110101101000011111110110
10111101101111010011011100100111
10111110000001001000100011000111
10111101100100011111001101011110
00111011000111001011111001100101
10111011111111101110100100100010
00111101000110001111000101001010
10111101001000101110011101011010
00111101111111001101111110011110
00111110000000000000100010011001
10111101101100111010001001011001
00111101100000011001010011100000
00111110000010001110101010100000
00111110001000110101011011001000
00111110000100000001100010011111
10111101010010000110101110110010
10111101000111100100001000110010
10111101000100000101100100110101
10111100010110010000001111111000
00111101110100000010010111101011
10111101100011101101101101011000
10111101000100111001011100100011
10111101010101100000111100010001
10111101111110000101011100110110
00111101010011000101011000011010
10111101100010001011001100101010
10111011110011100110001010010111
00111101011111100010111100100000
10111101100011000001110101100011
10111101101111101110000011011011
00111100111101001001010010001000
00000000000000000000000000000000
00000000000000000000000000000000
00000000000000000000000000000000
00000000000000000000000000000000
00000000000000000000000000000000
00000000000000000000000000000000
00000000000000000000000000000000
00000000000000000000000000000000
00000000000000000000000000000000
00000000000000000000000000000000
00000000000000000000000000000000
00000000000000000000000000000000
00000000000000000000000000000000
00000000000000000000000000000000
00000000000000000000000000000000
00000000000000000000000000000000
00000000000000000000000000000000
00000000000000000000000000000000
00000000000000000000000000000000
00000000000000000000000000000000
00000000000000000000000000000000
00000000000000000000000000000000
00000000000000000000000000000000
00000000000000000000000000000000
00000000000000000000000000000000
10111110001001110101011111001101
00111101101101110011110110100101
00111110010111111111100001110011
00111101000011011011110100101110
10111110001001001000101001011010
00111101011101101000101000110110
00111110100100110011101001100110
00111110011001000100100111110100
10111110001010100001010000100110
10111110000111010110110101111101
10111101001001111111010100110100
00111110100100010101001010011100
00111100110001010000101100111111
10111110000101001011110010011001
10111101110111110011000110011001
00111101101111000001000010110100
00111110000000110010101011111110
10111101100100000110100111110011
10111110100010000101100111100000
10111101110111110101110101110010
00111101110011010001000000001111
00111100011110100010000101011100
00111101000010011110110110100111
10111100101011010100111000100010
10111101101001100001111110101100
10111011000101111100000100111111
00111101111111100010111001100101
00111110000000010000011001111001
00111101001000100101010101010011
10111101110100111000111100000111
00111101010000011001000011011011
00111110000010110110000100011001
00111110100000101101100111010110
00111110100000111111100100111000
00111110001001101111101100011101
00111101100000110000001111000000
00111110010100100100111100000000
00111110010010001011110011001000
00111110001110010110000011101010
00111101111110110100010011010010
00111101100000010100010000101001
10111110001100001110011011001110
10111110100000010010111100001111
10111101111010111010001111111100
10111110001000110011010101100100
10111101111100001011010101110111
10111110000001111011010010111011
10111110000111000001110010101110
10111110100001010101111110110100
10111100000111100110001111010110
10111101010101000100111100110110
10111101011111111110011110011111
10111101101110100000111110001011
00111101101001000100010101111011
10111101110000011000001001001001
10111100100111110000110011011001
00111011111111101100001010110111
10111101101011000010110111111010
00111011110111110000100110100100
10111100011000100100001000010100
10111101100001001011110110000100
10111101100110110000111010011101
00111101011011001100001000101100
10111101100111110101100011001111
10111100111111100101010100101000
00111101110000100010101011110011
10111101001110100100001110001101
00111101110011101101001000101100
10111101101100001000100111110101
10111101001110101001000000100000
10111101101001111101111001101010
00111101100010010101101000000110
10111101101000000001011001101001
10111101101010100011110001010000
10111101100001010100100101001011
10111110000011000001100000100111
10111101101101111000100111110000
00111110000111000011111010000000
00111101100110011001111100111111
10111110001001111101001111000011
00111101110100110011001011001000
00111110010011101010010110010001
00111101001001101001100100001100
10111110000001011001010110001000
10111101101001001101110101001111
00111100101010011011010111100101
00111110011111000111011101011000
10111100000110100011100011110010
00111100101110100100000100001111
10111110000010101000101001000100
00111101110100101110010110010001
00111101110001001111011111011001
00111110000100100110100000111111
00111100101001011010001111100100
00111100111110110011110000101001
10111100110000111110011101001100
00111101101111101110001000000111
00111101010000001100111101101110
00111101111100011111000111001000
10111100100111001000001100111010
10111011101110001111001101101000
00111100101101111011111000000110
00111110010010110010101100000101
00111101111011111001011101011111
10111100110010011001110000101010
10111101111001101110100000001110
10111100011010000010110110110010
00111101001100010011111100001110
00111110010111011001110010000011
00111101110001010010011000100110
10111110000110000101000011100000
10111101000100011101110011000010
00111101110100001111001001101011
00111110000110111100000001001000
10111101010010010100000100101010
00111101110111110000101011011101
00111101000110100011001100111001
10111101011001101101011101000000
10111101100001000111111001100110
00111100111001001011111001010010
00111110000011100011100000110000
00111100111011111111111111011110
00111100100100001011011111010000
10111101011011001011010100110100
00111101010110010011000011000101
00000000000000000000000000000000
00000000000000000000000000000000
00000000000000000000000000000000
00000000000000000000000000000000
00000000000000000000000000000000
00000000000000000000000000000000
00000000000000000000000000000000
00000000000000000000000000000000
00000000000000000000000000000000
00000000000000000000000000000000
00000000000000000000000000000000
00000000000000000000000000000000
00000000000000000000000000000000
00000000000000000000000000000000
00000000000000000000000000000000
00000000000000000000000000000000
00000000000000000000000000000000
00000000000000000000000000000000
00000000000000000000000000000000
00000000000000000000000000000000
00000000000000000000000000000000
00000000000000000000000000000000
00000000000000000000000000000000
00000000000000000000000000000000
00000000000000000000000000000000
00111100100111011110001010100010
00111101111110110101001000101110
00111101101001110111011010100000
00111101110000110101000101001011
00111101100000000001000011001111
00111010101100000110001000110000
00111101110100111111010111010011
00111101100011100101000010100110
10111101101001110011010011000101
10111010010101111111110010001010
10111100100011110110011001100110
10111101100010010110001101011110
10111101100101010100100101111101
10111101110001000100000011110111
00111101011010001001011011111011
00111101000111010001001010111001
10111101011100011101100110001001
10111101011100010011100110111110
00111100001101101010101100100010
10111100111001000100110000100110
00111101000011100010111110111010
00111100110110100010000000100000
00111100110101101001010101111010
10111101001110110100100000110001
00111101000001100110011110110111
00111101101001111000111101110100
10111101100101011110011101101100
10111101010011111110011100110100
10111101110110100101100010011100
10111101110011101110111001010010
10111101101000000000011101100100
00111101000011100101001101001011
10111101000100100000101000110110
00111101100110101101101010111100
00111101010100001011111110000010
10111101110111001110010100001100
00111101000010100100101110010111
00111101101011011110101111001110
10111100111110111001101000101110
10111101100110011010001000100101
10111101010001111111011011100100
10111101110001111010110110001111
10111101101100100101101101111010
10111101110010011010011011011110
00111101100001111010011111001000
10111101110010101010001110010101
10111101001010111001111110001011
10111100100001000100101011001110
00111101000101011001101000101110
10111011111110011011000010001110
00111100001101101011011010100110
10111101100001101001101001110111
10111101100111011000101100011000
10111001101110010000011001001110
00111101100111101010001000010111
10111100110100110011001000111111
00111101010001100101000000100111
10111101110001111010110100111110
10111101110001011000001010111110
10111100100001101000010011010000
00111101110011110100110110100111
00111101010111101011011110111011
00111101100111010000011100111010
00111101101001100101101010010101
00111100100111110000010101011011
10111101101001000111100010011001
10111101001011011110111110111011
00111100110101001000101100100001
10111100101100100010111000111011
10111101100010000100010011001000
00111101010010101001110000110110
00111101100101110000100111111000
00111011100011110000110101001011
00111101100110110110101010011000
10111001111111011100101000001100
00111101000000101001010101011001
00111101000100110110110011011101
10111101110100110110010101011010
10111101101110011110010001100101
10111011110111010110111001000001
00111011110011100100010111000000
00111101011011011001101101101011
10111101100010000000011110000101
10111101100001100110001110110011
10111101100101001000000111001010
10111100100101110111100101011000
00111101100100010010110100001011
10111101100000100011010100101011
00111100011101010101000010111011
00111100001010010110010001110110
10111101010101001100010110110100
10111101100110000010110011100010
00111100100001110110101010001110
10111101110000101011101101111011
00111101010010011000100100011100
10111101001011100110100011001001
00111101101100001101101111011100
10111101100010101001001111011100
10111101110010110110111011010011
00111101100011000001100100101101
00111101100010000000010001111100
00111101110101111010110111011001
10111101010010111111110101110000
10111101110100100110000101010000
00111011000010100110000001011000
10111100001000110111111100111001
10111101011100010111101010011101
10111100110010110111000111001010
00111101011000100101100001010110
10111101010011111110111011010100
00111101100111110110001101000111
10111101110111011101011101111111
00111100000101000100111111100000
10111101110101101101011101011111
00111100000101111000000011100100
10111101101111111101111110101110
10111101000000110000010100100111
10111101110110001110100010001111
10111100100111011010000000111010
10111011101011111101101111010111
00111101101000101110100101100001
00111100011011111000011011000111
10111101101001011101001001000100
00111101011010110011100011000000
00111101100011010111010111100010
00000000000000000000000000000000
00000000000000000000000000000000
00000000000000000000000000000000
00000000000000000000000000000000
00000000000000000000000000000000
00000000000000000000000000000000
00000000000000000000000000000000
00000000000000000000000000000000
00000000000000000000000000000000
00000000000000000000000000000000
00000000000000000000000000000000
00000000000000000000000000000000
00000000000000000000000000000000
00000000000000000000000000000000
00000000000000000000000000000000
00000000000000000000000000000000
00000000000000000000000000000000
00000000000000000000000000000000
00000000000000000000000000000000
00000000000000000000000000000000
00000000000000000000000000000000
00000000000000000000000000000000
00000000000000000000000000000000
00000000000000000000000000000000
00000000000000000000000000000000
00111100100010101011110010101110
00111110000101101111100101100010
00111110000001000111000000110000
00111100000100101001011000011000
10111101001001111111001100001011
10111101010010111110101010110010
00111110000100100111101010101111
10111101011101100000010000110111
00111010100100111000011100111011
10111100100010010011010010001100
00111110010000111100111000010110
00111110011001010101010111001000
10111101111111100101001001111111
10111110010011110011000111010001
00111101110111100001001011100111
00111101100101011010101100000110
00111101110010111110100010011101
10111110000011111111010011000001
10111110001111001010010010010011
10111101010001110011100100101010
00111101100110111111011110000100
00111101100000011100001111001110
00111011001011010001111011101001
10111100100100101010100001101101
00111101001110000100010011001100
10111101100000111100010000010001
00111100111101100100000110101001
00111101101110001010010010010000
10111101110111101111111100010010
10111110000010010111000011111011
00111110000001110111101100100010
00111101100101101111101010100101
00111110001111000011100001000001
10111100111011110111001001111111
10111100011001101010110001100000
00111110001001010010001101001011
00111110010100000011000000010001
00111110000100000101011010101110
00111110000100110111111011010011
00111110001100100111010011111101
00111100110110110011000010011100
10111101010101010110111100101011
00111011100001111101000000011011
10111101101011001111011111100011
10111101001100011001001110000000
10111110001101001100110110000110
10111110010111011011111101101110
10111110010110111111101000000110
10111100011000011110010001101011
00111100100110100001100111111101
00111101110010010101110101011010
00111101110000011001100101001101
10111101010010001110011010100101
10111101101101101100101111011101
00111101100000001010111111100001
10111101011101101101101010001101
00111101100110111011010100111111
10111101011001111000111000000100
10111011000011011011011101010000
10111101100100100000111110010001
10111101110101010010010010100001
10111101000110011011100011000100
10111101101010000011000111101001
00111101010110110011111100100010
00111101110001001001101110000110
00111100110001000010100010101000
10111101100001000000101101011000
10111101000101011101101110010010
00111101011110001110110000011001
10111101110011010000100000011101
10111011100011001001101000100000
00111101000111111111010000110100
00111100111100001010111110010000
10111101101000010101100111011111
00111101101010011001001010111100
00111100100101101110001111001001
00111101101001110100100010101100
00111101000100011110001010010000
00111101100000101010101111100011
00111101011011000000111011101100
00111101000110000110000001100000
10111100101111101100001001101101
10111101000110100000100010100100
10111101011111011000110100111111
10111101101111010011100111001110
00111101111110111111011110110000
00111110000001100001011111011010
00111100101101010011010101000110
10111101000001100111000110110101
10111100110010000111111011010100
00111110000100110010100001110000
10111100111000101101111011000001
00111101000000100111010100100100
10111101100011111101100111010011
10111011010101010110000000110011
00111110000011011001001111100001
10111100110100000001001101010111
10111101010100001101010101011100
10111101010111010010111011011100
00111101100000011001100111000011
00111101011000010001110010000010
00111101011011100111100010110011
00111110000101101001011000100101
00111101001011010011010010111011
00111101010001110110111010010001
00111100101110011100001000001001
00111110000101111000000110000101
00111011101111100000000001100011
00111011011010100111000101010100
10111101101001000101101101110110
10111101100110001110011100100000
00111110000011110101001100100111
10111011100100111000101010001000
00111011000110010011110101011000
00111101111010011111000001111110
10111101111101100000000100000110
10111101010001100110000001001110
10111101110011001110100000101001
00111101110100000000100111000010
00111011111001101101001011111010
10111100010100100100000111001001
00111101010100111010111001110110
10111110000010101001010101110101
10111101111110010111100010011110
00111101100000111001000100011000
00000000000000000000000000000000
00000000000000000000000000000000
00000000000000000000000000000000
00000000000000000000000000000000
00000000000000000000000000000000
00000000000000000000000000000000
00000000000000000000000000000000
00000000000000000000000000000000
00000000000000000000000000000000
00000000000000000000000000000000
00000000000000000000000000000000
00000000000000000000000000000000
00000000000000000000000000000000
00000000000000000000000000000000
00000000000000000000000000000000
00000000000000000000000000000000
00000000000000000000000000000000
00000000000000000000000000000000
00000000000000000000000000000000
00000000000000000000000000000000
00000000000000000000000000000000
00000000000000000000000000000000
00000000000000000000000000000000
00000000000000000000000000000000
00000000000000000000000000000000
00111011100110101011011011010110
00111101101001011001100111111111
00111101100111001101100101111001
00111101101110110110001010101000
10111101010110110100110001100110
00111101101010110010011100100000
00111100110101111001100011100001
10111100011110110111100100010000
00111100101001110000111101000000
00111101010010110011000100000110
00111101011101100110101111110100
10111101100111100011010101101110
10111101010001101010110001000001
00111101011110100011100110101100
10111101100111110010100011011001
00111101001110100001011000000111
10111101101111010011000101111000
10111101010110100010110000010010
10111101100001011100001010000110
10111101110011001010001111101001
00111101101011101101101110111100
00111101100010001001101111001000
00111011101010011010100011011101
10111100110010111001100001100010
10111101011101000011100001100110
10111101101100011101010000000011
10111100011000011000111100000000
00111101101111010001110010001111
00111101000111111111001111000000
00111101100100000100110111011011
00111101101011101100110011101110
00111101010000011011010110000111
10111100111011111010100011100111
00111100011011010111001010100000
00111101101111011001110100101110
00111100000110100101100001111110
00111101100010010111000111101010
10111101011000011010100001100000
00111101011111001011101001100000
10111101101001110100110010110011
00111101001110011110011101110101
00111101101101100001010010111010
00111101110001100111101101111011
00111100001110000010101011111100
10111101001101010001110100111010
00111101001110001000010101010100
10111100011111110100100101111010
10111101101010111001001000111110
00111101110001001100000011110100
10111101110000000101101101000101
00111100000010110000101000001101
10111101000000100110101100010110
00111101110011101100110011111111
10111100010001011000101101000100
00111101010100100100111010001110
00111101100101001011010010001000
00111100001111001111100001111100
10111101100100000111100010010100
00111101011100100010100010111011
10111101100011011001100101110111
00111101011011000100001101111011
00111011111100101011001000011100
00111101000010100100001101110000
00111101100111000000000000001010
10111101000101011000001101101000
10111101010111100000100100101110
00111100101110001110011110101000
00111101010011011110101011001111
10111101101001100010010010010111
00111101110010001110000010011010
10111101010001010101011100011000
00111100000101110001011000000111
00111101101110010001110000111011
00111101010100110101000000000010
10111101100001110001100011101010
10111100111001110101111000011000
00111100101010110100101100100011
10111100100111001010011011001100
10111010100010010100010010011010
10111101100000000101000111000111
00111101011001100101001100111001
00111101100001011111001101000010
00111101110000010101101101101010
10111101100110111100011000011000
10111101100100011100010110011000
00111101001110011000111111101101
10111101000010101111001110101110
10111101110000111010111000001010
10111101001101101001011101100001
00111101101010111111111001110010
10111010100000000100100001100010
10111101101110000011111010001101
00111100110100111111111010001111
00111011110110101111011010011010
00111101011010100010100100010011
00111100101110011000110010011101
00111100101010111100001110110101
10111101100111101010100110110010
10111101101100001110101100111100
10111011100000110101011011100101
10111101101011000010111100101010
10111101001000010100011101111110
10111100001011001110101001110101
10111101000100110101000111101010
00111101100011011010000000010000
00111011101001101100010100010111
00111101001011011000101100001111
10111101110001000001010010011110
00111101100011001010111101101010
00111101001100011111110011110010
10111101101100011001100011101111
00111101000000111011101111110000
10111100101110011101001010100110
00111100111111000100000001100001
10111101110001101011000011010100
00111100110001111110100111001010
00111101010000100111001110101011
00111101001111000100001000110011
10111101100011101001111100100001
00111101010110000100010111111010
10111100110110111011011010101101
00111101101100100110110001011011
10111101110011001011111000011010
00111101011010110100111100011010
00111100100000110001101110111000
00000000000000000000000000000000
00000000000000000000000000000000
00000000000000000000000000000000
00000000000000000000000000000000
00000000000000000000000000000000
00000000000000000000000000000000
00000000000000000000000000000000
00000000000000000000000000000000
00000000000000000000000000000000
00000000000000000000000000000000
00000000000000000000000000000000
00000000000000000000000000000000
00000000000000000000000000000000
00000000000000000000000000000000
00000000000000000000000000000000
00000000000000000000000000000000
00000000000000000000000000000000
00000000000000000000000000000000
00000000000000000000000000000000
00000000000000000000000000000000
00000000000000000000000000000000
00000000000000000000000000000000
00000000000000000000000000000000
00000000000000000000000000000000
00000000000000000000000000000000
