00111011110101110101110000100000
00111100000101011110000110010101
10111010011100001000001110011001
00111100100101010110001111001011
00111100100101101100011100011001
00111100101100010001100001101110
00111101010100011000111111010000
10111100000000011110110111011100
00111101101101110000111001011000
00111000000000101000000011001110
00111011111001110111001100000000
10111001011000101010111010001000
00111011110111111110010111100100
00111101100101000001001001110000
00111100100010111100100101011111
00111100001100000010100110010010
00111101000111011111001010101011
00111100111010101001110010010101
00111101001000111110011010100001
00111010000011111000111000100010
10111011010000011100100111001101
10111011100100011011110101010000
00111010101101000110000011100100
10111100001010110110111001010010
10111100110000101100000100000010
10111100110101101101000010000100
10111010000001000000100001101000
00111100101111100110111100111101
10111100010110100110101001110111
00111010100000111110001100001000
10111011111000000111011101000110
00111011000000011110001001011010
00111100011100010011001011110101
00111100000010000000010001100111
10111011101110010100000110110100
10111011111011000101000000001001
10111100001000110000010010001011
00111100101100101111110010011001
00111011011001001010100000110111
00111100111110110100010110010110
00111100111101000111001101011000
10111010111110100011001001101110
10111011101011001100111001000010
00111000100010100110000000011011
00111100000101111110111011000110
00111100100000000011100101100010
00111101100010010111101101001111
00111100110101101001101100111101
10111100100001100110000010111100
00111100110011001101111101100111
10111010100011000001100111011111
10111100001011011110000011100101
10111011000010011111011001101000
00111100001010010001111110011010
10111011001010010010000100010110
00111100000001100010000111011111
10111100000000101100000001110101
00111100111011111000011100011111
00111010110110000000100111011101
00111101000010000011011101111111
00111101010000100010100011111101
00111100011101001101101101000011
00111101000010000110101101111110
00111010111110101011101111100101
00111100100010100011011000101111
00111010100101001111001110011110
00111011100001111010110011110101
10111010011000110000100101110000
00111101000000101101101001100000
10111001100000011111111011110000
00111011000010010010111110000010
10111100100000111000011110011111
00111011111011111010010110111101
00111101000101000011000110111001
00111100000111100001110010110101
10111100000110101011110111101000
10111011001001011001010000010101
00111100001101100000100010001001
00111100100110011100011010011010
10111100100000100000010101010101
10111011010010110001111111011011
10111100001100010010001101001101
10111011110010101111001011101100
10111100001101110010110000000011
10111100000010011110110100011110
00111100000001011010000000100010
00111010100000010110000100010001
00111100111110100001110101100001
00111101001101110111001100101110
00111100001111000110001100011110
00111100100001001001111010110010
00111100100101110010011111101110
00111010001111010100001101110100
00111100100111111111101111001111
00111100101001100101011011101100
10111100100001111001011100101001
10111010011111011100000101000110
00111010110111000011101100000111
10111100010001110000111101000100
00111100111001010000101110100110
10111011100000100111101100111101
10111011101101010010001101010111
10111011101011001001000111000110
10111100011101100100010111101101
00111100011001011000010100001110
00111010101100011011101001100000
00111100101001000110110001011001
00111100001110000001110111001101
10111100011110001010110100010001
10111100101001010100111001101100
10111011000000000110010111011110
10111100001101010001100010101101
10111011111001011011111000111110
10111100101110101000110010101000
00111100000010110101100110101010
10111100010001010101000011110100
00111100010110101101111101010000
00111010100011001011010010011011
10111100010011100000000000101101
10111010010011101010010111001010
