00111110011110100011000101001110
10111110010001101010001100011011
00111110011110010010000000011100
00111110100110001110111011101101
10111101011011101010010001100000
00111101000101111010011011100100
00111110010110011110001110100100
00111110001100100110111111011000
00111110011000000111010010111100
10111100100011011100000010011001
00111101110110000100010010001101
00111110100001110001110011101110
00111101101101111101011000001111
10111110011001001001010001000101
10111101011010111101011100101111
10111110001100000100000101110100
00111110101100010111001001010010
00111011011110010100000001000000
00111110010001100010000010100000
00111110001000110101001000000100
10111100100101010001101110110000
10111110010111001000001110101010
00111101100011100011011001000011
00111101101101000110101001000000
10111100111011001110001011111111
00111101111010101100101010110000
10111101100101110010001001011111
10111101100000101010111101000010
00111110100000001001110001111010
10111110010111110110111101110010
10111101001001101000011011101101
00111101100010101110010100110000
10111101000111011100001100101100
00111101101001000111010011000011
10111101110111100100110010000010
10111101001011100010010100100000
10111110001001011011010111101011
10111101100001101011010110101000
10111101000000011010100100000101
10111110010101110001110001010111
10111110001011110001000111100100
00111110001000001001001111001110
00111110001101101110111110011111
10111110100110000110001010101011
00111100110111000100011110111011
10111110010101111011101001100101
00111011010110000000100110001000
10111101101010110010001110110000
10111101101101110110101001110101
10111100100000001111110011100110
10111110011000010110101000010010
00111101000100111100000111010110
00111101101001011011000001101010
10111110000001111101000101000110
10111110001011000011000001010101
10111110010010101100101111010110
10111101110010011111010011110010
00111101011010001111001101100001
10111110000100011100100110111010
10111101001000010000010101000001
10111110100100101010000100010010
00111100101001001110010100010000
10111100111001011011001100001010
00111110010111001100011100010000
10111110000110000000100110110001
00111101011100011000001110111001
00111101100010010111110011100010
10111110000100011001010101010111
10111110001100110011001100101101
10111101100111011110101111011011
00111110100110111110111111101101
10111110011011111101001001110110
00111110011010101010000011100010
00111110100001000101101100101010
00111101000000100101000101000100
00111101001111010001111000000000
10111101100100001001100010010000
10111110010110000110010101000110
00111101100110111000101111110000
00111101110000101101100100110010
10111101001011110111100110101000
00111101101111110010010110100111
00111110101100111111101001111001
10111101101010111100010000111011
10111101111101001010110010001101
10111110101000101110111000110111
10111101000010111011010011010010
00111100100000010000110111101010
10111110011000010011111101110101
00111110000110110101011110010100
00111101100011111101010000111101
00111101100100110111010001010010
00111101010010110101000111000111
10111110001010100101110110010011
00111110000001101010110000110100
10111101110011010111001110011110
00111110001101010000001100111101
10111101001000111110101110000111
00111110000100110111011111101010
10111101101011100111011101010111
00111110100101111011111000111111
10111110100000010000000001000110
10111110101100100101111011011100
00111100011100111001101111110110
00111110101001000001011001000011
00111110001110111101111110110111
10111011100010001111110110000011
00111110000001011100000001110000
10111101111010010110110110110001
00111110001110101100001010101011
00111110010010100110101011000011
10111101110000100001101000100000
10111110011001010001011110001101
10111101111110010001100101001000
00111110100101000000110101110010
10111110000001100101001001110000
10111110000110011010110100110010
00111110010110011010110011101011
10111101110110010100001000011110
00111110100001000110101111110000
00111110010110010111110011100000
00111101101010000101110011000101
00111110000000001110100100010101
00111110100111110010100110011000
10111110001100100100000011111100
00111110100101011011111000100000
00111101010000010111011001111101
00111110001101101011110010111010
10111101100011100111100111100011
10111110100110001101111011000110
10111110100000110110000101110000
00111110010111111111111110011110
00111110000100100111101001110010
10111100110100000010110101011011
10111110010000001000011000101111
00111110000001111101000101011000
00111011110100111111011101100111
00111110010110111011101000001111
00111110011011101001001011111011
10111110001101100010110001110100
10111110011101100111000100011100
10111101111100111000100100101000
00111110000010011101010100001100
00111110011001010111111100100111
00111110010010010011000110111110
00111110100010100011010001001011
00111110010000101100110110011100
00111110001100010100011000110100
10111110001000000101000101011010
00111101100111111000011010101101
00111110000000100110110000001001
00111101111011011111010011110111
10111110011111101101110010110101
00111110100010000000010111000100
10111101111001000000101000010111
10111110010110010110001000111001
00111101110100101100110111011110
10111110001100101010101001011111
10111110000010100000011100011110
10111110011100100000001111000001
10111101111100101100101101000110
10111110100000001101000001011111
00111110011111111110111000110011
10111101111111110101010110111101
10111100101011001111011111011001
00111110000010010011101010101111
00111101001101000011000011101001
00111110011100111011100010011000
10111100101101111110101100110101
10111110010010000100000100000010
10111110001111111001000001001100
10111110100001111111100111011101
10111110010110001011011011011001
00111101011010001000011110010110
10111101110010000010111010100011
10111110001010001100000001111100
00111110001100010011011100110010
10111110000111011000101011001010
00111110000010110100101101001101
10111011011111001100001010011001
00111101010011110111010010000100
10111101110001100000110111010101
10111110001111111101100010011111
10111110100001100000001011010111
10111110100111101111011101001100
00111110010110100111110011000111
00111110000011100001111111101100
00111110001001001111010000001010
00111101100110111001000010101001
10111110001010110111001101101001
10111110011000110000001010101101
00111110010000110100010001111100
00111110011101010110111010001001
10111101110110001110010101000101
00111010111000101000001111100010
00111100111000111011101001000111
00111110001000001010111011011101
10111110000101011000000110111011
00111110010100010111100100100111
00111110011100111001111100100010
10111110011110001011101011011100
00111101000100101111110100010110
00111110100101010001111001010111
00111100010111010011101011101001
00111110100101100010111011110010
10111110001110000000000110110101
00111110000110000110100001000101
00111110010001100101000100101000
10111110011101000000100111001000
00111110000010110101101000001110
00111110001000111010100011111010
10111101101001110000010111000000
10111110001000101101010010111011
10111110101001001010011110110100
10111110000011101110101100110110
00111101101110111011011101101111
00111110001110110011001010110010
00111110000011101001110101110010
00111101110100111010111011000000
00111110001110111000000111111101
00111101110100001110001010101101
10111110011000111110011001000111
10111100110111000010110101000101
00111101011010010110011111101100
00111101011000001000000101010111
10111110000010001000101101010010
00111100110100101100000010001100
10111110100011101011110110110001
00111110100111110110010011101010
10111110001000100111100011010010
00111110010000100101111110101010
00111110100111001101111101000011
10111100000000000111101100110111
10111110100111101010111100011100
00111101100101011101110110100101
00111110010010011011110001001000
00111110001000111101001000101111
00111110101001110001000000000101
00111110001100000111101010100100
00111101000101000010000101000101
00111110001010100011010111010001
10111110001111010001111010000101
10111101011110010000110010000010
10111101111100011000010110000100
10111101010110011000110100001001
00111110100010100100100111001110
10111110000011111110001011011101
00111101011111111111011010101111
00111110001010111110011101010001
10111110011111011000110000001111
00111110101000111000111111110000
10111110000010110001001111000000
00111101100110111011101110111110
10111110101110110111100001111110
00111110001101111100100010001010
10111110000010000011111011011001
10111101010000110010010110000010
00111110011010100100101001001100
00111110010100000010000001000101
00111110010011011110110001000101
00111110010010000110011101001101
10111110100010101011001100001011
10111110101100000100011111100101
10111110010000001000101011100101
10111110010101000000011110011110
00111101001001000110010101111110
00111110001101010110011110100001
10111110010111111010011101011100
10111101010010111001000001110001
10111101100100000010001010101010
10111100111010100110000100100110
10111110000010011011011110011100
00111100111101001111001101001010
10111101111100000101011001000111
10111110011010110111011000100101
10111101111010100001100000000101
10111110100100001001011000001101
00111110011101101100110000000010
10111110001011100010001010001001
10111110011011010001100100101101
00111110011101000111010111100010
00111101100001011011001010001100
00111110100100011001110111101100
10111101110000011001100111110101
00111110011001011101101010000101
00111101001110111101000000110001
00111101100001000011110110011001
00111110000001000101111010000111
00111011011000010010010001010111
10111101110001011011110010010000
00111110011101001000010001011010
10111110001010010001000101001000
10111001100010110111001010001100
00111110100011011011100111010101
00111110001001011011110101111111
10111101100010000100010011001001
10111100011100111100110010000011
00111110000110100011111101111010
00111110001010101111111010000100
00111110001110111010101111110110
10111101101110010011010000000001
10111110001101000110010101000111
00111110001110110011001101111110
00111101110111110010001011111101
00111101001101010010000001100000
00111110001100110100000110100100
10111110001101000010100101100000
10111110100010011111110000110001
00111110010001010001010111010100
00111110101001000001100011010111
00111101001001101011010011010110
00111110101010001000010000101000
00111101101111001001100101001000
10111110010100110000111010010111
10111110011001111001001111011100
00111101111101111101001100011100
00111101101101000000011010101111
10111110100010001001110111101011
10111101010010011010110110010011
00111101101110010001101011111011
10111101110100011001010111011101
10111110001100100111110111001010
10111110100001000111001111111011
00111110100000011101101101101001
10111101100000111110101110011100
10111110001000100111101111110001
00111110000001110101001010001011
10111110100010100110110100101011
10111110011001100100110110011010
00111110100110011110000100101100
10111101101011110110111100010100
10111101011111001000011000001001
10111110011001111101101101100001
00111110101010100011001111110001
00111110100001000001111011100011
10111110100100001001111110101100
10111110001010001100011111101110
00111000100111111011001101000100
10111110001111100101101101010101
00111110101001110000101001001010
10111110011000011000111000010111
00111110001110100011000011001100
10111110001001001000111001111100
10111101001000000101000111110110
00111110000111111011011001000111
00111110010100000110110101010110
10111110010101010111110100111101
10111110101010010111100000100110
10111110000101101111111110101000
00111100101000001101110110100000
00111110011100001100111010101000
00111110100001001011000111110000
10111110100110101101010010110001
10111110011001000100100101010001
00111110101011111101110011100010
00111100000001111101100001001110
10111110011100001011001010001000
00111110011010010101001110100110
10111101111100000100110001111101
10111110100000000110100011101101
00111110010110101000100001111000
00111110100111011110010000101001
10111110001001101011001000100000
10111011101000101110001001101001
10111110010011110101010010111100
10111100101100101111011001001111
00111110100110100000000001111011
00111110011101011101011100010011
10111110000011010101110110101111
00111101101000000101100010011010
00111110010010111011011011110101
10111110000101011101101010111110
00111101110100100000110011001111
10111100100010011100001111111101
10111101111000111111000001001000
00111101101111000000010010001101
10111101111101000010001111111010
00111101110011001111100011011000
10111110100100101010101001010000
00111110001100010011001001000111
00111110010011111110000100000110
00111110000001010110111101011110
10111110011010111000110101011101
10111101110101001101001010010011
10111110010011011011101000011010
10111100010110001010010000001001
00111100110001101101110000000000
00111110000111011010101100101110
10111110011110110010001111010101
00111110001101011011010111010100
10111110011100000010000001010011
00111110000100100001010010101110
10111101101010010001110111110111
00111100111010111101011111101000
00111110000111100011101000010100
00111110000001001100010111111101
00111110000101000110010100110100
10111101110011101101011000001101
00111110001001001000100100101001
10111110100000011101001010101100
10111110100101011111010000110111
10111101110111010001001100111101
10111101111010110011010101010101
00111110001111010110011010000111
10111110100011000000001111111101
00111110000011101100110110000100
10111110001010001011010110001011
10111101111010010010000011001101
10111110001110000011011001101011
10111110001111001101010011101101
00111101010010111011100011011101
00111110000001010100110111010100
00111110100110000010001011111010
10111110010001111110010010011110
10111101110100000010111010110011
10111110001100011111011001011111
00111110011011000110110101101110
00111110000011100000010011010011
10111101100011100000001110000010
00111110000000001000010010110111
10111101011000101110101100100011
00111110100001001111110101111110
00111110011111000100100000001011
10111110010100011101100001000010
10111110000010110000111111110111
00111101001110001000100000111010
00111101100010001000011000011111
00111110010011111111001100000110
00111110001100100111000011011101
10111110011111000110001001000111
10111110010111011011010001111100
00111110011110001001010100001110
10111110010101010010010001001111
10111110001110110010011101100001
00111101111000011001001010110011
10111101010101000110011010010101
10111110011110100011000111100001
10111101100000101011111100110110
00111100001100000011100101111010
10111100101010011100100010011111
00111110100000111101000010100111
00111101101011010010110011001010
00111110110000010010010010111000
10111101100111101111111110000111
10111101101110010000010100101000
00111110001011001111000110100010
00111110100010001000101011111111
00111100000000001110111100110010
10111110100101011110011100110111
10111110100001110110101011110001
10111110001000111100000010110011
10111110100000111110011101100001
10111100110000101100001111001010
00111110100101001001110011100001
10111110000011111110111100111010
10111110010010001011011001011101
00111100100000011000101001010110
00111101111001011100111100011111
00111101000000000010100001011101
00111101010110000001001101001000
10111101101000100010100011101100
10111100010101110000010010100101
10111101100101100110110100101011
00111110101100101100101000001101
10111110010100110101110100111011
00111110011000011111000110100101
00111100111100100101110110000010
00111101101101110101110000100000
00111110011000001110110000101110
10111110100101000011111001101001
00111110001101010011011111111111
10111110000000111101110010110111
10111110000111000100000101001100
00111110000100111110110010110110
10111101110111001101001110010100
10111110000011000100011101011110
00111110001011000001001000110111
00111110100001100001000000110100
10111110010010110011011110100001
00111101100101101111100100011100
10111101010100010101011101110001
10111110011001011011110001100100
10111110011000001101001000111010
10111110001000001000001101000111
10111101100000101101010110000110
00111101111110110001100101001001
00111101111010110100000010110100
00111101110100000010111001110111
00111110101001111001100110110100
10111101101100100100001111000000
10111110010111011010110111101011
10111100100101111010110110001100
00111100101111010010100110000100
00111110100110010011000000100011
10111101100010111010111101000110
00111110000001011111010110101001
10111110101101100010111011101000
00111101111000111010011011110101
10111110100111011101101010101000
10111110010010000001010100010000
00111110100000100001100100101001
00111100010110111100000010011011
00111101100010001000010010000000
10111101101111001000100001001001
00111110010110110010110111100100
00111101111110101000110010110101
00111101110100100101111011100000
00111110100110110110111000000111
10111101111101101001000010011011
00111101100010110000000011110101
10111110000010010110001110100010
10111101101000001010001101111101
00111110100111111001100111110010
10111101111101101011001110101111
00111101111000010110110100011110
10111110010000011010110010000000
00111101011001111111000110111111
10111011001111101000111011100100
00111101100111111111111010010000
00111110011000111000011101001111
10111101111111111101100111011111
10111110001100100001111001110001
10111110010111101111001111101101
10111101110010010010011000000011
00111110010110100010101001111101
10111110001001000010011101001010
10111110011100000110110101010110
00111100001010110100110101101001
10111100101111110110111010010011
10111110001000111010000011001001
00111100010111011001101110011111
00111101101011110101101100100011
00111110010011111001100011000000
10111110101100011011101010011111
00111101010011011111101001010111
00111110001000111011101101001000
00111101100100010001110101100111
00111110000101110001100010111101
00111101100010011101011011111100
10111101101110100110101111000000
00111101010100000011110010000010
10111010111101000001101110010101
10111100001100100101000101111001
00111100110100001100011000101010
00111110011010010111111001010111
10111010100001101000110001111110
00111100110100101011110001100011
10111100111111111100110100000011
10111101011000111000000110100110
10111101101111110010111111010000
10111110001000011010110011111100
10111110011001010010011011110111
00111110011100110110110110101001
00111110010111011010010111001110
00111011011010011110110101001010
10111110010010111110110111111110
10111101000101001001101011011010
10111100110110101100110000110000
10111110010000100101100100111011
10111110011010001101101000110111
10111110100111111000011101101101
10111110101111010111111101011110
00111110010101001011101010000101
10111110000101100110101110011101
00111110101001010011011100101100
00111101101010000011010101011001
00111101010000110011110010110110
00111110000101010100000111101000
10111110001000100100101010100000
00111110010100010001101101100010
10111010111011001000001010011111
10111101100101100011000100110101
10111101001000000111110000110110
10111110001001110010101110010001
00111101101011001110111101010011
00111100000101010001001011001000
00111101111111010010000101111001
10111101101110000010111101101100
00111110101010101011111010110100
00111110100000001001110100011110
00111110010100101011010000101100
10111110101011101011010111111010
10111110001000101101110010101011
00111011111000100000001110101010
00111101111001110101000101001000
10111110001111100111000100010010
00111101110000000111001010000100
00111110100001111100100001111001
10111110000111101011101011011011
00111110011100010011000110001101
10111101110100011001100111100010
10111110011101101011100110110000
00111101011001111101111100000100
00111110000001011011111100100111
00111110000000101110111100111110
00111110011001100011001111100001
00111101110001111110000101110110
10111101100111011001001000010001
00111110001110100111001000100010
10111110100000010001100010100110
10111110000010111010111110011111
00111101010100111010101001000001
10111110011001110011101111010001
00111101101010010011111010010010
00111101101001100101100101011010
00111110001000101010100011011101
00111110011110111010001001111000
00111110010001111110001011110001
10111011110001010001000001000110
00111110011001001000110011000000
00111110100101001101010000111000
00111110001001101101000011010011
00111100010000010100110011110101
00111110011000001011111100010000
00111101100100000000110000111000
00111101111101110011001101010101
00111110011001000010001110111100
00111110101001010001100010110101
00111110001011100000111000010000
00111110000100011001110010001110
10111110000110100111100011000011
10111110100010010010100111111001
00111110011011110000000001111101
00111110010001100100101011011000
00111100101101011111111010101111
10111100011111101010110111001000
00111110011010010000100010111011
10111101110010000101110101001001
00111110100011100011110001110111
10111110011111001110111010011010
00111110000011101111011100001011
00111101001001111100010010100111
00111101000000111100011011111101
10111110100011100001000010101100
10111101011010000011000000101001
10111101101010101010101011101001
00111100000011111100010010010011
00111110001010010001011010000110
00111110000111001001110010111110
10111100111011101100010010001110
10111101101101011001110100000000
00111110010110101000000100001100
00111110001001010110100110101101
10111110010101111111010010111111
10111110011000111000000011100111
10111110000011110010001001000000
10111110001101010001000110101101
00111101000100011010011000010010
10111110001111101100000110110000
00111110001011110100010111010111
00111110000011000011011011010000
10111101111110101000010110010110
10111101101000000100100101110100
10111110100011001101010000100000
10111110010001000011101011101000
00111110000100100110001001010000
00111110000110100011011110010101
00111100101010000000010010000011
00111101010001001001001011000010
10111010110110001001001101110000
00111110000111001100110110100001
10111101100101000000000001111000
10111110010001111000010110100110
10111110100010010011100001011100
00111110100001110110111100111110
10111101110000010101010110101010
00111101111011000001010101101000
00111101011001010100001111100100
10111101111001010001100000011000
00111100101100100111001001111001
10111100100110011011100100111010
10111110100000100110100011100000
00111101001100110000101010110111
10111110001010010000011011111001
00111110010000111011111100001010
00111110000100111110000011110111
10111101001101110110100011010101
10111110100111001110011011000101
00111101000011101110111010010110
00111101100010111000011101101101
10111110100000001110101101011101
00111110001010010010011100001100
10111101111111011001111001000110
10111110001011011111001000000111
10111110001010100010011010001111
00111101011101101111001011111010
00111110010111110001111000001101
10111110100010100111100110000000
00111110000010110100101110100110
10111110001111000100011110000110
10111011000101101110011111000111
00111110011100111010011001001111
10111101101000110000000100100000
10111110110001101000001101011111
10111110000011100000110101011110
00111110000111101111011011011011
00111110101000000101001010001000
00111110011101101101110010100100
10111101100011100011100010010110
10111101100010100100011100100010
10111110000110111010100101010010
00111101010011110001011101100100
10111110010000110010101010110011
00111101110001000101101101001111
00111101110100110101010000010000
00111110100001011010111001000001
00111101111001010111000110001011
10111110010101110100010110001000
00111100100010000011011011001100
00111101101011010101010111001011
10111110010011011011010110001000
10111110001101001110100010001111
10111110010111000010011010101001
00111110001000111011100001011100
10111101010101111010011101110010
00111101111000111101000001010111
10111110001001100100010011000100
00111110001001110111001000111011
10111110011001111001101111000011
10111101010110010011100001111101
00111110010101100111011100101111
10111110100011010100001101101001
10111110010010110100110110011111
00111110010000000000101011000001
00111110000000010011101010011011
00111110001100001101101001010101
00111101111001001101001001001000
10111110000111000100101100100101
10111110000101110001101000000101
10111101110101011101101111010111
00111110011100111100110001010111
00111101101000000000010010000010
00111101100011000100111101001111
10111110011100101000001001110011
00111100010101000100011100110001
10111101111110101110110111001100
10111110001101001100111101001100
00111110001000110100100011001000
00111110011101011010100000010111
00111110011011110100001011110000
10111101111011111111000001110001
00111101111000110100111110000001
00111101111001100101100010110010
00111110011001101000100101110011
00111110011001001001111011110101
00111110011100011101011100001101
00111110011110000101111110001100
10111011111001111100000110110010
10111101100010001110001010110100
00111110010001110100101101101100
00111110001110111101010000111111
10111110010001000010111010001010
10111110010101111011001001000100
10111100110100101110110010111011
10111110010111110110001101111000
10111110101100011011111100110001
00111101010110100010010110001111
00111110000010011000001010110011
10111101011001111101001101110000
00111101100111001110100100100010
00111110001100000111111110111110
00111110011111000001001101100110
10111100001000110001001010100100
00111011010100100111100110100001
10111110000110101100101111001011
00111110010101011001101101011010
10111110001101000010110101111000
10111110100010010011001110100111
10111110000001010101101010101001
00111101110000010000000101110000
00111101101110001001110010011101
10111101010101000110101110011011
00111101101000101110000011101011
00111101111001001100101011111101
10111110000111101000110110111101
10111110011110010100100110100111
10111101101011111000111000011010
10111110001001011000110010000111
10111110011010011010000100100001
10111110101101010011101001001010
10111110100011001100010010110111
10111101011110111001011001000101
10111110000111110111111011000000
10111110011000110100110011000010
10111110100101011111011010011010
10111101101110011110010001100101
00111110010010010010010111110000
10111110000100011000100000001001
00111110000010100011110011100100
00111101110011011010010000100011
00111101100011001101011111000110
10111110100011010000101110101000
00111110000011000111010011011100
10111101100110110001110000010001
10111110001100101000101100011010
00111101101011111001010001110100
00111110101000111001111110001000
00111110000001100001101101101101
10111101001100111101100110000100
00111101111110010100111111110101
10111110001111000101000001100110
00111110001011111011011110110110
00111110000010100011101100011110
10111110100001000000100011010010
10111101111100011011100110011111
00111101001011010111000101001111
10111110010111110010000011001010
10111110101000111110001111100011
10111110000110011010110010010101
10111100001100011100010110000111
10111101010110010010100010010000
00111110100000111110011101100010
00111101111101111010100000111000
00111110101110010010101000000001
10111110010100101001111001010010
10111110010100010000001101111111
10111110100001110001001111000001
00111110100010100111001000110111
00111110001111001101011101101111
00111110010100100100011010101000
10111101000100001111000010110010
00111110001000010100100010100101
00111110000110011001100111101001
00111110000101001100111000001101
00111110001000110111100110000001
00111110001010100100110101110011
00111110000011011101100000000100
00111110000111011011000111011100
00111110011100001111000101000001
00111110100011101111010011111110
00111100001001000110011101110100
10111110000010111001000111101111
00111110011110111001010110100101
10111010100001010001010110011011
00111110001101011110100110000110
00111110010100101110110001001000
10111110000010101111111000000100
00111110011000101000010110000111
10111101100101001000101001101010
00111101001000111111110101110000
