0000100110000010
0000110000100111
0000101000010011
0000100011100011
0000000000000000
0000010110110110
0001001010111111
0001101010101000
0001010110001010
0000000000000000
0000001110111011
0000111110011011
0000101000100100
0000011111111001
0000000001101100
0000100011000111
0000011000001011
0000011000101011
0000000110100111
0000000000000000
0001001001001101
0001010110111100
0001011011010010
0000111111110111
0000010000000111
0000000000000000
0000000000000000
0000100011101101
0000010001000010
0010101011011010
0000000000000000
0000011011110100
0000011000110111
0000100001011011
0011100110110100
0000000000000000
0000000000000000
0000000000000000
0010010110100100
0010111001000101
0000000000000000
0000000000000000
0000111011001001
0010100010000111
0001110011001110
0000000000000000
0000110110101111
0010000011010110
0001010101100000
0010000011011000
0000001011111011
0000101111111001
0000101001000010
0000111011010000
0001010000110010
0000000100110111
0000000000000000
0000010001101100
0001001010110001
0000110100101000
0000000010111111
0000101010010110
0001110110100001
0001000111010011
0000100001011101
0000101100011110
0001110011110010
0001010100001110
0001001110100010
0001010100001100
0000011000100111
0000010011101001
0000001100100010
0000001111100001
0000001001011101
0000011011110000
0000101000111111
0000000000011100
0000000000100100
0000010010010000
0000000000000000
0000000000000000
0000111111110111
0001011000000100
0000000000101010
0000010010001011
0001111101101100
0010100011010001
0000001111111001
0000001011101110
0010000001100110
0010011011101110
0000100101111111
0000110001010011
0001010101000011
0000000111100110
0000000000000000
0000000000000000
0000000000000000
0000000000000000
0000100101110000
0001101111111101
0011010000100010
0001100000010100
0000010010010101
0000011100000101
0001000111111011
0000110101100101
0000011111001100
0001010111101010
0000000000000000
0000000000000000
0000000000000000
0000111111101010
0001000101101100
0000000000000000
0000001111101000
0001001010111011
0000110111010100
0000000100100111
0010101001110101
0100101000010011
0101010110101010
0100101001101000
0010110010001100
0000110100000111
0000011110101011
0000101101010000
0000010001101101
0000000000000000
0000111100110101
0001010011101100
0001110111111001
0000010100100100
0000000000000000
0000100011101011
0000100000111011
0000000111110001
0000000000000000
0000000000000000
0000010010101011
0000000000000000
0000000000000000
0000000000000000
0000000000000000
0001010110111111
0001001100000110
0001010111101100
0001001101110011
0000010110001111
0000010000101110
0001101011100000
0001011100001010
0001010010101100
0000000111001010
0000101011110111
0000111100010011
0000000011100010
0000111001000101
0000000000000000
0000010011111010
0000001001110000
0001100001101110
0001010001101110
0000000000000000
0000100111101011
0001111101001001
0010001100110010
0000001011000010
0000001110101110
0001110111111000
0001111011001001
0000100011100001
0000011010000100
0000001111001101
0000000000000000
0000000000000000
0000000000000000
0000000000000000
0000000000000000
0000000000000000
0000000000000000
0000000000000000
0000000000000000
0000000000000000
0000000000000000
0000000000000000
0000000000000000
0000000000000000
0000000000000000
0000000000000000
0000000000000000
0000000000000000
0000000000000000
0000000000000000
0000000000000000
0000000000000000
0000000000000000
0000000000000000
0000000000000000
0000000000000000
0000100010001110
0001010100101001
0001101101000110
0001111000000011
0000000000000000
0000000001110001
0000000000000000
0000110110111001
0001010100011101
0000001010010010
0000000111110001
0001000010011100
0010000001111100
0000010101000011
0000010111000111
0001011110011000
0010011000101010
0001101001111111
0001011010011011
0000001011000010
0000101001110110
0000010111011010
0000011110011101
0000110001011010
0000100100001010
0000111000110001
0001001010010101
0000111001000011
0000111011100010
0000011100111010
0000000100111000
0001000010111011
0001000101111010
0000110100011111
0000010011101111
0000110111010111
0010000000101110
0000111001100011
0000100000000010
0001000001011011
0010000111010001
0001100110011101
0001001000001111
0001001010010000
0000111011001011
0000110000110110
0000100110101111
0000101000010011
0000001100001110
0000000000000000
0000000101000010
0001001010000001
0001101100110000
0010010100011110
0000000000000000
0000010001110000
0000001101001111
0000110110000111
0010100000100100
0000000000000000
0000000000101100
0000001100011111
0010010101011011
0001110101000001
0000000000000000
0000010011010111
0010001011000101
0011000010111110
0001110111111000
0000000000000000
0000111101111001
0001100000101010
0001001010010001
0001100110011110
0001000011010101
0001100011110101
0001110111010010
0000111011001000
0000010010001100
0000011111100000
0000000110000110
0000100010110011
0000011010000101
0000010011010101
0000000000010000
0000011001100001
0001001010001110
0000010000100000
0000000110110110
0001000001011011
0001111011111000
0001011000011001
0000110100100100
0000100000001110
0001110000000101
0001011100001000
0001010100010000
0001001001011001
0000010110001010
0000100110010110
0000110111101110
0001110010000100
0000010010100101
0000000010110011
0000111100001110
0001010011000111
0000111001101010
0000000000110001
0000011001000100
0000000110100100
0000000000000000
0000000000000000
0000100100110001
0000011110100010
0000000000000000
0000000110100110
0000010110010100
0000000000000000
0000000000000000
0001111011100101
0010111011100111
0011000110100000
0010010100101111
0001000110010101
0000001010000100
0000111110111111
0001010100100110
0000101100100010
0000001010111011
0000010110100100
0001011101001111
0001000000001001
0001111100110101
0000111000010100
0000000101111101
0000000111010110
0000101111110100
0001111100111111
0000100010111001
0000000000101010
0000101000011010
0001110010010010
0000111110001110
0000000110001001
0001010110001110
0010010100000010
0010010110001010
0001110111000000
0000101111101010
0000000111001111
0000000000000000
0000000000000000
0000000000000000
0000110011100101
0000000000001110
0000010000000010
0001000101010110
0001000000111100
0000111011000010
0000100000101110
0001000110011011
0001000010101100
0000010011111001
0001000000111011
0000101101001111
0000101101110100
0000011101000111
0001010100110010
0001011001110000
0000000000000000
0000000000000000
0000000000000000
0000000000000000
0000000010100110
0001001011011001
0010011001001010
0010100000101110
0010001011111000
0000010111001101
0000001010100101
0000000000000000
0000001001001101
0000101000101110
0000000111111111
0000000000000000
0000011000011101
0001000100000011
0000001110101011
0000000110001011
0001010010001000
0010000101011110
0001010110010101
0001000101011000
0000010001111110
0010001000111001
0001110011101110
0001101011000111
0001110100010101
0000111110100110
