0010011111111001
0000001001010110
0000000000000000
0000000000000000
0001111000000111
0000000000000000
0001111001011001
0000000000000000
0000000000000000
0000000000000000
0000010010010111
0000000000000000
0000101110110111
0000000000000000
0000000000000000
0000100000011010
0000000000000000
0000000000000000
0000000000100100
0000000000000000
0000000000000000
0000000000000000
0000100001000010
0000101001101110
0001110110000101
0001001011101110
0000110100101000
0000000000000000
0000000000000000
0000101000100101
0010010001101000
0000000000000000
0000011001100100
0001010110110111
0000000000000000
0000001001100110
0000111000111110
0010100010010110
0000001001100000
0010011111110110
0000101011001101
0000000000000000
0010011001110110
0000000000000000
0001100011111101
0000011100010011
0010000100110110
0000000011010100
0001100111010101
0001101000111000
0000000000000000
0000100111111011
0000011011010001
0000000000000000
0000000000000000
0000110000100101
0000000000000000
0000110011110100
0000000000000000
0000000000000000
0000000000000000
0000100100011010
0010011101010110
0000101100111101
0001110000011011
0000000000000000
0000100011100010
0000000000000000
0000000001111111
0000000000000000
0000000000000000
0000000000000000
0000100111000010
0000000000000000
0000010111100010
0000010111010011
0000000000000000
0010011011111100
0000000000000000
0010001101010110
0010111101001110
0001010001000111
0001011110101101
0001101010010000
0000110100000110
0001110010011001
0000000000000000
0000010011101111
0000000000000000
0001101100000010
0011101000010001
0000000000000000
0000000000000000
0000000000000000
0000101010000110
0001010111110011
0000000000000000
0000000000000000
0000101100110101
0000000000000000
0010011000111100
0000000000000000
0010110001111101
0000000000000000
0000000000000000
0000111010110000
0000111100000000
0000000000000000
0001100101001101
0000000000000000
0000000000000000
0001011011010110
0000100100110011
0010101011111000
0000000000000000
0000000000000000
0000000000000000
0000000000000000
0000000000000000
0000000011001110
