0010011111111001
0000001001010110
1111100101110011
1111000101010011
0001111000000111
1111000101110101
0001111001011001
1111001010000011
1110101001000010
1111110101110100
0000010010010111
1111011010101101
0000101110110111
1101001110100000
1111110001001001
0000100000011010
1111100001000010
1100101010110000
0000000000100100
1110100010111000
1111100110000010
1111101001111101
0000100001000010
0000101001101110
0001110110000101
0001001011101110
0000110100101000
1111000110111011
1110111101001011
0000101000100101
0010010001101000
1111000000011011
0000011001100100
0001010110110111
1110101000001100
0000001001100110
0000111000111110
0010100010010110
0000001001100000
0010011111110110
0000101011001101
1111101101001100
0010011001110110
1110011011001010
0001100011111101
0000011100010011
0010000100110110
0000000011010100
0001100111010101
0001101000111000
1110100101010100
0000100111111011
0000011011010001
1111001011100110
1111111001000010
0000110000100101
1111110000011110
0000110011110100
1110100010001001
1111101100100010
1111101001011111
0000100100011010
0010011101010110
0000101100111101
0001110000011011
1111110101110111
0000100011100010
1110101010101001
0000000001111111
1111011011000011
1111101111100000
1111011100100111
0000100111000010
1110101001010101
0000010111100010
0000010111010011
1110000101001011
0010011011111100
1111010100011011
0010001101010110
0010111101001110
0001010001000111
0001011110101101
0001101010010000
0000110100000110
0001110010011001
1111010000110111
0000010011101111
1110001010100101
0001101100000010
0011101000010001
1111110100001000
1111011011010111
1101111010001100
0000101010000110
0001010111110011
1111100111001101
1111110101000101
0000101100110101
1111110011110110
0010011000111100
1111011011100000
0010110001111101
1110000111110010
1111101111111110
0000111010110000
0000111100000000
1111110010100001
0001100101001101
1110010001100111
1111110111011110
0001011011010110
0000100100110011
0010101011111000
1111110000100011
1111010110100101
1111100101011011
1110100101010010
1110101110111100
0000000011001110
