0000010011100001
0000110001010111
0000110000010100
0000010011100110
1111101101101011
1111101011000111
1111101100011011
1111010010101101
1110111010000010
1110111010011011
0000011001011110
0000111001110100
0001000010100100
0000111011111101
0000111100111100
0001100100010010
0001101101001110
0000100000111111
1111000111110000
1110110001111001
0000001101100100
0000101101110011
0001001011100111
0001010001011100
0001100011101010
0010001110011010
0010011100000010
0001000001100110
1111011000001011
1110111101001101
0000000000011010
0000011111100101
0001000010001101
0001001100101101
0001010110011100
0001100010000000
0001011100011100
0000011110100011
1111011100011001
1111001110000011
1111111010111011
0000010101010101
0000111001000000
0001001001011110
0001000001010001
0000101010000110
0000100001000111
0000001110110000
1111101111101101
1111100111000110
0000000101000010
0000100001010101
0000111100111110
0000111010001110
0000100000011101
0000010110011011
0000101001011010
0000100110010010
0000000110110011
1111110100001111
0000011010000010
0000101110000011
0000101010010000
0000010110101000
0000001111100001
0000011000001111
0000011010011110
1111111100111101
1111010111100111
1111010001100001
0000100110111100
0000011101011010
0000001100101011
0000010011001001
0000100010011101
0000011000011110
1111110101010110
1111000011000010
1110100010100110
1110101110000100
0000110101000101
0000110000011111
0000110010101111
0001000100011011
0001010000110111
0001000011001111
0000101010001110
0000001000010011
1111011111011100
1111010000100000
0001010010111011
0001101100010101
0001110100011010
0001110000001100
0001101110010001
0001101010110000
0001101010001111
0001100010101101
0000111000101000
0000000111110100
1111101000101100
1110011111111010
1101100011011010
1110011000011001
0000000000000000
0000001100111001
1111101100100101
0000100101111001
0010010011111011
0010011000101111
1111100100100010
1110010100011100
1101111000011110
1111101011101000
0001011001001111
0000101000101010
1111010101101110
0000011110010001
0010111100011011
0011000100100011
1111100100000001
1110101000000011
1110111110110010
0000111100100101
0001100011011110
1111101100011001
1110011110010010
0000100010111101
0011101000010000
0011010111100001
1111101010101001
1111010010100100
1111111011101011
0000110010101101
1111110010000000
1101110111100000
1110000110001101
0001100010110010
0100010101111000
0011000101100101
1111110011110010
1111101011110010
1111101111110101
1111001111101110
1101111010001000
1101011111010101
1111101010101101
0011001101001110
0100010101000011
0010001111101010
1111101100001100
1111010000010011
1110101010111111
1101111000010101
1101100100000011
1111000110010110
0010000111111101
0100000101000011
0011011100101001
0001100010111111
1110111001111101
1110001101100011
1101101101111001
1101100011010011
1110100101100100
0001000101001110
0011000111111011
0011001100110001
0010001100101000
0001011110100100
1101111001001100
1101010011000010
1101101010011111
1110101100110101
0000011110110110
0010001000100000
0010010011001100
0001100000100110
0001100010010101
0001111111011000
1101100011101000
1101101010111110
1111001001100000
0000110000101110
0001111100100000
0010001101110010
0001011110101101
0001000101000000
0001110110011101
0010011010001100
1110010111011010
1111010110100011
0000110111111011
0001110010010011
0010001010110110
0001111000010000
0001010111110000
0001011010100101
0001111111100101
0001111101010000
1111111101100101
0000001110101000
0000110000001111
0001010010100110
0001010111010110
0001000100010010
0001000010111001
0001010110111111
0001100011001001
0001000111010011
0000001000001010
0000011000111100
0000100000000000
0000011100101111
0000001000100000
1111111111000100
0000010010010000
0001000000110110
0001011001100010
0000111111001100
0000001010001110
0000000110000111
1111101100100100
1111011010110101
1111011110110000
1111111101011000
0000101101111100
0001001110010100
0001001111111011
0000101110110100
0000000011001000
1111110001001101
1111011101010000
1111100011001011
0000000110010000
0001000000100010
0001011100010110
0001010010011110
0000111000101101
0000011011000001
1111111110010100
1111110101100110
1111111001011101
0000011001110100
0001010101011011
0001111001110000
0001100011011110
0000111010001000
0000011101011110
0000010000111101
0000000010101010
0000001001010001
0000101011111010
0001100011101011
0010001100000001
0001111110110111
0001001110110100
0000110000110001
0000101110010001
0000101001001000
0000001011111000
0000110011110010
0001101100010101
0010001100101111
0001111100000110
0001010101101110
0001000011000100
0001010010011111
0001011110101101
0001001111000010
0000011111101011
0001010010100010
0001110010000011
0001100100000001
0001000101101001
0000111001011011
0001000111110100
0001011100110010
0001011100100010
0001000110011101
0000101000100100
0000110101000101
0000101111001011
0000011111011001
0000010111000000
0000011011001010
0000100000110001
0000011101010100
0000010110001111
0000001111100111
0000000100110011
1111110010010110
1111100101001111
1111011111000110
1111100001110000
1111100011111101
1111100001111100
1111011100111010
1111100000011101
1111110001101110
0000010100111000
0001000001100111
0001011110001011
0001000101110000
0000000001110011
1111010000000110
1111011001011001
0000000010010001
0000100000110001
0000101000001110
0000001100011000
0000001100001000
1111010011110101
1101111000011001
1100101100111000
1101000101000110
1110011111000111
1111100101011010
1111111000101000
1111110110100011
1111111011111011
1111011011100100
1110011110110101
1101110001000000
1110000100001000
1111101111100010
0001000101101110
0000111101011010
0000000010101001
1111011011100110
1111110101111100
1111100000011110
1111010000100111
1111101110101110
0001001111010101
0010110000000110
0010100100001111
0000111000111000
1111010100101101
1111000010011011
1111111100001100
1111111100100011
0000011101011101
0001110001100100
0011000100001110
0010110111110010
0000111111100111
1110111101100100
1110010111010010
1111001001010000
0000001101000011
0000111011101010
0010010000011010
0011010111010111
0011000001011111
0001001111100100
1111011001010001
1110111101101001
1111110110001011
0000101110111000
0001001100101000
0010100001001100
0011100010101010
0011010001101110
0001110101000111
0000100010110110
0000011101001001
0001011100100111
0010001111101010
0010000000101110
0001111010100100
0010011110000000
0010000010101101
0000110111110010
1111110011111100
1111101011010100
0000010010111111
0000111000011110
0000110010101100
0000010001000111
0000011110011010
1111100100011101
1110001100010010
1101000110011111
1100110001000000
1100111001111101
1101001010110110
1101010001110000
1101010111000101
1101111000101000
1110100000110010
1101010100101000
1100010100111001
1100000010010011
1100001110100011
1100100000000001
1100110010001011
1101000010101010
1101100001100010
1110011000000100
0000001011111010
0000010111001001
0000100010011001
0001001000000110
0010000110101111
0010101000000110
0001101001111011
0000001001111111
1111011010101001
1111011100101111
0000100010111110
0001010000111111
0010000111101101
0011001101101000
0100001100011101
0100000110111001
0010110110110101
0001010110100011
0000101001000011
0000100000010011
0000011100000010
0000111110011001
0001101010101000
0010000111010111
0010000000100001
0001010101110011
0000101110001101
0000100111101010
0001000000000011
0001001011101100
0000000101010100
0000010000100101
0000100001010111
0000001100010110
1111011110000011
1110110100111101
1111010001101111
0000100110111011
0001101011001111
0001100111101000
1111110001110010
1111100101111011
1111010010010100
1110101111101111
1110010101100000
1110101100010110
0000010001011111
0001111101000111
0010010110100010
0001011101110011
1111010000000110
1110100011100011
1101111110000000
1101101101100000
1110000011111010
1111001110000100
0000100110000110
0001001001111100
0000100010011101
1111110110011001
1110100100001100
1101110100001001
1101100100011100
1101111111111101
1110111011011011
1111101010101011
1111110101111011
1111000110111101
1110010110111010
1110011111111001
1111011100101011
1111010110100111
1111110111110010
0000111110100010
0010000100000011
0010100111101000
0010010001110001
0001001011011111
0000010000100000
0000000001111100
0001110001000001
0010101011100110
0011110101011101
0100111101100010
0101110000101111
0101111111101011
0101100111100000
0100101011010000
0011011101011001
0010010011100100
0010011110011011
0011101100010001
0100101011100101
0101000010101010
0100111110000101
0100101100000110
0100010110110101
0011111100111011
0011001110011110
0010001001010110
0000100010100000
0000110101110110
0000010000111000
1111010101110001
1111000101100110
1111100010100110
1111010010100100
1110000000001001
1101011110101001
1110010000000011
0000101010111100
0001001101001011
0001000001100000
0000101000010111
0001000001010010
0001110011110000
0001000110110100
1111000101001010
1110000000111111
1110100011111000
0000110000011001
0001011000010100
0001011001111010
0001011101010001
0010000011001011
0010100011100100
0001010010010010
1111001010001001
1110001111001111
1110111100010111
0000101000011011
0001000010001100
0001001001010010
0001001110010100
0001100001011000
0001010111011111
1111111011000000
1110011010000010
1110010010111110
1111011001010101
0000011101010110
0000101110100110
0000110100111000
0000101110000110
0000011111000100
1111110110101010
1110110111011110
1110010110010000
1110111100111111
1111111111111001
0000100000011010
0000100010011000
0000011001001101
0000000111100000
1111101011010011
1111001000100100
1110101001011001
1110101010100111
1111001110110111
1111110110100000
0000100001011110
0000000111111101
1111110000101010
1111011101011000
1111000111001010
1110101001011000
1110010100011011
1110001111001110
1110010000100110
1110101000111101
0000100001000100
0000000000001101
1111100010010110
1111001110010100
1110111110010010
1110110010001100
1110110001100010
1110011111010011
1110000010111100
1110001110001101
0001000010001111
0000110111110100
0000100101100101
0000011011001111
0000011110001101
0000101011101001
0000110000110011
0000010010000000
1111100100000100
1111011010000000
0001101101110101
0001110100000011
0001110011110100
0001111011110000
0010000101100100
0010001111010101
0010001100001100
0001101000001100
0000110111111100
0000100001000011
1111111101100101
0000001110101011
0001000011000111
0001100100010100
0001101000110000
0001101110001010
0001110111000110
0001011100001011
0000011100101000
1111110111001101
0000000000010101
0000110011110111
0001111111010101
0010000111010000
0001011101001101
0000111100100010
0001000101110100
0000110001101000
1111110101101001
1111100011011010
0000001101001111
0001001101001110
0001110110011111
0001000011001110
1111110101101100
1111101111110000
0000100110101000
0000011011100110
1111010010100110
1111001000001100
0000010100101101
0001000000010000
0000110111011110
1111101101111111
1111001010011111
0000001110001011
0001100010101110
0000111111010110
1111010001101111
1110111101011110
0000010010111100
0000100001010011
0000000111110110
1111100100110010
0000000101100011
0001101001100010
0010011000111010
0000111001011101
1111000000101011
1110111000010000
0000001111000111
0000001100010001
0000000011001011
0000011100000010
0001101101100001
0010101010010010
0001110100100010
1111100100010010
1110001111111010
1110101011111000
0000001111001000
0000010110111011
0000101111011011
0001110111101100
0010110111001101
0010010100000101
0000011101110100
1110111100110011
1110110000011100
1111010010011011
0000100011100001
0001010101001000
0010010000110111
0010111100100111
0010100010001110
0001000101100111
0000000010100111
0000001011101101
0000100010101010
0000011000010001
0001010010011000
0010010111101000
0010110110000100
0010011110111100
0001011100010001
0000100010100011
0000100000111011
0000111110110000
0000110011110000
0000001001000110
0001110011000011
0010000010011101
0001100010000110
0000110101011111
0000001111010011
1111111111111101
0000000101100110
0000000010111111
1111011011011000
1110111111111111
1111110110100000
1111101000100011
1111100100000101
1111101001000110
1111011101100110
1111000111101011
1110110111100111
1111001011111011
1111100101000111
1111101100001101
1111111001010010
1111101010111011
1111100000100011
1111011100001000
1111000100111110
1110101011001010
1110100111000110
1111000011110110
1111011011110101
1111011111011101
1111111000001011
1111100111010111
1111011011001111
1111010000111101
1110110111001001
1110100011111011
1110101100011001
1111001100000101
1111100100001101
1111011101100101
1111111000000110
1111101100011100
1111011110100101
1111010000011110
1111000001110101
1110111100100000
1111000000111100
1111010111011111
1111100101001100
1111100100001111
1111110111000111
1111101000000100
1111010100111001
1111010000000110
1111001011011100
1111000111111011
1111000111111101
1111010000010110
1111011110100000
1111100101010011
1111100110110110
1111010110001101
1111001110011010
1111000100111001
1110111001000001
1110110010110011
1110101111101110
1110111101011000
1111010101101011
1111100110001010
1111010101000010
1111001110110010
1111000100011110
1110110011110110
1110100110110000
1110100000101110
1110100101001111
1110110111111010
1111011000010111
1111110000000100
1111011100001111
1111010001101011
1111000010111001
1110110111011001
1110110001101110
1110110011101110
1110111001010001
1111001001000010
1111100000101101
1111110000011001
1111100011111101
1111010111111000
1111001000101011
1110111101000001
1110111100010101
1111000010101111
1111000111101010
1111001110001110
1111011010101000
1111100100100110
1111100001010001
1111010110000000
1111000111111111
1110111110000111
1110111111000100
1111000010111111
1111001000100010
1111010000000100
1111011110001100
1111100111111111
1111110111010111
1111101010100001
0000000100011110
0001001011101001
0001111111010010
0010000110010000
0010010000000111
0010100011001001
0010010110110010
0001011000101000
1111100110001101
1111010101110101
1111111101100100
0000111000110000
0000111001101100
0000010011011000
0000011101100000
0001100011100111
0010001101111001
0001100010110111
1111100100010011
1111011101010011
1111111011100000
0000000111000101
1111011111010111
1110110100000110
1111011011110111
0001000110011000
0001111000110010
0001001011101001
1111110000011110
1111110001001111
1111111001111011
1111101100101000
1111001111101101
1111010011010111
0000100000100001
0001110100101010
0001100111010000
0000100110001001
0000000000101000
0000000100111100
0000000001111001
1111110001000011
1111110100000111
0000110001001000
0010000000100011
0010001010110011
0000111110101101
0000000100101001
0000010001100000
0000010010000100
0000001100101110
0000010000011101
0001000111011010
0010010001010000
0010100000010100
0001011100000100
0000010000110101
1111111110000110
0000010101111011
0000011010010101
0000101100100001
0001011110001110
0010011011111010
0010110010000111
0010000101100001
0001001000111011
0000110110101111
0000110110000000
0000000011000111
0000101001000101
0001100011000100
0010001011101110
0010010101101001
0001111111000000
0001100111001100
0001110010010100
0010001000110001
0001110100001101
1111101111111000
0000101100001011
0001010101010101
0001010010000011
0000111010111100
0000100010101110
0000101000101100
0001010001001001
0001101110111111
0001010110101001
1111100010101101
1111110110110001
1111111000000111
1111101100010111
1111011011001000
1111001010110100
1111001011011011
1111100100010110
1111111000010000
1111111010101100
0000010010111011
0000101011010100
0000111000001111
0001000111000110
0001011000000100
0001011000100001
0001001001101000
0000110111001101
0000111011101100
0000110110111011
0000011011110110
0000110110100101
0000110101001010
0000101110100100
0000110110100100
0001000010001010
0000111010010101
0000101001000100
0000111100111010
0000111110100111
0000011101000111
0000101011010111
0000010011010111
0000000000001001
0000011011111000
0001001010000100
0001001100001111
0000110101100101
0000111110101000
0000111111000000
0000010101010100
0000010101110101
1111111011011101
1111111110011001
0000111000011111
0001101101010010
0001100011100011
0000110010010000
0000100110110111
0000101101011101
0000001100110011
0000001101111001
0000001100101000
0000101101001010
0001100110011001
0010000101001010
0001011111111111
0000011100110100
0000010000001111
0000011111111101
0000010011001011
0000100001000100
0000111011010111
0001101000010010
0010010000101111
0010000110100101
0001001101010011
0000011100000111
0000011111010111
0000110000100100
0000100110000011
0001000101100001
0001110011001100
0010011001010110
0010010010001100
0001100101010010
0001000001010001
0000111111010000
0001001111011101
0001001100110101
0000111010010101
0001011111110100
0010001000101100
0010000111110111
0001100000000000
0001000010010101
0001001000111111
0001010111011010
0001010000110010
0000111011111100
0001000010110011
0001010100101001
0001010111110011
0001000011100000
0000110001001100
0000110101000001
0001000010100001
0000110110011011
0000011010100010
0000010001110101
0000110010110100
0000100010011011
0000010101110010
0000010010010011
0000010110011001
0000011110010101
0000011110011000
0000001001110110
1111111000101111
0000000100100001
1111101101111100
1111010111110001
1111011111000110
0000001010101101
0001001101100001
0001100101111110
0001110110001111
0010010100011101
0010011110000010
0001111101110010
1111011111101011
1110111110001011
1111001101011010
0000001001011100
0001000010100000
0000110010000110
0000110110111001
0001110001011000
0010100010001001
0010010011111011
1111011110001000
1111000101010100
1111100100111111
0000100001101100
0000110000011110
1111111001000101
1111111010111001
0001010110010001
0010100100000110
0010010011110101
1111101001110101
1111100001111100
0000000100111001
0000100000011010
0000000100100000
1111010101100101
0000000010001000
0010000000000011
0011000001110101
0010001000100010
1111110111110000
1111111000011001
0000000010110001
1111110111100000
1111011011011000
1111100101000001
0001000100111101
0010110100111001
0010111010100010
0001011101111101
1111111110100000
1111111000001011
1111101101100100
1111100001100001
1111101110011101
0000110001111101
0010010111110010
0011000100000100
0010001001010011
0000110010010101
1111110111101100
1111101111100000
1111101100010100
1111111101000111
0000111011001000
0010011000111000
0011010101100100
0011000011010011
0001111101100010
0001000111010110
1111100100100011
1111101000000011
0000001000110011
0001000100101010
0010010000101001
0011000111101010
0011000111100111
0010101011011010
0010011000010011
0010000010010110
1111000100010011
1111011101110111
0000100110100010
0001100111110111
0010000110101000
0010000011101011
0001101010011110
0001101110011011
0010000111110100
0010000001011000
1110111101100011
1111100111110000
0000100101000011
0001000100001001
0001000100001110
0000110100001000
0000100001001111
0000101110111110
0001001011100011
0001000101001001
0000100100101001
0001010000110110
0001101011100110
0001110010110001
0010001101110110
0010011001010011
0001101100010011
0000101000011101
0000001011000110
0000011000110010
0000110100000111
0001100011101101
0001100001101001
0001001111010010
0001010000000000
0001100110000000
0001000111101011
0000010000000110
0000000011001010
0000100001101110
0000101001011001
0000111000111001
0000011000011000
1111110110010011
0000000000010010
0000110100010111
0000101000111001
1111111111011110
1111111110101000
0000100010000000
0000010001111111
0000001001110000
1111101110011101
1111100110100101
0000010001001100
0001000101010101
0000110101001010
0000001010010000
0000001011010010
0000100000000011
0000000001000001
1111111000111011
1111110101100100
0000010000110010
0001000010000100
0001011001000010
0000110101011110
0000001100100100
0000001000011001
0000010011000001
1111111010000011
1111111011100101
0000010101010010
0001000000000001
0001010011111000
0000111001111010
1111111110110000
1111011110010110
1111100110010100
1111111101110111
0000001110111101
0000100011110101
0001001110111100
0001110000010001
0001011011110100
0000100100110101
1111111110001101
1111110100010101
1111111110111101
0000001100011111
0001011000000101
0001111010110111
0010010111101110
0010011000100100
0001111000011011
0001101000100000
0001101110100000
0001100011110010
0001000101110110
0000101110100101
0010001011001110
0010011010101010
0010010011100110
0010000100101101
0001111100010001
0010000101100010
0010001001110101
0001101001110101
0000111000001100
0000100000011101
0001010011111100
0001000110011111
0000110000101010
0000100111100010
0000100110011110
0000101000101110
0000100100101111
0000001101001011
1111111001000001
1111111110101100
0000010110001010
0000001101000111
1111101110000000
1111110000100010
0000011110111100
0000110010001010
1111110001010010
1110110101100011
1111000011101101
1111110010011001
0000101111000100
0001000111000011
0001010111110010
0010000111001000
0010111101011111
0010111001101011
0001001010010110
1111100111101100
1111100111100000
0000001011001111
0000110111111101
0001011001011011
0001101101111110
0010000000111010
0010000011110110
0001011111111110
0000000011000111
1111011100011111
1111111111000000
0000011101101001
0000101000010010
0000110111001100
0000110111101011
0000100101111000
0000000010110100
1111100000011111
1111001011101011
1111101111000001
0000100010100000
0000100100000110
0000001110111101
0000001011010110
1111111101000011
1111011100010001
1111000011001101
1111010010110101
0000000000001110
0000110111111011
0001000100111101
0000100000100001
1111110100010011
1111011100101011
1111000001011110
1110110000110011
1111000010111011
1111111001101010
0000101010000010
0000110000111000
0000010100101011
1111111010011001
1111010010000100
1110101011000100
1110100001010111
1110111100000100
1111100000010100
1111111000101001
1111101000011111
1110111101010001
1110101010101111
1111000111111110
1111010100100010
1111000110100010
1111101000111101
0000011010011011
0000110011001010
0000100110001001
1111111000001011
1110111111101111
1110111001001011
1111100010101011
0000111010111101
0001011100000110
0010001010000010
0010101110010101
0010111100001011
0010110100110110
0010011000011110
0001100100110111
0001000001111101
0000110011011001
0010010100011001
0011000010110110
0011011001101011
0011011100011010
0011011000010000
0011010000101111
0010111110110001
0010010110110101
0001100111100100
0000111100011010
0000000001100111
0000000110101000
0000010010000100
0000101101011000
0000111101111101
0000110101111110
0000010011110010
1111110010001100
1111110000111111
1111111001111010
0000000010010101
0000011101101100
0001001000100000
0001110100000001
0001110110111101
0001100111100000
0001011011011010
0001000010111110
0000100110011110
0000000101010001
0000000010101011
0000101011110001
0001100011110110
0001111111100110
0001100101111011
0001010111001110
0001110110101001
0010000011001101
0001011011111010
0000010111110011
0000000011111001
0000100111111001
0001001101001000
0001000100011001
0000011100101101
0000100110101100
0001101010010100
0010001111001101
0001011011101100
0000010001110101
0000000100100101
0000010011010001
0000010111110110
0000000101001010
0000000011001101
0000110010110001
0001111111101110
0010000110001001
0001000011000001
0000000111101000
1111111011010100
1111110100101010
1111110011101110
0000000000011000
0000100101011001
0001100011111000
0010000111101110
0001100110011000
0000101101010000
0000010011101010
1111101001110100
1111100111010001
1111111001011001
0000100100101111
0001011000001010
0001110100110001
0001100001111100
0000101101010011
0000001010101000
0000001101111110
1111110111001001
0000000010101001
0000100100111101
0001010111111101
0010000001000110
0001111011000101
0001001110010111
0000011011010000
1111111010111100
1111110010110110
0000101000110110
0001001101101100
0001110011100100
0010010000100110
0010011110000001
0010001101110001
0001110001001011
0001010110011110
0000101110100010
0000000011111111
0001010101100101
0010001100101111
0010100110110011
0010100101001100
0010011100101111
0010010000001000
0010001100001001
0010001000001111
0001100010001001
0000101010000000
0000010100101010
0000001000010011
1111110110000000
1111101100100010
1111101110010010
1111101010101001
1111011000011011
1111101000010111
0000100001011110
0000111101010000
1111111101111101
1111100000101000
1110111111101011
1110100100111110
1110110110011100
1111001101110011
1111011000101011
1111111000011100
0000101111110011
0000111111110001
1111110100100110
1111100100010010
1111010110011110
1111100101010110
0000011100100000
0000110111111000
0000111001101101
0000111101110110
0001000110100001
0001000010101011
1111111011111000
0000000000111001
0000001110101001
0000110001100010
0001011100111100
0001100100000100
0001010100110100
0000110111010111
0000101100001000
0000110110110011
0000001110001000
0000011101111001
0000110001001011
0001000101001111
0001010011110100
0001000100100100
0000011111010100
1111111101100001
0000010001101100
0000110110101001
0000100010000000
0000110100110110
0001001011111101
0001010111010111
0001001011011100
0000100110111011
0000010000010000
0000100000000000
0001010011000010
0001101000010110
0000110001011110
0001000101100100
0001011000001100
0001010000010100
0000110010110100
0000101110010100
0001010000001110
0001111100111101
0010010010111110
0001111001001101
0000011111101010
0000011110010000
0000001110110010
1111110111101000
1111110110000100
0000010011010100
0000111101001100
0001001000101111
0000111000101100
0000100010001001
1111011111011100
1110111011100100
1110011101111100
1110011101001111
1110101111010110
1111000011001100
1111001110101100
1111001000101101
1111001000001101
1111011110001101
1110111001011010
1110011000001100
1110011110001001
1110111001111110
1111010000101111
1111011111101110
1111100010011100
1111100101011010
1111110000111111
0000001010011001
0000100100111000
0001101011101100
0010101110010000
0011000111010001
0011001100000110
0011001101001100
0010101111011001
0001100110110100
0000011011010011
1111110101111101
0000110000000010
0001101100111101
0010000010010011
0001101100110101
0001100100100001
0010000101000100
0010011111010101
0001111001111110
0000110011101001
0000001101111010
0000010011000100
0000010111010001
1111111000111001
1111001011110100
1111001010111101
0000000101001001
0000111011110100
0000101111111110
0000001011100110
0000001010001110
1111110100001010
1111011011000010
1110111110001110
1110111010010010
1111100111101100
0000011111101100
0000101100000100
0000001011000001
1111111010101100
0000001010001001
1111101000010010
1111001110011010
1111010110100100
0000001010010101
0001001100100000
0001011000010101
0000101111100100
0000001011000111
0000001001000101
0000001111100111
1111100000000100
1111100011001111
0000001111011011
0001001000000011
0001010001101011
0000011001101100
1111100001000110
1111010101100010
1111100011110011
1111110000101111
0000000010001110
0000101010111101
0001011011010101
0001101001000001
0000111111111110
1111111110001101
1111011101111101
1111011100010110
1111010101101010
1111010011101101
0001110111010110
0010100100000000
0010110000011010
0010100001001010
0010001100111001
0010001100011101
0010010110100111
0001111110111001
0000111101101111
0000001010001011
0010111101100011
0011010001110000
0011000000000010
0010101101011011
0010110000000101
0011000101111110
0011010110101000
0010111010100111
0001111010111111
0001000001110110
0001001101000101
0001000111001011
0000111001001010
0000101000010001
0000011100101111
0000011001101011
0000011101011100
0000100010101000
0000100001000010
0000011100100001
