0000000000000000
0000000000000000
0001111011100110
0000010101011001
0000000000000000
0000000000000000
0000000000000000
0000000000000000
0000011010001111
0000000000000000
0001101011001001
0001011110000000
0000000000000000
0000000000000000
0000010111101111
0000101000010111
0000000000000000
0000000110001011
0001100100010101
0000000000000000
0010001110101111
0000000000000000
0000000000000000
0010011101000010
0000100110111011
0000001100010010
0010000100100001
0000000000000000
0001010100101111
0001100001001110
0000000000000000
0000101011000010
0000011101000101
0010011111010001
0001001010001110
0010101001101111
0001110010111000
0000000000000000
0001011001011001
0000000000000000
0000000000000000
0000111101001110
0000010000001001
0010110011011011
0000000000000000
0000111100010111
0000000000000000
0000000000000000
0000000000000000
0001111100100001
0001000110000011
0011110000110001
0000000000000000
0001011111101001
0000111100101011
0000001100010111
0010000101001000
0010101010010000
0001010001000100
0000110011010101
0010000000000111
0000000000000000
0000000000000000
0010111100010110
0010011100111101
0000000000000000
0001010011000000
0000000000000000
0000001111110001
0010101011011110
0000111001100101
0010101000111101
0001001001010101
0000000000000000
0001000001000101
0000100011111101
0001010001100101
0011100011011000
0000110111000111
0000101010101100
0000101011000110
0000011100001110
0001111111110100
0000000000000000
