0000010011100001
0000110001010111
0000110000010100
0000010011100110
0000000000000000
0000000000000000
0000000000000000
0000000000000000
0000000000000000
0000000000000000
0000011001011110
0000111001110100
0001000010100100
0000111011111101
0000111100111100
0001100100010010
0001101101001110
0000100000111111
0000000000000000
0000000000000000
0000001101100100
0000101101110011
0001001011100111
0001010001011100
0001100011101010
0010001110011010
0010011100000010
0001000001100110
0000000000000000
0000000000000000
0000000000011010
0000011111100101
0001000010001101
0001001100101101
0001010110011100
0001100010000000
0001011100011100
0000011110100011
0000000000000000
0000000000000000
0000000000000000
0000010101010101
0000111001000000
0001001001011110
0001000001010001
0000101010000110
0000100001000111
0000001110110000
0000000000000000
0000000000000000
0000000101000010
0000100001010101
0000111100111110
0000111010001110
0000100000011101
0000010110011011
0000101001011010
0000100110010010
0000000110110011
0000000000000000
0000011010000010
0000101110000011
0000101010010000
0000010110101000
0000001111100001
0000011000001111
0000011010011110
0000000000000000
0000000000000000
0000000000000000
0000100110111100
0000011101011010
0000001100101011
0000010011001001
0000100010011101
0000011000011110
0000000000000000
0000000000000000
0000000000000000
0000000000000000
0000110101000101
0000110000011111
0000110010101111
0001000100011011
0001010000110111
0001000011001111
0000101010001110
0000001000010011
0000000000000000
0000000000000000
0001010010111011
0001101100010101
0001110100011010
0001110000001100
0001101110010001
0001101010110000
0001101010001111
0001100010101101
0000111000101000
0000000111110100
0000000000000000
0000000000000000
0000000000000000
0000000000000000
0000000000000000
0000001100111001
0000000000000000
0000100101111001
0010010011111011
0010011000101111
0000000000000000
0000000000000000
0000000000000000
0000000000000000
0001011001001111
0000101000101010
0000000000000000
0000011110010001
0010111100011011
0011000100100011
0000000000000000
0000000000000000
0000000000000000
0000111100100101
0001100011011110
0000000000000000
0000000000000000
0000100010111101
0011101000010000
0011010111100001
0000000000000000
0000000000000000
0000000000000000
0000110010101101
0000000000000000
0000000000000000
0000000000000000
0001100010110010
0100010101111000
0011000101100101
0000000000000000
0000000000000000
0000000000000000
0000000000000000
0000000000000000
0000000000000000
0000000000000000
0011001101001110
0100010101000011
0010001111101010
0000000000000000
0000000000000000
0000000000000000
0000000000000000
0000000000000000
0000000000000000
0010000111111101
0100000101000011
0011011100101001
0001100010111111
0000000000000000
0000000000000000
0000000000000000
0000000000000000
0000000000000000
0001000101001110
0011000111111011
0011001100110001
0010001100101000
0001011110100100
0000000000000000
0000000000000000
0000000000000000
0000000000000000
0000011110110110
0010001000100000
0010010011001100
0001100000100110
0001100010010101
0001111111011000
0000000000000000
0000000000000000
0000000000000000
0000110000101110
0001111100100000
0010001101110010
0001011110101101
0001000101000000
0001110110011101
0010011010001100
0000000000000000
0000000000000000
0000110111111011
0001110010010011
0010001010110110
0001111000010000
0001010111110000
0001011010100101
0001111111100101
0001111101010000
0000000000000000
0000001110101000
0000110000001111
0001010010100110
0001010111010110
0001000100010010
0001000010111001
0001010110111111
0001100011001001
0001000111010011
0000001000001010
0000011000111100
0000100000000000
0000011100101111
0000001000100000
0000000000000000
0000010010010000
0001000000110110
0001011001100010
0000111111001100
0000001010001110
0000000110000111
0000000000000000
0000000000000000
0000000000000000
0000000000000000
0000101101111100
0001001110010100
0001001111111011
0000101110110100
0000000011001000
0000000000000000
0000000000000000
0000000000000000
0000000110010000
0001000000100010
0001011100010110
0001010010011110
0000111000101101
0000011011000001
0000000000000000
0000000000000000
0000000000000000
0000011001110100
0001010101011011
0001111001110000
0001100011011110
0000111010001000
0000011101011110
0000010000111101
0000000010101010
0000001001010001
0000101011111010
0001100011101011
0010001100000001
0001111110110111
0001001110110100
0000110000110001
0000101110010001
0000101001001000
0000001011111000
0000110011110010
0001101100010101
0010001100101111
0001111100000110
0001010101101110
0001000011000100
0001010010011111
0001011110101101
0001001111000010
0000011111101011
0001010010100010
0001110010000011
0001100100000001
0001000101101001
0000111001011011
0001000111110100
0001011100110010
0001011100100010
0001000110011101
0000101000100100
0000110101000101
0000101111001011
0000011111011001
0000010111000000
0000011011001010
0000100000110001
0000011101010100
0000010110001111
0000001111100111
0000000100110011
0000000000000000
0000000000000000
0000000000000000
0000000000000000
0000000000000000
0000000000000000
0000000000000000
0000000000000000
0000000000000000
0000010100111000
0001000001100111
0001011110001011
0001000101110000
0000000001110011
0000000000000000
0000000000000000
0000000010010001
0000100000110001
0000101000001110
0000001100011000
0000001100001000
0000000000000000
0000000000000000
0000000000000000
0000000000000000
0000000000000000
0000000000000000
0000000000000000
0000000000000000
0000000000000000
0000000000000000
0000000000000000
0000000000000000
0000000000000000
0000000000000000
0001000101101110
0000111101011010
0000000010101001
0000000000000000
0000000000000000
0000000000000000
0000000000000000
0000000000000000
0001001111010101
0010110000000110
0010100100001111
0000111000111000
0000000000000000
0000000000000000
0000000000000000
0000000000000000
0000011101011101
0001110001100100
0011000100001110
0010110111110010
0000111111100111
0000000000000000
0000000000000000
0000000000000000
0000001101000011
0000111011101010
0010010000011010
0011010111010111
0011000001011111
0001001111100100
0000000000000000
0000000000000000
0000000000000000
0000101110111000
0001001100101000
0010100001001100
0011100010101010
0011010001101110
0001110101000111
0000100010110110
0000011101001001
0001011100100111
0010001111101010
0010000000101110
0001111010100100
0010011110000000
0010000010101101
0000110111110010
0000000000000000
0000000000000000
0000010010111111
0000111000011110
0000110010101100
0000010001000111
0000011110011010
0000000000000000
0000000000000000
0000000000000000
0000000000000000
0000000000000000
0000000000000000
0000000000000000
0000000000000000
0000000000000000
0000000000000000
0000000000000000
0000000000000000
0000000000000000
0000000000000000
0000000000000000
0000000000000000
0000000000000000
0000000000000000
0000000000000000
0000001011111010
0000010111001001
0000100010011001
0001001000000110
0010000110101111
0010101000000110
0001101001111011
0000001001111111
0000000000000000
0000000000000000
0000100010111110
0001010000111111
0010000111101101
0011001101101000
0100001100011101
0100000110111001
0010110110110101
0001010110100011
0000101001000011
0000100000010011
0000011100000010
0000111110011001
0001101010101000
0010000111010111
0010000000100001
0001010101110011
0000101110001101
0000100111101010
0001000000000011
0001001011101100
0000000101010100
0000010000100101
0000100001010111
0000001100010110
0000000000000000
0000000000000000
0000000000000000
0000100110111011
0001101011001111
0001100111101000
0000000000000000
0000000000000000
0000000000000000
0000000000000000
0000000000000000
0000000000000000
0000010001011111
0001111101000111
0010010110100010
0001011101110011
0000000000000000
0000000000000000
0000000000000000
0000000000000000
0000000000000000
0000000000000000
0000100110000110
0001001001111100
0000100010011101
0000000000000000
0000000000000000
0000000000000000
0000000000000000
0000000000000000
0000000000000000
0000000000000000
0000000000000000
0000000000000000
0000000000000000
0000000000000000
0000000000000000
0000000000000000
0000000000000000
0000111110100010
0010000100000011
0010100111101000
0010010001110001
0001001011011111
0000010000100000
0000000001111100
0001110001000001
0010101011100110
0011110101011101
0100111101100010
0101110000101111
0101111111101011
0101100111100000
0100101011010000
0011011101011001
0010010011100100
0010011110011011
0011101100010001
0100101011100101
0101000010101010
0100111110000101
0100101100000110
0100010110110101
0011111100111011
0011001110011110
0010001001010110
0000100010100000
0000110101110110
0000010000111000
0000000000000000
0000000000000000
0000000000000000
0000000000000000
0000000000000000
0000000000000000
0000000000000000
0000101010111100
0001001101001011
0001000001100000
0000101000010111
0001000001010010
0001110011110000
0001000110110100
0000000000000000
0000000000000000
0000000000000000
0000110000011001
0001011000010100
0001011001111010
0001011101010001
0010000011001011
0010100011100100
0001010010010010
0000000000000000
0000000000000000
0000000000000000
0000101000011011
0001000010001100
0001001001010010
0001001110010100
0001100001011000
0001010111011111
0000000000000000
0000000000000000
0000000000000000
0000000000000000
0000011101010110
0000101110100110
0000110100111000
0000101110000110
0000011111000100
0000000000000000
0000000000000000
0000000000000000
0000000000000000
0000000000000000
0000100000011010
0000100010011000
0000011001001101
0000000111100000
0000000000000000
0000000000000000
0000000000000000
0000000000000000
0000000000000000
0000000000000000
0000100001011110
0000000111111101
0000000000000000
0000000000000000
0000000000000000
0000000000000000
0000000000000000
0000000000000000
0000000000000000
0000000000000000
0000100001000100
0000000000001101
0000000000000000
0000000000000000
0000000000000000
0000000000000000
0000000000000000
0000000000000000
0000000000000000
0000000000000000
0001000010001111
0000110111110100
0000100101100101
0000011011001111
0000011110001101
0000101011101001
0000110000110011
0000010010000000
0000000000000000
0000000000000000
0001101101110101
0001110100000011
0001110011110100
0001111011110000
0010000101100100
0010001111010101
0010001100001100
0001101000001100
0000110111111100
0000100001000011
0000000000000000
0000001110101011
0001000011000111
0001100100010100
0001101000110000
0001101110001010
0001110111000110
0001011100001011
0000011100101000
0000000000000000
0000000000010101
0000110011110111
0001111111010101
0010000111010000
0001011101001101
0000111100100010
0001000101110100
0000110001101000
0000000000000000
0000000000000000
0000001101001111
0001001101001110
0001110110011111
0001000011001110
0000000000000000
0000000000000000
0000100110101000
0000011011100110
0000000000000000
0000000000000000
0000010100101101
0001000000010000
0000110111011110
0000000000000000
0000000000000000
0000001110001011
0001100010101110
0000111111010110
0000000000000000
0000000000000000
0000010010111100
0000100001010011
0000000111110110
0000000000000000
0000000101100011
0001101001100010
0010011000111010
0000111001011101
0000000000000000
0000000000000000
0000001111000111
0000001100010001
0000000011001011
0000011100000010
0001101101100001
0010101010010010
0001110100100010
0000000000000000
0000000000000000
0000000000000000
0000001111001000
0000010110111011
0000101111011011
0001110111101100
0010110111001101
0010010100000101
0000011101110100
0000000000000000
0000000000000000
0000000000000000
0000100011100001
0001010101001000
0010010000110111
0010111100100111
0010100010001110
0001000101100111
0000000010100111
0000001011101101
0000100010101010
0000011000010001
0001010010011000
0010010111101000
0010110110000100
0010011110111100
0001011100010001
0000100010100011
0000100000111011
0000111110110000
0000110011110000
0000001001000110
0001110011000011
0010000010011101
0001100010000110
0000110101011111
0000001111010011
0000000000000000
0000000101100110
0000000010111111
0000000000000000
0000000000000000
0000000000000000
0000000000000000
0000000000000000
0000000000000000
0000000000000000
0000000000000000
0000000000000000
0000000000000000
0000000000000000
0000000000000000
0000000000000000
0000000000000000
0000000000000000
0000000000000000
0000000000000000
0000000000000000
0000000000000000
0000000000000000
0000000000000000
0000000000000000
0000000000000000
0000000000000000
0000000000000000
0000000000000000
0000000000000000
0000000000000000
0000000000000000
0000000000000000
0000000000000000
0000000000000000
0000000000000000
0000000000000000
0000000000000000
0000000000000000
0000000000000000
0000000000000000
0000000000000000
0000000000000000
0000000000000000
0000000000000000
0000000000000000
0000000000000000
0000000000000000
0000000000000000
0000000000000000
0000000000000000
0000000000000000
0000000000000000
0000000000000000
0000000000000000
0000000000000000
0000000000000000
0000000000000000
0000000000000000
0000000000000000
0000000000000000
0000000000000000
0000000000000000
0000000000000000
0000000000000000
0000000000000000
0000000000000000
0000000000000000
0000000000000000
0000000000000000
0000000000000000
0000000000000000
0000000000000000
0000000000000000
0000000000000000
0000000000000000
0000000000000000
0000000000000000
0000000000000000
0000000000000000
0000000000000000
0000000000000000
0000000000000000
0000000000000000
0000000000000000
0000000000000000
0000000000000000
0000000000000000
0000000000000000
0000000000000000
0000000000000000
0000000000000000
0000000000000000
0000000000000000
0000000000000000
0000000000000000
0000000000000000
0000000000000000
0000000000000000
0000000000000000
0000000000000000
0000000000000000
0000000000000000
0000000000000000
0000000000000000
0000000000000000
0000000000000000
0000000100011110
0001001011101001
0001111111010010
0010000110010000
0010010000000111
0010100011001001
0010010110110010
0001011000101000
0000000000000000
0000000000000000
0000000000000000
0000111000110000
0000111001101100
0000010011011000
0000011101100000
0001100011100111
0010001101111001
0001100010110111
0000000000000000
0000000000000000
0000000000000000
0000000111000101
0000000000000000
0000000000000000
0000000000000000
0001000110011000
0001111000110010
0001001011101001
0000000000000000
0000000000000000
0000000000000000
0000000000000000
0000000000000000
0000000000000000
0000100000100001
0001110100101010
0001100111010000
0000100110001001
0000000000101000
0000000100111100
0000000001111001
0000000000000000
0000000000000000
0000110001001000
0010000000100011
0010001010110011
0000111110101101
0000000100101001
0000010001100000
0000010010000100
0000001100101110
0000010000011101
0001000111011010
0010010001010000
0010100000010100
0001011100000100
0000010000110101
0000000000000000
0000010101111011
0000011010010101
0000101100100001
0001011110001110
0010011011111010
0010110010000111
0010000101100001
0001001000111011
0000110110101111
0000110110000000
0000000011000111
0000101001000101
0001100011000100
0010001011101110
0010010101101001
0001111111000000
0001100111001100
0001110010010100
0010001000110001
0001110100001101
0000000000000000
0000101100001011
0001010101010101
0001010010000011
0000111010111100
0000100010101110
0000101000101100
0001010001001001
0001101110111111
0001010110101001
0000000000000000
0000000000000000
0000000000000000
0000000000000000
0000000000000000
0000000000000000
0000000000000000
0000000000000000
0000000000000000
0000000000000000
0000010010111011
0000101011010100
0000111000001111
0001000111000110
0001011000000100
0001011000100001
0001001001101000
0000110111001101
0000111011101100
0000110110111011
0000011011110110
0000110110100101
0000110101001010
0000101110100100
0000110110100100
0001000010001010
0000111010010101
0000101001000100
0000111100111010
0000111110100111
0000011101000111
0000101011010111
0000010011010111
0000000000001001
0000011011111000
0001001010000100
0001001100001111
0000110101100101
0000111110101000
0000111111000000
0000010101010100
0000010101110101
0000000000000000
0000000000000000
0000111000011111
0001101101010010
0001100011100011
0000110010010000
0000100110110111
0000101101011101
0000001100110011
0000001101111001
0000001100101000
0000101101001010
0001100110011001
0010000101001010
0001011111111111
0000011100110100
0000010000001111
0000011111111101
0000010011001011
0000100001000100
0000111011010111
0001101000010010
0010010000101111
0010000110100101
0001001101010011
0000011100000111
0000011111010111
0000110000100100
0000100110000011
0001000101100001
0001110011001100
0010011001010110
0010010010001100
0001100101010010
0001000001010001
0000111111010000
0001001111011101
0001001100110101
0000111010010101
0001011111110100
0010001000101100
0010000111110111
0001100000000000
0001000010010101
0001001000111111
0001010111011010
0001010000110010
0000111011111100
0001000010110011
0001010100101001
0001010111110011
0001000011100000
0000110001001100
0000110101000001
0001000010100001
0000110110011011
0000011010100010
0000010001110101
0000110010110100
0000100010011011
0000010101110010
0000010010010011
0000010110011001
0000011110010101
0000011110011000
0000001001110110
0000000000000000
0000000100100001
0000000000000000
0000000000000000
0000000000000000
0000001010101101
0001001101100001
0001100101111110
0001110110001111
0010010100011101
0010011110000010
0001111101110010
0000000000000000
0000000000000000
0000000000000000
0000001001011100
0001000010100000
0000110010000110
0000110110111001
0001110001011000
0010100010001001
0010010011111011
0000000000000000
0000000000000000
0000000000000000
0000100001101100
0000110000011110
0000000000000000
0000000000000000
0001010110010001
0010100100000110
0010010011110101
0000000000000000
0000000000000000
0000000100111001
0000100000011010
0000000100100000
0000000000000000
0000000010001000
0010000000000011
0011000001110101
0010001000100010
0000000000000000
0000000000000000
0000000010110001
0000000000000000
0000000000000000
0000000000000000
0001000100111101
0010110100111001
0010111010100010
0001011101111101
0000000000000000
0000000000000000
0000000000000000
0000000000000000
0000000000000000
0000110001111101
0010010111110010
0011000100000100
0010001001010011
0000110010010101
0000000000000000
0000000000000000
0000000000000000
0000000000000000
0000111011001000
0010011000111000
0011010101100100
0011000011010011
0001111101100010
0001000111010110
0000000000000000
0000000000000000
0000001000110011
0001000100101010
0010010000101001
0011000111101010
0011000111100111
0010101011011010
0010011000010011
0010000010010110
0000000000000000
0000000000000000
0000100110100010
0001100111110111
0010000110101000
0010000011101011
0001101010011110
0001101110011011
0010000111110100
0010000001011000
0000000000000000
0000000000000000
0000100101000011
0001000100001001
0001000100001110
0000110100001000
0000100001001111
0000101110111110
0001001011100011
0001000101001001
0000100100101001
0001010000110110
0001101011100110
0001110010110001
0010001101110110
0010011001010011
0001101100010011
0000101000011101
0000001011000110
0000011000110010
0000110100000111
0001100011101101
0001100001101001
0001001111010010
0001010000000000
0001100110000000
0001000111101011
0000010000000110
0000000011001010
0000100001101110
0000101001011001
0000111000111001
0000011000011000
0000000000000000
0000000000010010
0000110100010111
0000101000111001
0000000000000000
0000000000000000
0000100010000000
0000010001111111
0000001001110000
0000000000000000
0000000000000000
0000010001001100
0001000101010101
0000110101001010
0000001010010000
0000001011010010
0000100000000011
0000000001000001
0000000000000000
0000000000000000
0000010000110010
0001000010000100
0001011001000010
0000110101011110
0000001100100100
0000001000011001
0000010011000001
0000000000000000
0000000000000000
0000010101010010
0001000000000001
0001010011111000
0000111001111010
0000000000000000
0000000000000000
0000000000000000
0000000000000000
0000001110111101
0000100011110101
0001001110111100
0001110000010001
0001011011110100
0000100100110101
0000000000000000
0000000000000000
0000000000000000
0000001100011111
0001011000000101
0001111010110111
0010010111101110
0010011000100100
0001111000011011
0001101000100000
0001101110100000
0001100011110010
0001000101110110
0000101110100101
0010001011001110
0010011010101010
0010010011100110
0010000100101101
0001111100010001
0010000101100010
0010001001110101
0001101001110101
0000111000001100
0000100000011101
0001010011111100
0001000110011111
0000110000101010
0000100111100010
0000100110011110
0000101000101110
0000100100101111
0000001101001011
0000000000000000
0000000000000000
0000010110001010
0000001101000111
0000000000000000
0000000000000000
0000011110111100
0000110010001010
0000000000000000
0000000000000000
0000000000000000
0000000000000000
0000101111000100
0001000111000011
0001010111110010
0010000111001000
0010111101011111
0010111001101011
0001001010010110
0000000000000000
0000000000000000
0000001011001111
0000110111111101
0001011001011011
0001101101111110
0010000000111010
0010000011110110
0001011111111110
0000000011000111
0000000000000000
0000000000000000
0000011101101001
0000101000010010
0000110111001100
0000110111101011
0000100101111000
0000000010110100
0000000000000000
0000000000000000
0000000000000000
0000100010100000
0000100100000110
0000001110111101
0000001011010110
0000000000000000
0000000000000000
0000000000000000
0000000000000000
0000000000001110
0000110111111011
0001000100111101
0000100000100001
0000000000000000
0000000000000000
0000000000000000
0000000000000000
0000000000000000
0000000000000000
0000101010000010
0000110000111000
0000010100101011
0000000000000000
0000000000000000
0000000000000000
0000000000000000
0000000000000000
0000000000000000
0000000000000000
0000000000000000
0000000000000000
0000000000000000
0000000000000000
0000000000000000
0000000000000000
0000000000000000
0000011010011011
0000110011001010
0000100110001001
0000000000000000
0000000000000000
0000000000000000
0000000000000000
0000111010111101
0001011100000110
0010001010000010
0010101110010101
0010111100001011
0010110100110110
0010011000011110
0001100100110111
0001000001111101
0000110011011001
0010010100011001
0011000010110110
0011011001101011
0011011100011010
0011011000010000
0011010000101111
0010111110110001
0010010110110101
0001100111100100
0000111100011010
0000000001100111
0000000110101000
0000010010000100
0000101101011000
0000111101111101
0000110101111110
0000010011110010
0000000000000000
0000000000000000
0000000000000000
0000000010010101
0000011101101100
0001001000100000
0001110100000001
0001110110111101
0001100111100000
0001011011011010
0001000010111110
0000100110011110
0000000101010001
0000000010101011
0000101011110001
0001100011110110
0001111111100110
0001100101111011
0001010111001110
0001110110101001
0010000011001101
0001011011111010
0000010111110011
0000000011111001
0000100111111001
0001001101001000
0001000100011001
0000011100101101
0000100110101100
0001101010010100
0010001111001101
0001011011101100
0000010001110101
0000000100100101
0000010011010001
0000010111110110
0000000101001010
0000000011001101
0000110010110001
0001111111101110
0010000110001001
0001000011000001
0000000111101000
0000000000000000
0000000000000000
0000000000000000
0000000000011000
0000100101011001
0001100011111000
0010000111101110
0001100110011000
0000101101010000
0000010011101010
0000000000000000
0000000000000000
0000000000000000
0000100100101111
0001011000001010
0001110100110001
0001100001111100
0000101101010011
0000001010101000
0000001101111110
0000000000000000
0000000010101001
0000100100111101
0001010111111101
0010000001000110
0001111011000101
0001001110010111
0000011011010000
0000000000000000
0000000000000000
0000101000110110
0001001101101100
0001110011100100
0010010000100110
0010011110000001
0010001101110001
0001110001001011
0001010110011110
0000101110100010
0000000011111111
0001010101100101
0010001100101111
0010100110110011
0010100101001100
0010011100101111
0010010000001000
0010001100001001
0010001000001111
0001100010001001
0000101010000000
0000010100101010
0000001000010011
0000000000000000
0000000000000000
0000000000000000
0000000000000000
0000000000000000
0000000000000000
0000100001011110
0000111101010000
0000000000000000
0000000000000000
0000000000000000
0000000000000000
0000000000000000
0000000000000000
0000000000000000
0000000000000000
0000101111110011
0000111111110001
0000000000000000
0000000000000000
0000000000000000
0000000000000000
0000011100100000
0000110111111000
0000111001101101
0000111101110110
0001000110100001
0001000010101011
0000000000000000
0000000000111001
0000001110101001
0000110001100010
0001011100111100
0001100100000100
0001010100110100
0000110111010111
0000101100001000
0000110110110011
0000001110001000
0000011101111001
0000110001001011
0001000101001111
0001010011110100
0001000100100100
0000011111010100
0000000000000000
0000010001101100
0000110110101001
0000100010000000
0000110100110110
0001001011111101
0001010111010111
0001001011011100
0000100110111011
0000010000010000
0000100000000000
0001010011000010
0001101000010110
0000110001011110
0001000101100100
0001011000001100
0001010000010100
0000110010110100
0000101110010100
0001010000001110
0001111100111101
0010010010111110
0001111001001101
0000011111101010
0000011110010000
0000001110110010
0000000000000000
0000000000000000
0000010011010100
0000111101001100
0001001000101111
0000111000101100
0000100010001001
0000000000000000
0000000000000000
0000000000000000
0000000000000000
0000000000000000
0000000000000000
0000000000000000
0000000000000000
0000000000000000
0000000000000000
0000000000000000
0000000000000000
0000000000000000
0000000000000000
0000000000000000
0000000000000000
0000000000000000
0000000000000000
0000000000000000
0000001010011001
0000100100111000
0001101011101100
0010101110010000
0011000111010001
0011001100000110
0011001101001100
0010101111011001
0001100110110100
0000011011010011
0000000000000000
0000110000000010
0001101100111101
0010000010010011
0001101100110101
0001100100100001
0010000101000100
0010011111010101
0001111001111110
0000110011101001
0000001101111010
0000010011000100
0000010111010001
0000000000000000
0000000000000000
0000000000000000
0000000101001001
0000111011110100
0000101111111110
0000001011100110
0000001010001110
0000000000000000
0000000000000000
0000000000000000
0000000000000000
0000000000000000
0000011111101100
0000101100000100
0000001011000001
0000000000000000
0000001010001001
0000000000000000
0000000000000000
0000000000000000
0000001010010101
0001001100100000
0001011000010101
0000101111100100
0000001011000111
0000001001000101
0000001111100111
0000000000000000
0000000000000000
0000001111011011
0001001000000011
0001010001101011
0000011001101100
0000000000000000
0000000000000000
0000000000000000
0000000000000000
0000000010001110
0000101010111101
0001011011010101
0001101001000001
0000111111111110
0000000000000000
0000000000000000
0000000000000000
0000000000000000
0000000000000000
0001110111010110
0010100100000000
0010110000011010
0010100001001010
0010001100111001
0010001100011101
0010010110100111
0001111110111001
0000111101101111
0000001010001011
0010111101100011
0011010001110000
0011000000000010
0010101101011011
0010110000000101
0011000101111110
0011010110101000
0010111010100111
0001111010111111
0001000001110110
0001001101000101
0001000111001011
0000111001001010
0000101000010001
0000011100101111
0000011001101011
0000011101011100
0000100010101000
0000100001000010
0000011100100001
