0000000000101101
0000000000101101
0000000000101101
0000000000101011
0000000000111001
0000000000101111
0000000000010000
0000000000010001
0000000000010011
0000000000010001
0000000000010010
0000000000100101
0000000000101001
0000000000101101
0000000000101101
0000000000101101
0000000000101101
0000000000111101
0000000000101100
0000000000000000
0000000000000000
0000000000000000
0000000000000000
0000000000000000
0000000000000000
0000000000010110
0000000000101011
0000000000101101
0000000000101101
0000000000101101
0000000000101101
0000000001001101
0000000000010001
0000000001100000
0000000110000100
0000000111101101
0000001000001100
0000000101010001
0000000001010000
0000000000000000
0000000000101101
0000000000101101
0000000000101101
0000000000101101
0000000000101101
0000000010010111
0000000110000001
0000001101110011
0000010000110111
0000010011110111
0000010011010101
0000001111011001
0000000101010010
0000000000011101
0000000000110011
0000000000101101
0000000000101101
0000000000101101
0000000000101101
0000000010000111
0000000110001111
0000001101010011
0000001010101001
0000000111010010
0000000101111110
0000001010001110
0000001001111111
0000000101010010
0000000000101100
0000000000101101
0000000000101101
0000000000101101
0000000000101101
0000000001110111
0000000101111100
0000000111110010
0000000010011101
0000000000101001
0000000000011101
0000000100000001
0000001000110110
0000000011100000
0000000000101100
0000000000101101
0000000000101101
0000000000101101
0000000000101101
0000000000110100
0000000001000001
0000000001011000
0000000000100100
0000000000000000
0000000010110000
0000001010110111
0000001001110000
0000000011000110
0000000000110010
0000000000101101
0000000000101001
0000000000101000
0000000000101100
0000000000111110
0000000001000011
0000000000011010
0000000000000000
0000000011000000
0000001100101000
0000010000000000
0000001010000010
0000000010001010
0000000000110100
0000000000101101
0000000000101001
0000000000100100
0000000001000111
0000000000011110
0000000000000000
0000000000000000
0000000011010000
0000001011101000
0000001011000000
0000000101101110
0000000000100010
0000000000000000
0000000000100000
0000000000101101
0000000000111001
0000000000111100
0000000000100100
0000000000000000
0000000000011110
0000000101101000
0000001010111010
0000001000011011
0000000001011101
0000000000000000
0000000000000000
0000000000000000
0000000000010100
0000000000101101
0000000000110110
0000000001001011
0000000001100101
0000000100101010
0000001001111000
0000001101001100
0000001101111010
0000001111011000
0000010000100100
0000010000100111
0000001101101110
0000001000010110
0000000001100010
0000000000101101
0000000000111111
0000000010010111
0000000111101111
0000010001001001
0000010011010000
0000010010111101
0000010011101010
0000010011100100
0000010011101011
0000010011110101
0000010010100101
0000001100011111
0000000011000110
0000000000101101
0000000000110110
0000000001100001
0000000100111000
0000001001001000
0000001010010001
0000001001110010
0000000110100011
0000000010000111
0000000000111111
0000000000111001
0000000001000100
0000000001000100
0000000000110011
0000000000101101
0000000000101101
0000000000101101
0000000000101101
0000000000101101
0000000000101101
0000000000101101
0000000000101101
0000000000101101
0000000000101101
0000000000101101
0000000000101101
0000000000101101
0000000000101101
0000000000101101
0000000000101010
0000000000101010
0000000000101010
0000000001100111
0000000011001000
0000000101110101
0000000111010111
0000000111001110
0000000111001011
0000000100111001
0000000001111011
0000000001000111
0000000000110010
0000000000101010
0000000000101010
0000000000101010
0000000000101010
0000000100111100
0000010101010110
0000101011110010
0000110110011101
0000110111100110
0000110111100001
0000101010010111
0000001111010001
0000000001101110
0000000000110001
0000000000101010
0000000000101010
0000000000101010
0000000000101010
0000001011110110
0000110111111010
0001010110110001
0001011000001010
0001010000110011
0001010110011101
0001010001011001
0000100011011011
0000000101100110
0000000000110010
0000000000101010
0000000000101010
0000000000101010
0000000000101010
0000001110011001
0000111101011101
0001000000101101
0000101011111010
0000011111110001
0000111011100000
0001011001000101
0000110100111001
0000001001101000
0000000000110010
0000000000101010
0000000000101010
0000000000101010
0000000000101010
0000001011100001
0000100101100001
0000010101111111
0000000101100010
0000001000001011
0000110010110111
0001010111001110
0000101110001110
0000000100011111
0000000000110010
0000000000101010
0000000000101010
0000000000101010
0000000000101010
0000000100100110
0000001001111110
0000000100001001
0000000101111001
0000100001001110
0001001101110110
0001010110001100
0000100001100001
0000000010110101
0000000000110111
0000000000101010
0000000000101010
0000000000101010
0000000000101010
0000000001011010
0000000010000011
0000000110111100
0000100001001101
0001001100000100
0001011110110111
0001000010101101
0000010011000100
0000000001001100
0000000000110011
0000000000101010
0000000001000100
0000000000111000
0000000000110100
0000000010001000
0000000111111000
0000100001100011
0001001100011100
0001011010001000
0001000001001111
0000011001001110
0000000011000100
0000000001000000
0000000000101000
0000000000101010
0000000001110101
0000000001100010
0000000100001001
0000010000110111
0000101100110100
0001001111101111
0001100011000010
0001001110111010
0000101011011100
0000011001111001
0000010001101111
0000000101100110
0000000000100011
0000000000101010
0000000010010000
0000000101100000
0000011100101101
0000111111111110
0001011010001100
0001100011001001
0001100100000111
0001011010111100
0001010000011101
0001010001100001
0000111111111010
0000010111001011
0000000010000011
0000000000101010
0000000010011010
0000001011110100
0000111001100111
0001011010111100
0001011110111100
0001011100101101
0001010010111111
0001001100101111
0001001100011011
0001001100100011
0001000000111111
0000010110101101
0000000001101000
0000000000101010
0000000001110000
0000001000100110
0000100011001000
0000101111001100
0000101110010011
0000101010101111
0000011011111110
0000010100011110
0000010100000100
0000010100010111
0000010001111100
0000000101000001
0000000000010010
0000000000101010
0000000000111011
0000000001100100
0000000100100110
0000000110000001
0000000101011011
0000000100111110
0000000001101100
0000000000100111
0000000000110110
0000000000111101
0000000001000110
0000000000110110
0000000000101000
0000000000101010
0000000000101010
0000000000101010
0000000000101010
0000000000101010
0000000000101010
0000000000101010
0000000000101010
0000000000101010
0000000000101010
0000000000101010
0000000000101010
0000000000101010
0000000000101010
0000000000101010
0000000000100010
0000000000100010
0000000000100010
0000000000111110
0000000001110011
0000000010101001
0000000110110101
0000001000100110
0000001000100001
0000001000111001
0000000110100101
0000000001100011
0000000000111010
0000000000100010
0000000000100010
0000000000100010
0000000000100010
0000000000100110
0000001001010101
0000100110011000
0000111011010101
0000111111111100
0000111111110101
0000111011100101
0000100101110111
0000000110110110
0000000001001101
0000000000100010
0000000000100010
0000000000100010
0000000000100010
0000000100101110
0000100100110011
0001100000001000
0001110011100000
0001101110010000
0001100110001011
0001101000111110
0001001101000001
0000011000101000
0000000001001110
0000000000100010
0000000000100010
0000000000100010
0000000000100010
0000000110010010
0000110010000001
0001100001101011
0001001010101101
0000111001110001
0000111101100010
0001100100011110
0001100101101011
0000100111100101
0000000001001110
0000000000100010
0000000000100010
0000000000100010
0000000000100010
0000000111000001
0000100011111010
0000101110010011
0000010001101110
0000000110101100
0000100010000000
0001100001110110
0001100010011001
0000011111011100
0000000001010101
0000000000100010
0000000000100010
0000000000100010
0000000000100010
0000000011000000
0000001100011000
0000001100010011
0000000010010111
0000010001011011
0001000110111110
0001110001100100
0001010100000011
0000010010001010
0000000001100101
0000000000100010
0000000000100010
0000000000100010
0000000000100010
0000000001000010
0000000001111111
0000000001111001
0000010001101000
0001000101100010
0001110100110010
0001110010011110
0000110111001111
0000001001010000
0000000001100001
0000000000100010
0000000000111001
0000000001000111
0000000000101011
0000000000101111
0000000001100101
0000010100011011
0001000101100101
0001110011100011
0001101101111001
0000111101011101
0000010010010101
0000000010111110
0000000001000111
0000000000100010
0000000001100101
0000000001111001
0000000001001111
0000000110001000
0000100010111100
0001001111111101
0001110011101111
0001110101101001
0001010001101111
0000101001111010
0000011110010010
0000010010010011
0000000010101010
0000000000100010
0000000010000000
0000000010001101
0000001101011000
0000111000110100
0001100001110011
0001111011100011
0010000010101101
0001111011101111
0001101010101000
0001100001011010
0001011000100011
0000111000101001
0000001010000110
0000000000100010
0000000010000111
0000000110110110
0000101001011010
0001100011111010
0001111010100001
0001111101011100
0001111000001111
0001101010101111
0001101000000100
0001101000000101
0001100000100100
0000111001110101
0000001010111101
0000000000100010
0000000001101101
0000000110111000
0000100001010100
0000111111110111
0001000110001001
0001000011011100
0000110111011010
0000101000000101
0000100100001111
0000100100011001
0000100011000000
0000010100100111
0000000011100100
0000000000100010
0000000000110101
0000000001010100
0000000101011110
0000001001111001
0000001010100001
0000001010011011
0000000110010100
0000000001100111
0000000000111010
0000000000111100
0000000001010011
0000000001000110
0000000000101011
0000000000100010
0000000000100010
0000000000100010
0000000000100010
0000000000100010
0000000000100010
0000000000100010
0000000000100010
0000000000100010
0000000000100010
0000000000100010
0000000000100010
0000000000100010
0000000000100010
0000000000100010
0000000000100010
0000000000100010
0000000000100010
0000000000101100
0000000001010101
0000000010001010
0000000001001001
0000000000110010
0000000000110011
0000000000010100
0000000000001001
0000000000011110
0000000000011111
0000000000100010
0000000000100010
0000000000100010
0000000000100010
0000000010011110
0000000110000111
0000000011000010
0000000000110001
0000000000011001
0000000000011111
0000000000000000
0000000000000000
0000000000001101
0000000000100010
0000000000100010
0000000000100010
0000000000100010
0000000000100010
0000000100011110
0000000100101001
0000000000000000
0000000000001010
0000000000011010
0000000011100100
0000000010001000
0000000000000000
0000000000000000
0000000000011111
0000000000100010
0000000000100010
0000000000100010
0000000000100010
0000000100010100
0000000000011110
0000000000000000
0000000000000100
0000000000111101
0000000011111111
0000000001101100
0000000000000000
0000000000101001
0000000000100010
0000000000100010
0000000000100010
0000000000100010
0000000000100010
0000000010100101
0000000000000000
0000000001100111
0000000000110011
0000000010110111
0000000100011100
0000000000000000
0000000000000000
0000000010000001
0000000000011111
0000000000100010
0000000000100010
0000000000100010
0000000000100010
0000000000011011
0000000000000000
0000000001010001
0000000010111101
0000000111111100
0000000000101010
0000000000000000
0000000000011110
0000000000010110
0000000000100000
0000000000100010
0000000000100010
0000000000100010
0000000000100010
0000000000100000
0000000000100111
0000000010111110
0000000111111100
0000000000110000
0000000000000000
0000000000000000
0000000010100010
0000000001001111
0000000000100011
0000000000100010
0000000000100011
0000000000011110
0000000000100100
0000000001010000
0000000011011000
0000000110111010
0000000000110001
0000000000000000
0000000000000000
0000000000111001
0000000010001100
0000000000011111
0000000000100100
0000000000100010
0000000000100001
0000000000100100
0000000001110101
0000000101111011
0000000100011101
0000000000101011
0000000000000000
0000000000000000
0000000000100011
0000000010010111
0000000000000000
0000000000000000
0000000000011001
0000000000100010
0000000000100001
0000000010010111
0000000111010110
0000000010101110
0000000000000000
0000000000000000
0000000000000000
0000000001010100
0000000010111000
0000000001011101
0000000000110101
0000000000000000
0000000000010000
0000000000100010
0000000000011110
0000000011110010
0000000011000000
0000000000001101
0000000000000000
0000000000000000
0000000000000000
0000000000000000
0000000000000000
0000000000000000
0000000000000000
0000000010001000
0000000001000011
0000000000100010
0000000000100100
0000000001000001
0000000000000000
0000000000000000
0000000000000000
0000000000000100
0000000000101000
0000000000000000
0000000000000000
0000000000000000
0000000000001001
0000000010101110
0000000001000010
0000000000100010
0000000000100001
0000000000011001
0000000000001111
0000000000001110
0000000000001111
0000000000001101
0000000000011010
0000000000011011
0000000000100010
0000000000011110
0000000000011100
0000000000100101
0000000000100100
0000000000100010
0000000000100010
0000000000100010
0000000000100010
0000000000100010
0000000000100010
0000000000100010
0000000000100010
0000000000100010
0000000000100010
0000000000100010
0000000000100010
0000000000100010
0000000000100010
0000000000100010
0000000001110100
0000000001110100
0000000001110100
0000000010010100
0000000010010011
0000000010101011
0000000001111110
0000000001001001
0000000001001101
0000000001100000
0000000001000001
0000000001111100
0000000001110100
0000000001110100
0000000001110100
0000000001110100
0000000001110100
0000000010000010
0000000111101100
0000001110110011
0000010011110101
0000010011110000
0000010011100010
0000001111011011
0000000100011011
0000000001000100
0000000001110101
0000000001110100
0000000001110100
0000000001110100
0000000001110100
0000000111010011
0000100001010101
0000111011100101
0001000001100001
0000111111111101
0001000000110100
0000110011111110
0000010011010101
0000000000100011
0000000001111001
0000000001110100
0000000001110100
0000000001110100
0000000001110100
0000001100000100
0000110110110111
0001000101110110
0000111001110011
0000110010111111
0000111111000000
0001001011101000
0000100100110001
0000000110010101
0000000001111101
0000000001110100
0000000001110100
0000000001110100
0000000001110100
0000001100110001
0000101010000000
0000011111110100
0000001111110101
0000001001011000
0000101010000101
0001001000011110
0000101001101000
0000000111110000
0000000001110101
0000000001110100
0000000001110100
0000000001110100
0000000001110100
0000000111110011
0000010001011110
0000001010000100
0000000010111000
0000001101111111
0000110010101001
0001000010001001
0000011110100100
0000000100000101
0000000001111011
0000000001110100
0000000001110100
0000000001110100
0000000001110100
0000000010101001
0000000011000001
0000000010101001
0000001101101110
0000101110100010
0001001000011110
0000111111000100
0000010110010010
0000000100000111
0000000001111011
0000000001110100
0000000001111010
0000000001110011
0000000001110100
0000000001110111
0000000010110100
0000001101010110
0000101110110010
0001000111101010
0001000010101001
0000100100111111
0000001011010010
0000000011001101
0000000001110101
0000000001110100
0000000010011101
0000000010000110
0000000010001010
0000000100110001
0000010000111100
0000101111110111
0001001000000010
0000111111100110
0000100010010110
0000001011111011
0000000101010101
0000000000011010
0000000001010110
0000000001110100
0000000010110110
0000000010001101
0000001010111010
0000100000101011
0000111001011111
0001001001010101
0001001110110010
0000111110111011
0000101101101001
0000101000100111
0000011101101000
0000001001111010
0000000000110110
0000000001110100
0000000011010001
0000001000010111
0000101000010001
0001000110101100
0001001110000001
0001010001001000
0001001110011110
0001001101000101
0001001110010100
0001001110011100
0000111111111011
0000010111111111
0000000010000001
0000000001110100
0000000011000000
0000001011100011
0000101101010011
0000111110010010
0000111111000010
0000111011110101
0000101111101101
0000101001100101
0000101001110100
0000101010000011
0000100101000010
0000001110101111
0000000011000011
0000000001110100
0000000010010000
0000000100001110
0000001011110101
0000010000001001
0000010000111100
0000001111010000
0000000111100110
0000000010111111
0000000010001111
0000000010011000
0000000010101110
0000000010001111
0000000001110110
0000000001110100
0000000001110100
0000000001110100
0000000001110100
0000000001110100
0000000001110100
0000000001110100
0000000001110100
0000000001110100
0000000001110100
0000000001110100
0000000001110100
0000000001110100
0000000001110100
0000000001110100
0000000000000000
0000000000000000
0000000000000000
0000000000000000
0000000000000000
0000000000000000
0000000000000000
0000000000000000
0000000000000000
0000000000001110
0000000000100001
0000000000000000
0000000000000001
0000000000000000
0000000000000000
0000000000000000
0000000000000000
0000000000000000
0000000000000000
0000000000000000
0000000000000000
0000000000000000
0000000000000000
0000000000000000
0000000000001101
0000000000011000
0000000000000011
0000000000000000
0000000000000000
0000000000000000
0000000000000000
0000000000000000
0000000000000000
0000000000000000
0000000000000000
0000000000000000
0000000000000000
0000000000000000
0000000000011100
0000000000011100
0000000000000001
0000000000000000
0000000000000000
0000000000000000
0000000000000000
0000000000000011
0000000000000000
0000000000000000
0000000000000000
0000000000000001
0000000000000000
0000000000000000
0000000000000000
0000000000111010
0000000000000001
0000000000000000
0000000000000000
0000000000000000
0000000000000000
0000000000000000
0000000000011010
0000000000001011
0000000000000000
0000000000000000
0000000000000000
0000000000000000
0000000000000000
0000000000000000
0000000000000010
0000000000000000
0000000000000000
0000000000000000
0000000000000000
0000000001001010
0000000000100001
0000000000000000
0000000000000000
0000000000000000
0000000000000000
0000000000000000
0000000000000101
0000000000000000
0000000000000111
0000000000000000
0000000000000000
0000000000000000
0000000000000000
0000000000000011
0000000000000011
0000000000000000
0000000000000000
0000000000000000
0000000000000000
0000000000000000
0000000000000000
0000000000000011
0000000000000000
0000000000000000
0000000000000000
0000000000000100
0000000000000000
0000000000000000
0000000000000000
0000000000000000
0000000000000000
0000000000000000
0000000000000000
0000000000000000
0000000000000000
0000000000000100
0000000000000010
0000000000000000
0000000000000000
0000000000000000
0000000000000000
0000000000000000
0000000000000000
0000000000000000
0000000000000000
0000000000000000
0000000000000000
0000000000000000
0000000000001011
0000000000110110
0000000000011110
0000000000000000
0000000000000000
0000000000000000
0000000000000000
0000000000000000
0000000000000000
0000000000000000
0000000000000000
0000000000000000
0000000000000000
0000000000000000
0000000000000000
0000000000001111
0000000000000010
0000000000000000
0000000000000000
0000000000000000
0000000000000000
0000000000000000
0000000000000000
0000000000000000
0000000000000000
0000000000000000
0000000000000000
0000000000000000
0000000000000000
0000000000011010
0000000000000000
0000000000000000
0000000000000000
0000000000011010
0000000000011010
0000000000000000
0000000000000000
0000000000000000
0000000000010000
0000000000000000
0000000000000000
0000000000000000
0000000000000000
0000000000000000
0000000000000000
0000000000000000
0000000000000011
0000000000101101
0000000001010000
0000000000000000
0000000000000001
0000000000000000
0000000000000000
0000000000000000
0000000000000001
0000000000000010
0000000000000001
0000000000000000
0000000000000000
0000000000000000
0000000000000000
0000000000000000
0000000000000000
0000000000000000
0000000000000000
0000000000000000
0000000000000000
0000000000000000
0000000000000000
0000000000000000
0000000000000000
0000000000000000
0000000000000000
0000000000000000
