0001101000001010
0001001001010000
1111100101001111
1110111000000100
0000111110011101
1111010100011000
0001000001110001
0000010000001111
0001001010010101
1111100110011101
0001001000100100
1111010100101111
0001011110110011
0000010110010001
1111111101110101
0000110001110011
0001000000000101
1111011100000111
1111000100000110
1111110001111110
0000100111001110
1111001011010101
0000000010111111
1111101010100000
0000011110110101
0000010101001010
0000000000010101
0000101101011111
1111010100111011
0000011111000100
0000110101110011
1111010110110010
0000001000000100
0000100010001000
1111011001111111
0001000010000101
0000001110000100
0000101011000001
0000011111000000
0001110011001000
1111101111001101
1110110111010010
0001001110001100
1111100001101010
0000011100000011
0000001011000111
0000111011010011
0001011000000100
0000001101101110
0001001111101010
1111110001100000
0000111001100000
0000100011011011
0001010100001110
1111100111100100
1111110111111010
1111001010000000
0000010101111001
1111110010101001
0000010011000001
0000110000000001
0000011111011011
0001001001110110
0000100011011011
0001110001000101
0000010101100011
0000101111001100
1111010010110010
0000011000101101
1111101101100101
1111111100001110
1111001100111001
0001000111011100
1111011011100011
0000111101000000
0000011001001100
1111011110001000
0001011100010011
1111101111010110
0001000011000001
0001001011100111
0000010100101010
0000010010011110
0000010111100100
0000110011110101
1111111101011000
0000101010010001
1111100111010001
0001100010101101
0000101110001110
0001010101100111
0000100011101011
1111110000010000
0000000111100010
0000011011001110
0000110111100001
1111110101000001
1111011101010010
0000010100101110
0001010001110111
0000101110111111
1111110111110100
1111101011000011
1111011110011100
0000001110111001
0000111111001001
0000100110100100
0000001100110001
0001110101111100
1111101011011001
1111101010001000
0000101100001111
1111111011101000
0000010000010000
1111100011000111
1111001101010111
0000111101000100
0000001110100001
1111001100000110
1111011011110110
