1111010100000110
0000110000011000
0001100011100000
1111110010101011
1110101100111011
1110111111110110
1111000111101001
1111000101100100
0000011000000001
1111011101100110
0000111001101000
0001101111100100
1110011110100011
1111000110101011
0001010111011011
0000100111001101
0000001010010011
0000010111100011
0000111000101010
1111101111111110
0000000111101010
0000001001111110
0001010011001100
0000001010000100
0000101000101111
0000011011100001
0001000111001000
1110101111101110
1111111110111100
0000111000001111
1111101110110110
0000100001010000
0000110011001101
0001101010001011
0000000011011100
0000000110101110
0000001111010001
1110111101110011
0000101111010000
0000001101101010
1111010010010010
0000100011001001
0000000010011111
0001110100111001
1111111001000111
0001001110001111
1111110011011110
1111000000100101
1111010000100010
1111111011100011
0000110001111111
0000010110101111
1110101011110010
0000100011110111
0000011001111101
1111011010011011
0001001011011010
0001100001111100
0000010011011001
0001000000010111
0000100001111010
1110100001010111
1111000010100110
0000011111101010
1111111110010000
0001000011100001
1111101111110010
1111001100100011
0000110011010101
0000110011100110
0000100100101000
0000010000101010
0000010001010101
0001010110111000
0001001000110001
0001010101101101
0000000001110101
0001010010110100
0000011010001101
1110011000001010
1111010001110110
0000010111100001
0000110111110000
1111011001001110
