0000000000000000
0000110000011000
0001100011100000
0000000000000000
0000000000000000
0000000000000000
0000000000000000
0000000000000000
0000011000000001
0000000000000000
0000111001101000
0001101111100100
0000000000000000
0000000000000000
0001010111011011
0000100111001101
0000001010010011
0000010111100011
0000111000101010
0000000000000000
0000000111101010
0000001001111110
0001010011001100
0000001010000100
0000101000101111
0000011011100001
0001000111001000
0000000000000000
0000000000000000
0000111000001111
0000000000000000
0000100001010000
0000110011001101
0001101010001011
0000000011011100
0000000110101110
0000001111010001
0000000000000000
0000101111010000
0000001101101010
0000000000000000
0000100011001001
0000000010011111
0001110100111001
0000000000000000
0001001110001111
0000000000000000
0000000000000000
0000000000000000
0000000000000000
0000110001111111
0000010110101111
0000000000000000
0000100011110111
0000011001111101
0000000000000000
0001001011011010
0001100001111100
0000010011011001
0001000000010111
0000100001111010
0000000000000000
0000000000000000
0000011111101010
0000000000000000
0001000011100001
0000000000000000
0000000000000000
0000110011010101
0000110011100110
0000100100101000
0000010000101010
0000010001010101
0001010110111000
0001001000110001
0001010101101101
0000000001110101
0001010010110100
0000011010001101
0000000000000000
0000000000000000
0000010111100001
0000110111110000
0000000000000000
