10111101101100000111011010001010
10111110000011010110010010111000
00111110000100100001000000100001
00111100101111001111101111100011
10111110001000010110010010011101
00111101101101001011110110100010
10111101101111111001101110111000
00111100101111001000010011101100
00111101101110011110010011000000
10111101110101110000011110011001
10111101001001001111000110101100
00111101110110111000111110111010
10111110000000101111011100010001
00111101000101100100010001100000
00111101001001000010011110111101
00111101001111110110001000101001
10111110001011110001110010000000
10111101101101111000010101100101
10111110001011100111110000111000
00111101110010000111100110111110
00111110000001111000101101110000
10111110000111011001100011100111
00111101100101011011100101110010
00111100011011111010001011000000
00111110001001110011000010011100
10111110001001110010011010000101
00111101111010101000111101111001
00111101010101000010011110110010
10111011101111101010011000101010
10111101100111101001000111000011
10111101110110100011101010000000
10111110001000101111110101010110
00111101111110100001000110000100
00111101101000001101001100111111
10111101100000010111010111011011
10111110000111101001101101111111
00111100111101101101100010011000
00111100110010101010010101110000
10111101100111001101110010001100
10111101000101110110011010101010
10111110001010000001010001101111
00111101101001010011100001100100
10111110000110010010100101000101
10111101110100101101110110010011
00111101110011000111110011111110
10111101101011101011001111100001
00111101111101110110110100101110
10111101100101101010110101110101
10111101011111101100110111101011
10111101001001010001100000010111
00111110000000011011010010101101
00111101000001110000010000110110
10111101100011100101011011001010
10111110001000110001110000001011
00111100101000011110000100110111
10111101010000011101110011100001
10111101100111000001100110110000
10111101110101111111000111001110
10111101100000101011010101111111
00111011111101100110110000100100
10111110000110110110110100100100
00111110000110010100111001000011
10111100100111001111101101100010
00111101101101011000000101011010
00111110001000111101101101111001
10111101110011011111000101001010
00111101001111111000001111010000
10111101110110111100010100100001
00111101110110010111010010010000
10111101101010011100001100101000
00111011100011011101111110001110
10111110000100011100001000110111
10111110001011000110000111010101
00111100010001001111011000000101
00111100101001000111110101001110
00111101110000110101101100001101
00111101100111010110100101011111
10111101101101000101100100001010
00111101110011011111101001100010
10111101101111111110010010110110
10111100111010011011000111101111
10111101101000000000001101000011
10111110001001111000011000001001
10111101000001001001001101011011
10111101100011101000001110011111
10111101110110001001110000101100
00111101010000010011100100010010
10111110000111101011001110000001
10111101101101101110001101110111
10111101110111000010011111111111
00111110000110000100000000001100
10111101100010000110011010100010
00111101110010100011001101010011
10111100100110110101010001100001
10111110000111110110110000010110
00111101111110111111010001001100
00111110000111011111011101000100
00111101100000010100010001101001
10111100000001100010000110010110
10111110001011001010111111101011
10111100111100001000100011111001
10111110001000110101001100011001
00111101101110001010001011010001
00111101111110001011001011110001
10111101001010100111101101111100
10111101101101001000010111001001
00111101010000110010111001110000
10111101111011000100001100010011
10111110000011010001011001111011
00111110001001001100010110100111
10111101011100100110111100010100
00111011100101100010101110101110
00111101111110101000011111000010
00111011010001001101011000011010
00111101111010100011111001111101
10111101000111110100001111001111
10111101110110100011011010110010
10111110000001101101001011000001
10111110000100100000110000011001
10111101111100001010100011110001
