00111110010110110010110111100100
00111101111110101000110010110101
00111101110100100101111011100000
00111110100110110110111000000111
10111101111101101001000010011011
00111101100010110000000011110101
10111110000010010110001110100010
10111101101000001010001101111101
00111110100111111001100111110010
10111101111101101011001110101111
00111101111000010110110100011110
10111110010000011010110010000000
00111101011001111111000110111111
10111011001111101000111011100100
00111101100111111111111010010000
00111110011000111000011101001111
10111101111111111101100111011111
10111110001100100001111001110001
10111110010111101111001111101101
10111101110010010010011000000011
00111110010110100010101001111101
10111110001001000010011101001010
10111110011100000110110101010110
00111100001010110100110101101001
10111100101111110110111010010011
10111110001000111010000011001001
00111100010111011001101110011111
00111101101011110101101100100011
00111110010011111001100011000000
10111110101100011011101010011111
00111101010011011111101001010111
00111110001000111011101101001000
00111101100100010001110101100111
00111110000101110001100010111101
00111101100010011101011011111100
10111101101110100110101111000000
00111101010100000011110010000010
10111010111101000001101110010101
10111100001100100101000101111001
00111100110100001100011000101010
00111110011010010111111001010111
10111010100001101000110001111110
00111100110100101011110001100011
10111100111111111100110100000011
10111101011000111000000110100110
10111101101111110010111111010000
10111110001000011010110011111100
10111110011001010010011011110111
00111110011100110110110110101001
00111110010111011010010111001110
00111011011010011110110101001010
10111110010010111110110111111110
10111101000101001001101011011010
10111100110110101100110000110000
10111110010000100101100100111011
10111110011010001101101000110111
10111110100111111000011101101101
10111110101111010111111101011110
00111110010101001011101010000101
10111110000101100110101110011101
00111110101001010011011100101100
00111101101010000011010101011001
00111101010000110011110010110110
00111110000101010100000111101000
10111110001000100100101010100000
00111110010100010001101101100010
10111010111011001000001010011111
10111101100101100011000100110101
10111101001000000111110000110110
10111110001001110010101110010001
00111101101011001110111101010011
00111100000101010001001011001000
00111101111111010010000101111001
10111101101110000010111101101100
00111110101010101011111010110100
00111110100000001001110100011110
00111110010100101011010000101100
10111110101011101011010111111010
10111110001000101101110010101011
00111011111000100000001110101010
00111101111001110101000101001000
10111110001111100111000100010010
00111101110000000111001010000100
00111110100001111100100001111001
