00111110000110101111100101010011
10111110101001011000101101011111
10111101111110000100100001001100
10111101010110101100100000111101
00111110011001001101110001010000
00111101000000001101011011000011
10111101011110111111001010001110
10111110110000101001011111000001
10111101001000100000000111001110
10111110000100011010000011110100
10111110101001000100001100100110
00111110000111110011010001111010
00111101010100111101000001001001
10111101011101001111011011100000
00111110000110111110101010100110
10111110000101111010110011010011
00111110011110010000111010101111
00111110100101111110111101000111
00111101001011000011100010110010
10111110101100010001010011001011
10111100100000101011101100000011
10111110010101000100000011110110
00111110010110101111111111100111
10111110001100100011000110001100
00111100101000010000011110011000
00111110011101000110000011010101
00111110001011001101010101001001
00111101011111011100111101001101
00111101101101010001100010100100
00111110010100110000110111001111
10111110100100000011001011000011
00111010111000001110011100000010
10111101110011001001111111011110
10111110100010000101101011000111
00111110001100100010000001011000
00111101000101010000010000110001
10111101100000110001101011010011
00111101111100111000100101111011
10111110010100100100110100100000
00111101110101111001111001000111
10111110000110110001110001000001
00111110101000001111100110100010
00111101111010111100111000110000
10111011100101111100011101111100
00111110010100101101100111100100
10111110000010101100100101011001
00111101000101111011011011000010
10111110000011110010011000110001
10111110011001000111001111100110
10111101100101010011101110101011
10111110100100010010111101000000
00111101100010111110101000011011
00111110011010110111100110001011
00111110000110011010111000111000
10111101000111111101101111010111
10111110011010101101100101001101
10111110011111100011011000011111
10111110010100110101011110111101
10111101110000000100011111011110
00111101100101000101001110101100
10111101110110111100011100101110
00111100001110111101110110111110
00111110001000101001001000010000
00111110010110110100000110011011
10111110000110001000101100011101
10111101000100100001011110100000
10111110011110110000000000011000
00111110010100110101110100101100
00111110000110000110100000000111
00111110000011011011100000100100
00111011100001111101010001110001
00111110001100100000100000010100
00111110100010111101010001001000
00111101010010000011111000010010
00111110011001101100000110001011
10111110001011001101101010101111
00111101101100001001011100011101
10111110110000000011110110111000
00111110001010011010011111010010
00111101111011100010111000111111
00111101000010101111000110011100
00111110100100011011110101111001
10111100000100100100001011100111
00111110001000000111011101001011
