00111110000111111011001101100100
00111110000110010110001100110001
10111101111000000001010010000100
10111101001011010101101100000001
10111100101101010111100110010011
00111100111000010000111001110111
10111101101110001001011001100110
00111101011101111111001111011100
10111101000101110101010000011001
00111100101110000001101010010000
00111101100010000001101000100101
10111100011111000000010011001011
00111101000001100011111110100101
00111110000000001010100010010100
00111110000101001010010010000000
10111110001010111011110011001001
10111101101100111101010111101010
00111110001011110000011011000011
10111100001100100110100010110001
10111110000001011111111100000110
10111101001000110000001111011110
10111110000101000010000010101111
10111110000011011100011100001011
10111110000100110101110000011000
10111100110111010110000001011111
00111101011010100111111000110110
10111101000001101000001110100010
10111101100010000011000100100010
00111101101110111111111000011010
10111110001001000011111011110000
00111101001110001101001011010100
10111110001010101001100001001111
10111101110101110100001000011110
10111110001011111101101001101111
00111101101010011001010001000011
00111101001010011111011111100110
00111110000001111101010111110100
00111100010000100110100101010001
00111101100011111101010101110100
10111110001011001001111010000110
10111101000011010010111100010011
00111110000101101110000100011100
10111101110111100100100110111010
10111101111101101101010111110011
10111101101011100011010001010010
00111110000101011110100111000101
00111100100011100000110011101001
10111010001010011100011001011010
00111100001111010100011010010010
00111011101000011101000010111100
00111110000100001111010011101110
00111101011011111000110000001010
00111110001001111010111101001000
10111101100000000101011100100100
00111110001010000110001101010100
10111010111011110011000011111110
00111101110110100010001001101000
00111100101001101011110101110000
00111110000001011111010111100011
10111101111110000010111000100001
00111100101111111110110011110011
00111101100101001000010000111010
00111100110000111100000000010001
00111110000100111110011001111111
00111101010110100000001000001100
10111101100011010110110011010001
10111101101000111100100000001001
00111101011001101001010111110101
10111101111110110010101100001100
00111110000011011110010110101111
10111101111111110011010111001111
00111110000111101000110110010111
00111101001001101100000101011000
10111101110010101111010110111100
10111101011111010111001101100010
00111100110101101010100110111010
10111101011011011001010001100010
10111110000011010000010100001011
00111100100010101011000111111111
10111101001011100011101110111110
10111100101110001010101001001010
10111110001000110111100010111101
10111110000111000000110010000101
10111101101101010100101010100010
10111110000111011110100101100100
10111101111101101100011110100110
10111110000010110000101110110001
10111011101110001001100011011001
10111101010100100010000010101001
10111110000110010011011110110010
10111101011111110111100110100100
10111110000101111001111100000111
00111101100111000001101101111001
10111100111110101100011101111101
00111100001110100000111101101110
00111101101110111011101010000110
10111101110111001000001110001000
00111100110100011001110100101101
00111101110000111100100101100000
00111110000101101111110101100010
10111110000011100111001100001001
10111101000111110011111110001011
10111101000001111100000111011101
00111101011101110111010110000100
00111110000010011101010011101100
10111101100110010101000111111001
10111110001011001011110010001001
10111101100010011011101001001101
10111110001100000000010000100100
10111011100101010011000111000100
00111101100101001001101110100001
10111101010001100000110001000110
00111011010101101000110010100111
00111101100110101010001111011001
10111010100110000000101110101001
10111101001001111000011110001100
10111101111000101101000111011110
10111110000101010110111011010010
10111101101100011101000101111000
10111101001100010000110000100110
