00111101111111001111111000101000
00111101001001110011100010111110
10111101101100101011010100001111
00111101110110000100011001111001
00111101000000000111110010010000
00111101100010111111011101110111
10111110001011100110011001100011
00111100010011101001110110000011
00111101011100011001111010000010
10111101111101110001001111101101
00111100000001111011010010011000
10111101000111101000001001000001
10111101011110001011011110101100
10111110000101111011111111111110
00111101000011100110101100111010
00111101110110110011110000110110
10111101011110111110010011100110
00111101100110010101010011001010
00111101100010011111010001011101
10111110000111100101011010111111
00111101100101011110001110001110
10111101100111011100011011101101
00111100110111010010100000101110
00111110000100000010110000101011
10111101111111111011110010010100
10111110000100100111000110110011
00111100011001000011110010111001
10111110000101111110110011001100
00111101111011001011110111110001
00111101111101011100100010101110
00111101110010010101111101011010
10111100111011101100010010101101
10111110000001100111110100100011
10111101001011111100000000100011
00111011101100101101111101010010
10111010010001100110011111001010
00111101000110001000001011101100
00111110001010110110001000000011
10111101000111011011101110110000
00111110000111001101011100001011
00111100110100001010101101011001
10111110000111011000000101110111
00111110001010011111001001110010
10111110000010110000011110110110
00111101110000010111011101111010
00111110001110001110001101100101
10111101001101011110001110010010
10111101010101001000101000010001
10111110000001000111111100000011
00111011100011010011011010000101
10111101101111100001010001000101
10111101111000011111110001001101
10111101101000000101100010000100
10111110000011001110000001001011
00111110001010001010100000111100
10111110001011001010110000011000
10111101000010010110101111111010
10111101101101001011111010000001
10111100100010100001010010010011
10111101100001111010111101000000
10111011110110111011100010110110
10111101010110011001111001011101
10111101101010000100101000111001
00111101101110001001011000100001
10111110001001100010001011100110
10111101010001000001010111101111
10111100110010101101011110011110
00111101000110001000011010001110
10111101111000100001100010110000
10111100110111011100010001111000
00111101110000001100001000100010
10111101010110001111001010001110
00111110001010101111010101010001
00111101001000010110011000001110
00111101001110011100010010110000
00111101100101100010011001011100
10111101110000110010111011111111
10111100101110001100001110001011
10111110000011110110111111011001
10111110000100001000001111011001
00111100101010010100111101010110
00111011111110100000010000111111
00111011110000010100000100010011
00111110000111001011010010010111
10111110001011101011111000110100
10111110000010001011100000111011
10111100000101011100101011100110
10111101111100111101111100110111
00111101110100000101111010111110
00111101000001000110101101011111
10111100011000010011111000000000
00111101010101100100000001000001
10111101000111111001110101001000
00111101110010110100010000010101
10111110001001010111010001011101
00111100010001110111011110000101
00111110000101011011100111010101
00111100000111111000000100101111
00111100011010111100011010000010
00111101000110111010110110110000
00111101001111111011100100001111
10111110001000110000001001010001
00111101011011101000111111010010
00111101000001011011000011000011
00111101001010001111100111101011
00111101001000010010011110000111
10111101111111100100111110000011
00111101101100010000100001110010
10111100110101001110000011001011
10111101001111100100110011010010
00111110000011111010000111101100
10111110000001101000001101100100
00111101001000011111000011001011
10111110000111001101111010100011
00111101100000110001110101101010
10111110000001101001111111100001
00111101000101011110001111001000
10111100010110001101001101001011
10111011100010010111110011011000
00111101101010011101001110111000
