10111101011101110001000011011011
00111101100110011110001001110011
00111101111100111110101011111001
00111101101011110001111110001001
00111110001011101100010000001100
10111101011110001100101000010110
00111101101101010011001000111000
10111101101100111110010101000000
10111101101000111100010010001111
10111100101011010011000001100011
00111101011010100100111111110100
10111101011110010100000101100110
10111101000100100011011100001111
00111101100000001000110011111010
10111101111101011011001010011000
00111110001010001001100011100000
10111101001111000010001111010101
10111101110011100101000111100101
10111110000010101011110110010000
10111101000101001001110010101111
00111100111111001000001000000010
10111100010001111100000111001010
10111101101010001001011001111010
10111101011101001100000001101011
00111110000010001000101000100110
00111110000110011001111111010110
10111100100111010111111101000010
00111100000111001011000100100101
10111110001011010101101110000011
00111101111111111000101111111100
10111101110000001111011001100011
00111101100101110100111101100001
10111110001001000001100110011101
00111101111100001001001000011001
00111101111011001000111101010001
10111101110111110111100111000100
10111110001011001101001110110011
00111110010010001010101110101000
00111101000101000011011101001110
00111101111011100011101011100001
10111100011111010010000011011101
00111110000010110000100010011101
10111110000110101010101001000110
10111110000101001100001100110011
00111101010101111001111010010100
10111110000010100011010011000101
00111110000100000111111000011010
00111100101001000100000111111001
00111101010010111000010000000111
00111101011101011001011000010111
00111101110110010100010100111010
00111101100110001100000010000011
00111110001001100000010101000111
00111101001100100101001101100000
10111101101000100100111111110001
00111110010001101010000110111110
00111101010000011111011101000011
00111101101100001101011010110001
00111100101100110000000000000001
10111100110111000100110000001000
10111100011111101111111100110111
10111110000110100011000011100010
10111110000010011101100100101011
10111101010110101010111100110000
10111101100110001000011110111001
10111110000001100010011010010000
00111110001100011111110011111100
10111101001110011011001101110111
10111101100101110100011001001101
00111101010100010001101101100000
10111110001000110111101110101111
10111100101101011100111000100010
00111011011000011101000110000000
10111101010010110011101000011000
00111101001001010111101010000111
10111101011100111100010010111111
10111101110111110101000010100001
00111101101101110000001010101000
10111101000100001101001010101110
00111110000001011111000011011110
00111101010111110101101011000101
10111110000110000100001110101111
10111101100011101110000000010111
00111101000101100100011111101110
00111101101110110010010011101000
00111101001001010100110101101111
00111101111010110110111111100101
00111101111011110110111100000100
10111101010111010000111100010100
00111101101011011100110111101111
00111110000001101011000000000110
00111101111011011000101001000011
00111110001000001001011100111010
00111110001100100100011100100110
10111100100010011001000001110111
00111101101011001000101111111001
10111110000001001011001100111000
10111101110001101000010010000010
10111101101101010111101110010000
10111101100011010011111001100100
00111110000101101110110110101100
10111101101100011100110100100011
10111110001000100010010100010000
00111101101000000100101010110100
00111110001001101001111010001111
00111011101111110010000011100011
00111100010000011000000001010001
00111101110101011000111100100011
10111101000011000010001001001110
00111110001111000011111111000001
10111110000110101100001000111111
00111011100001111110000100110100
10111101101110110011011000000011
10111101001011011010111110001010
00111101100010001100100101101000
00111101110101010100101100011111
00111101111100110000000111000100
00111100001110000010110000111111
00111101010010101000000010010101
10111101100000011001110010000000
