00111101011110010100100011110100
00111101011100110100011001000110
00111100000010010101000110110010
10111101110100011011000010100111
00111110000100000110011111111000
00111110001010100001100001000010
10111101100110001011101101110101
10111101111101110000010011001110
10111101111110100111110001101110
10111100000111010101011100110111
00111101111001101011110010011000
00111101011100000010011100011101
00111101101111100001000100011010
00111101101101010000000100001101
10111101111111100010111010101111
00111110000100000000100011101110
00111110000000010010011100101111
00111101101000100010100010010010
10111110000111110010011111010100
10111011100000101011000100101001
10111110001010010110000100100011
00111101010010010011110011011010
00111101001110001101000110010010
10111110000001011110110011011001
00111101101001101000000110111110
10111101110101011101000001011111
10111110001101110110110110001011
00111101101010010010111101001101
00111011110100101101101111000110
00111101101100111100110010111101
00111110001000000010100000010101
00111101110110001001101101110010
00111110001001110111100100010011
10111101100010100001110010101100
10111101110010100010111000110101
10111101111000001001001111000111
00111110000110001011000001010010
00111110000111001011101110101001
00111110000110010100000010000000
10111100111001000111010100100011
10111110001101100100111010110111
10111101011100111001010110111011
10111101111011101110000110100100
10111101111101100110101101010011
00111101110111010011100100000100
10111110000101000100111101000000
10111110001000001110010100001011
10111101011111010001001000010000
10111101011110101010110111100011
10111101001001000101011010011010
10111101100101010011101011001000
10111101110001001011100110011000
10111101100011111101101001000001
00111110000001110001100100010110
00111101011010000110000100100110
00111101111101011000000100000000
00111110001011100000110001110000
10111110001100001111011011101011
00111110000110000110110101110100
10111110000000011000100101100101
10111101101101111111010010011110
10111110001000000110110011100001
00111101110100110010111100111001
00111101001001111110110110010000
10111101011000011110011000100100
10111101100010111001101010011010
10111101011100110101101011100100
10111100011101111000100110101011
10111101100000101000001101000110
10111101000110101100110010010100
10111101110101000011111110101001
00111110000000110001010001001011
00111110001101010000010011011111
00111101010101101111101010100101
00111101010010111011101000001101
00111010011001010110100011111111
00111101101111011101101111010001
10111011111000101000110110101011
00111110001010100110000000101000
00111011110010010101110100000100
00111101011100001111000100110010
10111100100101101100100000100111
00111110000100101010101100111000
00111110010000011110010110100001
10111110000001110110110000110110
00111101001001011101001101001111
00111110001001110100100001011110
00111101100000110101011101100000
00111101010100111000011111000010
10111101111101000011100001101011
00111101100010011100010110111010
10111101000000101001010001011010
10111101101001100101101100100011
00111010101010100000010010000100
00111100011000010000100110100100
00111101110001111001101000011100
10111100101001101111110000010101
00111101001001111010100011000100
10111101111101010011101010100101
10111101101000100101110101100100
00111101100001110000110100011100
00111100100000111110001110000111
10111101001101001110000000111100
00111110000100001000010111110100
00111101101000001111101101100011
10111110000001011111100101001000
00111101000011111011001111101011
00111110001110111100111111011111
00111110001000000010100101001101
00111110000101001110000000110100
10111100010001101100101001110110
10111100111101101010100010010000
00111101101001000100001000110110
00111101100010111111001111110101
00111100110110111010011111001000
00111110000111111000010010110010
00111101010100001100111010010010
00111101100110111100011111010111
10111110000000101010000010000000
00111101110100111100000101010100
