00111110000101101110101000111010
00111101111000001101100101101001
10111101100100000101110110100010
10111101001110100001110011101110
10111101000010100111100010010001
00111101110000011110111011010010
10111101110101010001100101011100
10111110000000001011000000000001
10111110000011011101110000111001
10111101011110101001101010010100
00111100001110100100011111001101
10111101110010100010101011100011
10111101001010001010011001101001
10111101111010111010101001110011
10111101011011111100011000000110
10111101100011111011111100001001
00111110001010111101011000110010
00111101110111011110010010010000
10111100101110100111111001000101
00111110001000110000011001000010
10111101000101111101101011110101
00111110000001011001111101011000
00111110000100011001000100101010
10111101110001000101110011001101
00111110000000010111001101111100
00111101100100101110111100011010
00111101110001111011000101110101
00111011101100011110100010100001
10111101101101101111100001010000
10111101110110100010100010100000
00111110000011000000010100110100
10111100101011100110100101001111
10111110001110111111110000101100
00111010110000101111010111110001
00111100111110001111011010100111
00111101101010000000101101001011
00111101100000100111111101010111
10111110001000001000000110010100
10111101100010001001010001110010
10111110000011110001001110011101
00111101111000101101110001001010
00111101101110001110001000111010
00111110000111001110101101010010
10111101110010011000100101100010
00111100010001000101001110101011
10111101011110011010010111000000
10111101111111110101100100110011
00111100111110010100110101111110
00111110001000010001100001000010
10111101101111111111011101001100
10111100111000101001000000011010
00111100100010010101010110101110
00111110001100100100110100011001
10111101111101000010100001010000
10111110010111110001100010011110
10111011011101011100111110011110
10111100001100010110110101011110
10111101101001000000011111110111
00111110001010001101011101110101
00111110000010010100111010010111
00111101001011010010110110010000
00111011101001101010010111001100
00111101111010000111010000100011
10111101001010010000011011000111
10111101111010111100100110100011
00111110000111110100111100100010
00111101001110101100111001011100
00111101001000010101110010001001
00111101001111011101110011011110
00111110001011001001001100000101
00111101100011001011011011100110
00111101100000001100100010111100
10111101101010100011000110000101
00111110000010111100001010111010
00111110000111001000111010011011
10111101011111101100100100011101
10111101100010101101001000010100
00111110000100010000100000000100
10111101010101010000101000101110
10111100001110010101101011000011
10111100111100111100100101101110
10111101111101100111011000000011
10111101011000111100001000000010
10111110000100011111001001110111
00111110001101010110110000000000
10111101100100000000110011011111
00111101111001001101101110110101
10111100101001010111100010001011
00111101100110010000000001011100
00111101110110001001100011110010
00111101101110000100101110011001
00111010001000110100010101100100
00111101111001010111111101110010
10111110001001100010000010000010
00111101100000101000110101110101
10111101010001011111111110001001
10111110001000101001111011110111
00111110000011000001011001001001
00111101011010100110000001101010
00111011110101001100111010001010
00111101110011001100100000100000
10111011100111111111000001000110
10111110000111001011010111000010
10111101101111000101111111110110
00111100000001010001100000111000
00111101101100111111000110110110
00111100110110101001011001000010
00111110000110011000010100010100
00111110001000100100100110111110
00111101111000000100001000011100
10111101111110010111100010000110
10111110000100110001011010001101
10111101100101000001110001110000
10111100101110100011001100011001
00111101111010001110001010011000
10111101101010101110101101110011
10111101111010001001110000010111
00111100001010000111100010000011
00111101001010010010110111010010
10111101110100101000111010011001
