10111101111000000100100110010011
10111110001101010011011011011000
10111110011110111011100000001001
00111110000001010100111010011001
00111101010101010010011001010011
00111110011011110011010111010011
00111110100110011010000011000000
10111101001011111000101101111011
10111110010100001110100101111010
10111110100101010011000011001101
10111110011001111100001000000000
10111110010000101100110001110011
00111101110010001001001100000001
00111101110111000000000011001010
00111110011110100111101111010001
10111110100011101100110010101101
00111110100010101101001000001111
00111110001000010000001001110000
10111110100000110011100000011011
10111110100100001111000000111101
10111101010101011011111111010100
10111110100011101001010011111000
00111001001110111111100000110010
10111011101100010010111011111110
10111101101010000111011100100101
10111110010111001110100101110010
10111110100101001101111011001011
10111110000100001111110100101101
10111110100101100110011110000000
10111110010100011111101001000001
10111100000010010001110011111001
00111110100000100101011011110100
10111100110100010101101010101001
00111110000110011100011111111111
00111110100001100100110000101110
00111101111001101010100011001101
00111110010111010000100101100101
10111101110111111110110111110000
00111110001101110111101101000101
10111101101001111110100100010111
00111101101100101111001001110110
10111110100001110101011001011000
00111110000001001011001111011001
00111110010011101001111011100110
00111101000010101011101010001011
00111100110101100101110001000011
00111101110010100001110100100001
00111110001101011100111111001101
00111110100011101101111101000010
10111110000101011101100010100101
10111110011000010011111110000111
10111101010101110101001010001111
00111101111011101001000001100010
00111110001100001110010000111001
10111100000011010010000111010011
00111101011110111110110100001101
10111110101001010001010001111100
10111110001011001110111101011100
00111110001110101100101000011011
00111101111100001010110010100011
00111101000111010011000101111100
10111101010011010000010100110000
00111101100110011011000011000110
10111110000001011010010101101100
10111110011000110110110111111010
00111101111000111101010011110000
10111100011100100101100100001010
00111101100111011110010011001011
00111101001110010011100000100111
10111110001101110101000111011001
10111101010011111101001100101100
00111110001111001101001000111000
10111110100100001110110111100010
00111110100110100101010101110010
10111110010001110001101101000000
10111110010000000011000010001001
00111110100110011101111111010010
00111101101001000011111111101010
00111101100101100111011100100001
00111110010000010110000111100111
10111101110000100001001110010101
00111110011000010111011001000110
00111110100100100101111011000111
00111110001000010010111111101110
