00111101100101111001010111101001
00111101010011111011001000111001
10111101101111101111010111000100
10111101001101001101110000011110
00111110000111011000000110111111
00111101111110001000001000111000
10111110000011101100011110010111
10111110001110110111111101111101
10111101000010111111111101001100
00111101101010100001101000011001
10111101010111010101011010111111
10111110001111101010100001011011
10111100011011011101011110001010
00111110001100100111110000110011
00111110000111010111101110000110
10111101101101100100001001111000
10111110001001001001001000101000
10111101111001001001101111110000
00111101000000111100010010001010
00111100111010101011111000000110
00111101011110011110011110101000
10111101010001010111101010000100
10111101110010011010011100001101
00111100101110110111110100110000
10111101000000011001000011100110
00111101100100111101011100011100
10111101100011010011101001011111
10111101101010000111101001101100
10111101100010100010011101111010
10111101010011011011011001101110
10111100101101010111011101001101
00111101010000001111111110110000
10111101110110000000011001100110
10111100110110100000010101111001
00111101110000101100111010100110
10111011100010111010010111110001
00111100100000010110010001001010
10111101000110100101000011010001
10111101011000010011011001011110
00111101010001010010101000101110
00111101011100001010110011110101
10111101000011101000010101001001
00111101000111110011011000110001
10111101000100110010100110011100
00111100000001011011111111100010
00111101010011000010100110101000
10111100000110101011111011110001
00111011100000010101000000001110
00111100111111100011100000101010
10111100111110010001101100100110
10111100000110101011101111111001
00111100111110110000110010001011
10111110000000001110111100001101
10111101001000011010001011010111
10111101011010001100000011101001
10111101000000000110100001001110
00111101000110000001110110100001
10111101101000111011010011101101
00111100001111011010101111101101
10111101010111000110011111101101
00111101100111010100101001010100
00111100101001011100100010101011
10111101001111100110011101110000
00111101101011111100111100011110
10111101011001100111011001010101
00111101010110111101101111001100
10111101100010100101110110111010
00111101100011100100111000000110
00111101110100101110101010101000
10111101100001000011011111001011
00111100001101101011000000010010
10111101100100110011110011001111
00111101011111111000001101100001
10111101100010111100110101110100
00111011101111001110011111100110
00111100111110100000011110111000
10111100001000111011000001000000
10111100011111100000101001010001
10111100111011100011110100111111
00111101010011111010100001101001
10111100001001011010011100111100
10111101111111111111001000111110
00111110000001011100110101000000
00111100101101011100000111111010
00111101110011100000111010110010
00111101000100101010011101001000
00111101100100001011111010110010
00111101110001000111111011110100
00111110000111001010101110000010
10111101100101100000100000011110
00111101100110010110111001010010
00111101000011110100111111100110
00111110011001111101110100100010
00111101001000001110101111101100
00111101110001000010000110011010
00111101100110001111111001100000
00111101001111011000111100111011
00111110000111011101100011101111
00111110001000111110111010101111
10111101010000001100100111100110
10111101101010011100100010011001
10111101101100100001111011101000
10111100100010111000111100011100
10111101011110000001111000011010
10111101100110100000101111010111
00111101010010000100111101011111
10111101010001111011110111001111
10111011101000000100101010111011
00111101000110000101001010101110
00111101100110110000011011110001
10111101100000000000110111101001
00111100000111100001101101000000
10111100011110110111001010011010
00111101101011101111011101011111
00111101011100001100100010011011
00111101001111110011101110000011
10111101100001010110000011101011
00111101101000000001110000100000
10111010101101100110010001110001
10111101101011010110010100110011
00111101010101001110110001101101
00111100111111101001001010001000
10111100100101011000100110010000
10111101001010000111100100110000
10111101100010100101001100101000
10111101010001111101010110110011
10111100110010010000111001101000
00111101101011010110000110010110
10111101100010101111110001111010
00111100101101001001000011011100
00111101111011100110000101101011
00111101101100001011101110001011
00111101000110111100011101111101
00111101101010111000110101111111
00111101110101101011100111101011
00111101100100111011010101000011
10111100110110000111001110101010
00111101111000001000010011010100
00111110000000001101001111111010
00111110000100111111010100010010
10111101111011100001000100100111
10111110010011001001000010100110
10111110001101011110100001000000
00110111101000011011101011101001
10111100000011111011001101110100
00111101100101000100100010100000
00111101010010001111101111001010
10111101010110001101010100111000
10111101111011110011111101111010
00111101100010101001011111111100
10111101001101011001110001101111
10111101101111010110111001101101
10111101110110001101001110110001
00111110001011100001110101100000
00111101100101000110100001110111
10111101000100011011001011111101
10111110011010110010001011110101
10111101001000000111111011010000
00111110010100001110111001011000
00111101111010001111101110101001
00111101000001000000001010101111
10111101010110001000011000101111
10111101101100101111100100110100
00111110010100010110101010110011
00111101110011011100101100100001
10111101101011001010001000110011
10111110001101000101011001100100
00111101100111111011101010000100
00111110010001001101100000010000
00111101011011001011110010000011
10111101110100110101110000110101
10111101010000110101001101010110
10111101100000101100010101001101
10111100101010110100001111010101
10111101100011011011111111011000
00111101101011010001001000100000
10111101111000100011000101111100
00111101011110010100001011010001
10111101101011100010110100111010
00111101001011110010101010010000
00111101111011001010010011010011
10111101100010110011010111100010
00111101101000100010011011111000
00111101101000101011011001111110
00111101000111110011010011110110
10111100111001111100010110110110
10111101000111001010100010010100
00111101101101001010010011101001
10111100111111100100110101010101
10111101011010110001011100100011
10111101101011101010011000011010
10111101110111101111100111001001
10111100111101100010011111010101
10111101100010100010101000001110
10111101101110100011111100100000
10111100101110011001101010101110
00111101100100001010000010111110
10111101110001111011101110001111
10111010110010011011110010101010
10111101010000010100110101000000
10111101101011001111000011101010
10111101001110011111101110011110
00111100101011011000001100011010
10111101110011000001101110101010
10111100111010111011000111100110
10111101011101110101100000110100
00111101110001101111100100110010
10111101011001110101110110111111
10111101010001100010001000000001
10111101110101001011101111010100
00111101101000011100111111001010
00111110000011111011101101010010
00111011011001101011010110111010
10111101000010111111101111111001
00111101001011010011010001111110
00111101001100001000000100011100
10111101001101101010110111000111
00111101000000011101000000101011
00111101100110100100010100100111
10111101001010101111000101110001
00111101101111010110101011100101
00111100000011001110111100101101
10111101011010100111010110001100
00111101110100011011110111010101
00111101101100101010000011111110
10111100101100111110100100011000
10111101110010111100110011100001
00111110000010011000000001111010
00111110000110110011100011100010
10111011101001011100001001001011
10111101011111101110001101000010
00111110000100000111110110101101
00111110001111001111110110110111
00111101111011011100010010011101
10111101111001110111000111011011
00111101101001001001110100110101
00111101000010001111000100100011
00111110000011101001001011000101
10111100111101011111100000101111
10111110000001011100100011011001
00111101011110000101111000010011
00111101100010011011100101101111
00111110000000101100001000111001
00111101111011111001100010110010
10111101111100100000100001110000
10111101010010001110001001101001
10111101001110110101100101000111
00111100110101101000011011101101
00111101101010110111000011111100
00111100100010011011100110100100
00111100111111100100011101100011
00111100101000111111000110011100
10111101100011100001011101000010
00111101100100011000101101100000
00111101010111001001001011011100
00111101000011001000010001011100
00111101101010100100001100111011
10111011011100010000010111011000
10111101000110011101101110111001
00111101100000110101010001101100
00111011000100100001010000100001
10111101101100110111010111001000
10111101011010100111010010010110
10111011100011110111010001011011
00111101110110100000011101000110
10111011001011101110111100100100
10111100110111011010111110101111
10111101111010000000110010000010
00111101100110010001110000110101
00111101110011100110100001000100
00111101101110111101011111010110
00111101001111110000010101010010
00111101011001010010110011010001
10111101010011101111110000001010
10111101100101011001001010001111
00111101111001000001111001010110
00111101111110000011000101101110
00111101011000000000001001111100
00111101100111001001101101000110
00111011100110010101010100101001
00111101111010010011010101001010
00111101001110100001010101010101
00111101001011010110001000010110
10111011101111001010111011011110
00111101101111111011010100110111
10111110000011110101111101010101
10111101101110111101111101010000
10111110000010101111011111110111
10111101011000100000011000010111
00111110000001010101011101010110
10111110001011100011101110001000
10111101111001000010110000110010
10111101110101011110010111001110
10111110001100110001111001101000
00111101011010000001000110000001
00111101101101010011001010111101
00111110000101101100111010010110
10111101011101111101111010010001
10111101101011101110110011111011
10111101100101011111110010000111
00111101110001010110000000011111
00111101000111110010110010011100
00111011110110111001011011000100
00111101001001111100101010110101
00111101000100010001000000001101
00111101110111010001110011110010
00111101011011001011010011010000
10111101110011101101011000111101
10111101100011110111010111110001
10111011001110100001101100001011
10111101100100011011110101001000
00111101011000010000110010001000
00111100110111010101111101111011
00111101011111000001000000101101
00111100101101011101111001011101
00111100100001110101010000100101
00111101111001000111000111101011
10111101100100011010011011001110
10111100001110001001100010110111
00111110000000111101010010000101
00111101101100111000011011110101
10111100100011111010110110100110
00111011110101100011110111100001
00111100000110000011011100011110
00111101100011111111111011100001
10111101101010001110110010010010
00111101110000110001001000110000
10111101100111001000000011010111
00111010101001110110011111001111
00111011111010111001110110101011
00111101101001111110110111100000
10111100010000111000110100011110
00111100010110011100011110010000
00111101001100011111110010010011
10111101110011110111010000000110
00111101100111010010110001100101
00111100100110110110000001101011
10111101100000011101011010100100
10111101100010010100010010001011
10111101101001011101001011010000
10111010101100001100001100000011
00111011101111001111011110001010
10111101111000000001110101110111
10111101001000001100000010000111
00111101000000100010000110001010
10111100101011001011010000001001
10111101100101101001101101111010
10111101000111000000110000100000
10111101101001011111010011000000
00111101100101101101011011110111
10111101001110110110100101011000
10111101100110111010000100111000
10111101011111010010011011101101
10111100100100001101001001101110
10111101001101010000110010101111
10111101100011110000110001001101
00111101110001110001000001010110
00111101000110011111011001110100
10111101101011110010000010100110
00111101101100001001100110111101
10111101101000000101000110011001
00111101101110000010111011111111
10111101100011000110001000111110
10111101100011101110100100000000
00111100001010000000100001111000
00111011001000001011111001011100
00111101101100100111110000010100
00111101101000100101110011001100
00111010111111001001101010000001
10111100010100101011011011011101
10111101010100010010110111111111
10111101011011000000001010001110
00111101100001010011000010001010
00111100111111110100100011001001
00111100001010111101010001010000
00111101011011101001011010010110
10111101000011000100010000100010
10111101000001000110100110010110
10111101001010100011011000001101
00111101001010100000101010000111
10111101101001000110101111011011
10111100101101100001010100100101
10111101110100000101000010000110
00111101111101000001000101110111
00111101011110000101101001110010
10111101111110011011010100101000
10111101001101011001111011001101
00111101001011110011011001111110
00111101011111001110011100010011
10111100110001010110011100011011
00111101100100000100110011100010
00111101010100110000010000001110
10111101010111011100001010011100
10111101101010001010111100011100
00111101001111011011100011010110
00111101101010011100001001100010
00111101000100100001101000001010
10111101110101010110100011101101
00111100100100000111100000000010
00111101000000011111111000000000
10111101101010000110100111111001
10111101010000011001010000010001
00111101000010110100011101101101
10111101000100110010001010111010
10111101100000100001100111100001
00111101110100110010000101101011
10111101001101111100111000100111
10111101011111101111001010100001
00111100011101000001100001000001
00111101101100010101111011101001
10111101101110100000010100111110
10111101110011110000110010100110
10111101100000000100000110100000
10111100100011001101100100100100
10111101010010100000011010011010
00111101010101001101010111001010
00111011101100001100110000011100
10111100010101111001011011111001
10111101010101000110011110010000
10111101100100011100011001011010
00111101001010001001101101111010
10111101010000100001100100000001
10111101011110001010100101011010
00111101101100100010011010001100
10111100111110000000011101001111
10111101001111010010011010010001
00111100000000001111101110011000
00111101011010100110010011000000
10111010001011011101010000001110
10111101100011001111001100110011
10111101111000100110111110000010
10111101010110000110110110010100
00111100110100010010011011101100
10111101101010000010011010110110
00111101101100000001011011011100
00111100110001101100111111111011
10111101100101000100110000000001
10111101100010001101111010110011
10111101111000001011001100101101
10111101110110101000010001001110
00111101111101001111100001111000
10111101011001110000111100001101
00111011101111100000011111000001
00111101101101000001100010010111
00111101100001011010100001011100
10111101000010100110100010101000
00111101110000111001110000101010
00111101100100110100101010110100
00111101010101111000000000010001
00111101010110110101011011101000
00111101101101100110100011011011
10111101100110100100101110010111
10111101111111010110000100001100
10111100101001101111000100100010
00111101100110010101101011010000
10111101100111110100111110001111
10111101100110111001101000100111
10111101001101101011111110101000
00111110000011100100000010101011
00111101101010001110000001100110
10111101110110101011000010100100
10111101111100100110000010001011
00111101111100001111110110001011
10111100100010000100000011100000
10111101000111101001010001100111
10111101011000011110100001000101
10111101101111001001011000010011
10111011110001001101010010010101
00111101111000110101101011100010
00111101101100010010111100000111
00111101100101001100010001101011
10111101110110111011001101101110
00111101110100001110101111000111
00111101101010011011010110101011
10111100101101100101101010000011
00111100001010011001110001001110
00111101110000110110010111111101
10111011100110111100111101101101
10111100100110000001011111000100
10111101101010100110110111001010
10111010000111111100010000111011
10111101001101010001101001010010
00111100011001001001110111010100
10111101000011011011000010010111
00111101010001111000001111000000
10111101011101011010101000101111
10111101101101001100010101000110
10111011101011110111010000100010
10111100101101000111011100001110
10111100111111100011100100010001
10111101110110011000010100110010
10111101101111011011000001001010
00111101100101100000101001010010
00111100010111001010011110001011
00111101110001111000110011011111
10111100010101001010110111010110
10111101110101110111011110100110
00111011111100010011110011011100
10111100011001101010001001111011
00111100100111010000100101111001
10111100110000010001101011011000
10111101101100100011101011101110
10111001100101100111000110101001
10111101000000001101011001110001
10111100110100001101110011001000
10111101011101000100001011100010
10111100101010111111010101010001
10111011101000110011001011010101
10111101110001001111011110001011
00111101001110100001100010101100
00111101110100100001011110110111
10111101001001011011101110111111
00111101010101010110011001010101
00111101000001101010001011000001
00111101101010010110011001110111
10111101110010000000011101011111
10111101100111110101001011100111
10111101000010111011011011110000
00111101000111010011000011011011
00111101100101111100011100100001
00111101011011011000011111000001
00111100111100010011000101111100
00111101011110000100100000101101
00111101101111111001111010110111
10111011011110011111111100011101
10111101001000001010101101001101
00111100100000100011010000101010
10111100100111011110100100110111
00111101001011101100110100111101
00111101100110101100111001111101
10111101011001001100111111000011
00111011000100011111011100000001
00111101111100100000001100101000
10111100101111000100110001101101
10111101101111111000011010110000
00111101011000011101010111011000
10111101010111100110000011100110
00111110000001011000110110110101
10111101000010111011010101111111
10111101011111001010001101001101
00111101010011001001111000001110
00111101110011011101011110000011
10111101010100010110010000011000
00111101100011111110110111110011
10111101100010101000000100001111
10111101011011001110110111001010
00111101100000010010100011100000
10111101011000000111010101011110
00111011100111001101001011100110
00111101011000001100000001101101
10111101110000011000011100111111
00111101110010001100101010001001
10111100101010010111001001001111
10111101001010001111001010001101
10111101100100010000000111110100
00111101101010111000000001110111
10111100100101001010100010010010
10111100101011001111011111010010
10111011111011011111101011111000
10111101001101011101101011011000
00111100110111100101000100011110
10111101110000100100100101101110
00111100111111110011001011101011
00111101010101110011001001111101
10111101101011011110011011011010
00111100000010000000111100111011
00111100101110000100110110100110
00111101101011010100111001110101
00111100111100001000011010010110
10111011110010101001100110001011
00111101011111110100000010111001
10111101101101100111100101010110
00111101110010010011111011110011
00111101010001010000101010100110
10111100010001010000110101010001
10111100101100001001000100010101
10111010111100111010101010111111
10111101011001100001011110101000
00111101000100100100101111101111
10111101100011111101010011101001
10111011110110101111010101000011
00111101001010000011010010101101
00111101111000101000000111100100
10111101101100100111101110011101
10111101101110110111001100000011
10111101001011011010101101001011
10111101101011100001010111101101
00111101101010010100101100101011
10111100101011000001111101111010
00111101000000000010100101000011
00111011100100001100101000011011
10111101011100000010101011111000
10111010101110111010100101011011
00111101001001110100001111100011
10111101100110110000010000000000
00111101100011110111100100101001
10111101100101001111011110100100
10111101101001011010000111100101
00111100011011111101110101011100
00111101001110000111100110110111
10111101001100000001110100101101
00111101101010000101110100101110
00111101011100010011101101101111
10111101101100111001110001111010
00111101000000100001110010000011
00111101010010000101001100001101
00111101000100000100001000110111
00111101001101111000100010111100
00111101011101101000011011011110
00111011101110001000111100111101
10111100101010001011000010100001
00111101010000001001110001010111
10111100010010011100010100101111
10111101010001111010010010001111
00111100000100110110011100100100
10111100110000101010001100100001
10111101101111010101101001010001
10111101101001001111101110010011
00111101011000101010111100101101
00111100101001111011000011010001
10111101011011111011111111000111
00111101110001100001100001000010
00111101110001111100101110011001
00111100111111110100111000010101
00111011101010000100110101001000
10111101000100111110110101110011
10111100111010101011010010000000
00111101101001001101010010111110
00111101110010101001100100110111
00111101101010000111101001111010
00111011001000011110110110111011
10111101110001001001001010001111
10111101100100100111101100001111
10111101101000110011010111101110
10111101110010100011101010111110
00111101001110111001001110010001
00111100101000101110011000000101
00111100001111111110010100011111
10111101011101100001001010011001
00111101101100101000111010101010
00111101100100111001100000011110
10111100100001100000001111101010
00111011100110001010110010000001
00111100100111111110110111110000
00111101110000001001111101011110
00111101000000100010000011111111
00111100011101011101101111111010
00111101011111010011011100010101
00111100010101011100001101101100
00111101000000100000110000000110
10111101000100100000100110001101
10111101101110011011101111100101
10111101000101100101111100101110
00111101000110100011111100011101
00111011111000101010100000101001
00111101001110111100000100110000
00111101100000010111001011101100
00111100101100100011111110101101
00111101000001100101000010010111
00111100100000100100010010010000
00111100101101101000100100011001
00111100000010010111111100110001
00111101001111010111001110110010
10111101100110000011111000000110
00111101000001111111011110001000
00111101100011110011000110101111
10111101001010011101110000010001
00111101110110000110101100111110
00111101011111101000110101111010
10111100110101111010001001001010
10111101001011001100010000000000
10111101100011000110101100001000
00111011110100001110110001001100
00111101000110101011001110010101
00111101001101001101110100101000
00111100111010000010100001001001
10111100100110011111101010111110
10111101101010111101110111000110
00111011110101000000010000000111
10111100110010100011101100001101
00111101100001100110001110000111
10111100111110101101011000110100
10111101001010001000110011010111
10111100111010110011100100001111
00111101110100010101000101101110
00111100111101001100010111011111
00111101010101111111011111010101
10111101110101011111011111111000
10111101000000110000011100001100
00111101000100101010100010101110
10111101101110000010011001010110
10111101110101010010011100010011
00111101101000010011001100110010
10111101101111010100001010011111
10111101100000111100100001001101
10111100111010001111000110011011
00111101001000011011010111011011
00111101100000011001111001001110
10111101010011001010101011011101
00111101010001001001100011000100
10111100001101110110000100010011
00111101100100101011001110100101
10111101001010001011110101000000
10111100000101110101110101001010
10111010100101110000110010010000
10111101110011101111110001010110
00111011110001111000010100110001
00111100100111000000111110010001
00111011111011001000011101010000
00111101011000001010000110011000
10111101101001010011100001010001
10111101110100101100001001110001
10111101110011001110111101000110
10111101101111010000100011011100
10111011101010000110010000010000
00111101110001111101011010001011
00111101100010011001100000111111
00111100100101010000010101011101
10111100000011011111011000001100
00111100100011000011010111100111
00111101100100000000001010110001
00111101001100011010101100001110
00111101110001010001101011111111
00111101101111110000001110100001
10111100111110100011101000111011
10111101100000111101110011110101
00111100101011110111010010100100
10111011111111101010001100110011
00111101001100000000100010010010
00111101110000101100101101010101
00111101000010110001000100001000
10111101100101000110111001001001
10111101100110111000101110101010
00111101001111111011100011011001
10111101110100110001001000000111
10111101110011000100010100111110
00111010100001001110110000100111
00111101001110101110101100101010
10111101110010111110010001100111
00111100100001100000100000000110
10111101110001001100101001001010
10111101110000001000010001110011
00111100100000110001100010000000
10111101100010010011101100101111
10111101101001101110100001101100
00111100110111110010110000111001
00111100010010100001000100011110
00111100111011100111111111001011
10111101000000010011111000000001
00111101100000010101011111010111
00111101001100110010110110001110
10111110000100101111010111100110
10111110000001111011110110111011
00111100110010100000101011010000
00111101111100101000101001000110
00111110000101111001111110011010
10111110000100010101100000011111
10111110011000010101001100110001
00111110000000100110100001110111
00111110100110011101010011011110
10111101101110000111110011011110
10111110000010001001000110000110
10111011011011101101110010001111
00111110011111011011010000001011
00111110100100110110011111110000
10111101110001111001011001001001
10111101001000111101000011111001
10111101100110110010101000010111
00111110001001111001111111000001
00111100110001110011011010111100
00111101111111110101111000111000
00111101001000101000011101111111
10111101111010100011101101111001
00111101010000011101001101000010
00111101100000011010010101010110
00111110000010100000001111101001
00111100001101001110111000110100
10111101000000101010011011000111
00111100110000101110000110001111
00111100000111010001011101110110
00111110000010010101110100100101
10111101101101011000110111111010
10111101110101101100010110111010
00111101010011100101011111010110
00111001111110001000011011000000
00111101100001110000000111010011
10111101100010110110011100111011
00111101100110000000010111100010
00111101111011110000010001101110
00111101010110011010100100101000
10111101110010000100011101101111
10111100001011100010110001010011
00111011100110111101011011111111
10111101100010010001110000001001
10111101000110011111110010100001
00111101001011100011000000111100
00111101000001001100011111110100
00111101101011000111101000111100
10111101100111100011001001000110
10111100011001001000010100001111
10111101100011101000101010001100
00111011101011011001110101100111
10111101110100111110011011101011
10111101110111000001110000100001
10111101101011101011111000010001
00111110000011111010100001111100
00111101010101000000000110001101
00111101101100101100101110010110
00111101100100011110100001000111
10111100010100001011111010010110
00111011001010001011110001101100
00111100111011011010001110001000
00111110000001000000111010010100
10111011011100010100111110000111
10111101010110000100101100001100
00111101001110111101000110100011
10111101100011010111100110011011
10111100100010000001001110000000
00111101111100110101010000100010
00111100101111110011000011010001
10111100111011010111000100001111
00111101010011101111101000100100
10111101110010001000001101000010
10111101100111111000100010010110
10111101001101010101110110010110
10111101001111111001000011000101
10111101001101111010000110011011
00111101111011111000001011110000
00111110000010001001111111011010
00111101100000011010000010011101
10111101111001111101001111011110
00111101000000110101100000010111
00111110100000101000000011110000
00111110011010101111001101011001
00111101000111011000000111010101
00111100100011111100110110001010
00111101100001111101101111111001
00111110010110000011011101100101
00111110001101001111010010010010
10111101100100101100010011110000
00111101111011110000010010001110
00111101010111111001011000101111
00111110001011101110001001001101
00111110000100101101000000000001
00111101111010010001111101100100
00111101001010101001111010101011
10111101010010110010000011101010
10111101011101010000000010101111
10111011110011110110110001100000
00111011110001001000000100010101
10111101000010001011001001101001
00111101100000010101111011010100
00111100101010010001000000011000
10111101100000100110110101100110
00111101100111101110101011110100
10111101000000101100101001010101
10111101100100000100000111100100
10111101101001011010001000101011
10111101011111000010100010101100
10111001000100001001010010110100
10111101110000010011001110001101
10111101100111100011011101000101
10111101101110111000110001001000
10111101110111000011111111011011
00111101011101101011110101111011
00111100010011011000011110000000
00111101101100000010001110100111
10111101100110001101110101101000
10111101110001010101010001101101
00111101100010101001001101101010
10111101000001011110000010101110
10111101001011101110011110000010
00111101011011011001001110110111
10111100011111000010010011001101
10111101100100000100111001010010
00111100011111010001111111001111
00111110010000010010110101101010
00111101011010110111001011110100
00111110010101100001110101101110
00111110000000100100001110100111
10111101011101110000110011010000
00111101101001100101110101101010
00111101000110111101010011101001
00111110001000100001011011000010
00111101101100001000001110001001
10111110010101001001111001010010
10111110001101001110010100111001
10111110010100001101000001100111
10111110001010011100111001000000
10111101101101000011001011010101
10111101100110001000000000000011
10111101110010100110101110110101
10111110000101011001001010111101
10111101001110010110001110001001
10111101101111100001000101101001
00111101100110111101100100110100
00111101111000111111010010010111
00111101000000110101111011101000
00111110000011101011111011011110
00111101110100000010010110111111
