10111101110011101101011110001000
10111110000100000010111100110110
10111101111011101010101100100010
10111100101111100000100101101110
00111110000001000111001001000111
10111101101100000010011101011111
10111101100011111000100010101011
10111110001000100001001101110010
10111101011011101010000011100001
10111000111011101101111100011100
00111100111110101101001001110101
00111100111001111000100001011000
10111101100001100110111111000101
00111110001100011101101000111001
00111110000001000101001001000101
00111101010000110011100010111000
00111110000010011000101100111010
10111101000111010101011011011011
10111101001000011100110111011111
10111110000000111110101111010100
00111110001000001011011010000111
00111101101101100011101011010011
00111110000011011110010001111111
00111110001000111111011110100100
00111110000101100101000000001000
00111110000111110110111000011000
10111100011100010101000110101111
00111110000101101101111000111111
00111101110010010011001110111010
10111101101101011101000011000000
00111101110101001000011101110110
10111101101110110010010100100000
00111110001000101100010010111101
10111110001001111110110000100110
10111100100101111000111010011101
00111101101100111101110001101100
10111101010110100000010100100101
10111101111100110110000011011110
10111110000011010100010011100100
10111110000001110010001000101110
00111101111111000111111010101000
10111100010010111000111101010000
00111101100011110011010111101000
10111110000101100101000111100010
10111100110000100111100111001000
00111101100100011110101101110110
10111101101000001100011101100000
00111100101011110111001001111101
00111101000101101001001110000111
10111101101010111011111011111010
00111101111000001100111010001111
00111101101011000111011111011001
00111110000101010011011000011001
00111101011110010100111010010001
10111101000001110011011110110100
10111100010101001100001100111100
10111101111110000101101010000101
00111101010110110001100111011011
00111110000101111010011111011111
10111101110101010000100000000101
00111100100011001100011001110011
00111101110110100101010100001011
10111101110001100000111111111101
10111110000110001101111111001001
10111110001000001100101101000101
00111100001100000110000110111111
00111110000100100010101010001011
10111101111100110011001101100011
00111110000101010110100101111011
00111110000000111111110110001111
10111110000010101001101000000011
00111110001010011010010110011101
00111110001000010010101001010001
00111101111111101000100110011000
10111101011000001101010110001000
00111101111100100011100010100100
10111110001011101110101110100101
00111100111011101111110000011111
00111101001110000001000110111100
10111110000100111001011110110111
00111101110000101100100100111101
10111100101110000010110111001110
00111101101010000100010100100100
10111101100011111111011011110000
10111110001001111001010010100110
00111110000101111111001001000001
00111110001000100100111100100011
00111110000111101001011010100110
00111110000101011001101010000111
10111110001000010101011011010010
10111100001110011100111010000111
10111100111101000011101100100110
10111010000000110100100111001110
10111101111100000110100110001101
10111110000000001011101111110110
00111100110101010111001000110101
00111101111100010110011001101001
00111101011111100011100001101100
00111110000111010000100010101011
10111100101000111010010110111101
10111011110110100001101100000000
10111101011111101011011110110010
10111101100000101000111011100010
10111101110111001100100001011100
00111101110111111100111101111010
00111110001001101011100110101100
00111101100000011101000001011000
10111101101000010110011001101101
00111110000100100011001010101101
00111110000011111000001111011100
10111101011100110100101011010100
10111101001110111101110011101000
10111110000100100001011110100001
10111110000011000101000111010111
00111110000100100011010011111010
00111101011011011010000111010000
10111100001001010110101010010001
10111110000100010000100100110001
10111101100000011100011001100001
00111101111000011011100000000010
