00111110000101110111110101010101
10111101110110010101010011101111
10111110001011100100010000011100
00111110000100100110101111011001
10111110000011011010101101101100
10111101111111100110000110100100
00111101101011000000001101000001
10111101110011101001111110000111
10111110001101010100110111100001
00111101101100101111001101100110
10111110001011000111001001111011
10111101010100110110110001110010
00111100110111011100101011100000
10111101000100001001101101000100
00111101101011111100010011110100
10111101001100110100001001111011
00111100111110001001101101100101
10111001101001001011111010011011
10111101000010111111011100010011
00111101011001001101101100101011
00111101110111001010010000000010
10111100001001101011100111100000
10111110001010001111001100110101
10111110001011011100100111101101
00111110000011110111111010000101
10111101111000011111010001101001
10111101101101010000010100100101
00111110001001011000010110111100
00111101011011100000101110110110
10111101100100101100001000111111
10111101010010000100001100011010
10111101100101110000011110111010
00111101110100001000011110101110
00111101111001101001001110011001
10111110000101101111100100100111
00111101111100100011111111010011
00111101100000101010110001110010
10111110000011010001000110100110
00111110001010010101011011001110
00111100101010010101010000111000
00111110001010000100000100011110
10111100110000001111010100010101
10111101011101110011000101010111
10111101100000111000110000111111
00111100001110110110111011100000
10111110000111100101010111000010
10111101110010111010111001100011
10111100110100101001011001010110
00111101110000110001101101101110
10111101000101110111110000111000
00111101100000100110101001110011
00111110000100001001011101010101
00111110000101000111010110110100
10111110001011011010011101110100
00111101011000101010100001101000
00111101111010010100010110000001
10111101110101101110110001111101
00111101100101000010101010001100
00111100110000001011110000110101
10111101100110100000001101101101
00111101101111110101101111001111
10111101100110111101100110011110
10111101111100111110001010100010
10111110000000011101111110110101
00111110000010101010101001100010
10111101100000111101000100001101
00111101000111001100010001001100
00111101101001111000101011100111
00111110000111100100101111011101
10111110001011011110111101110100
00111100001001111101101100010110
00111101011011110001111011111000
00111101111000001110111000111110
10111101111101000111001100001001
00111101101001011101001101011110
10111101110001110111000101110100
10111110000000100110100010101001
10111101001101111100111001010000
10111101110001000000001111011110
00111101001000010101110001111010
00111101101000111001001100011001
10111101110001011110101110100100
00111110000001010000010001110101
10111101000101101000111001011000
00111101001000101001101100000000
00111110000001111011110010110010
10111110000100010000111100100110
00111110000000100011100000111101
10111110001001000111101111000001
10111110000001001110101111001011
00111101100001001010100111011010
00111101110010111100110110010000
00111101101100110110110000010101
10111100101111110001000001000100
00111011001111011101110110001110
10111110001010101101110011011110
10111101100100001000110111011101
00111101011000010101111011001111
00111101100010000001111111000110
10111101111111000111101101011010
10111110001001101111101111101100
00111101111100000110110101100011
10111110001000110111110000000000
00111101111001001110000000011100
00111101111000000010100001010100
00111101110100100111000000111100
10111100111010111101111110011100
10111110000010110001100000000111
10111101111000101111011101111110
00111011110110101010111011100110
10111110000010000101110101010001
00111101110001001111011100101100
00111110001001111101010011010100
00111101000010011010000011101100
00111100100101100010111011110101
10111011101100001011011000111001
00111110000111000010111011101000
00111100010100100100101010010101
10111110000001101010011111001110
00111110001011001000011111001100
