00111110001000010111011111110100
00111110000110110001100110100100
10111101110111001110111001100101
00111101101000010100110001001101
00111110001001100000010011000101
10111101111101011001101011010000
00111101011010110111010011011010
10111100111111110001010010011100
00111100110010010010001110100001
00111100000110100111010100111110
00111101001001000010001001000100
00111101111000110111011110101011
10111110000110010100110000000000
00111110000100011000110110001000
00111101101011000010110000011100
00111110001101110010011011001110
00111101101010011000010101001111
00111110010100100100101101110000
10111101110000011011100011011010
00111110000110100101001000110100
10111101101101101000100011001110
10111101111111100000010011100111
10111110001010010100000000000000
00111100100100100101101000110101
00111101101111001101000101011100
00111110001011111001111010111110
10111110001111001110110000101111
00111110010100000101100011010011
00111100111101100110001011001111
00111100000001111010101101000011
10111101000100100100100100011110
00111100000111100011001001000001
10111101001001111001000000111001
00111101100000111010110011100010
10111110000110111001010100111001
00111100100101000000101110011100
10111101100001000100101001100101
00111101110101100100111100010010
10111101111101010100111110011010
00111110000010001111100001000010
10111100010001111010011111010001
10111101111011011001101110000000
10111101101000010010111010010011
00111100111011101100111111011001
00111110000111101111101001111110
00111101001000101100010000001111
10111101000111101001010000101100
10111101101010111010011001010100
00111110000100111011010110100101
10111110000111011011110010100011
00111101100001010100010110010010
00111101001010000000001010010100
00111110001111111001011100101100
00111101110000110100011000100101
00111101011110110011011010011100
10111110001101011101001011001001
00111011101111101110110110101001
00111101000100100010111101100110
10111110001000110111010000110010
00111101101100111100111011101110
10111110000101010101011000101100
00111110000100010001000000001110
10111101110001111100111011001001
10111110000101000000110011001100
10111101101100011001100110010010
10111110001010000010111100100010
00111110000100111100101001111111
00111101101000001111011111000011
00111101010100010010111001100001
00111100101001001001001100110000
00111110000101001010100011001111
10111100100100110010111000110000
00111100011000001001111001100010
10111101110100000010010011011110
00111100111101101010101101110001
00111101100001110100100000011101
00111110000101100111110100110110
00111101101110000000100101110100
00111110001110111100001111010001
10111101000001010111011101100101
10111101001101001010111011010000
00111100011101010100110010000101
00111110001000100111000000101101
10111101011001101100101101011100
00111101000110001001100111101010
10111101101001101010101010110101
10111101110011000111000111111001
00111101111001011010001110010001
00111101111000010110110010010001
00111101000110010111100000111101
00111110000000111010001001111010
10111110001101101000010111100111
00111110001100110111100111100010
10111101101000010000000011101101
10111110001111011000010111001001
00111101010010111001011100110101
10111101000100100101101101001001
00111101001000011000111100000111
10111100100011000110100001101110
10111100100110101001011000000100
10111101111011101010110100001111
10111101110011001100001010111101
00111101001010010000101110100100
00111110001101101100110011100010
00111101101111011010100110111011
00111101101110001100000100011001
10111101001101000110001000110000
00111011110111100001110011110000
10111101110111100011011101110010
00111100000100001001100001100001
10111101110010100001000111111111
00111100111101110101101101111011
00111100100111010001100110010011
00111101000011010100100110010011
10111110010000011000101011000000
10111101010000000111011101100110
10111110000100110100010111001010
00111101111101001111101000000101
00111101001101001101000101000111
10111110000110001110010100100000
