10111110000011101001011111100011
00111101101110101111010111101100
00111101101110000110110110110001
00111110000110010110010110001110
00111110001011101001000000111011
10111110000000011000010110111001
10111100101010000100110000010001
00111101110011010111111101111000
10111110000011101100110101111000
10111101101111011011001000101010
10111101101100100100011100111010
10111101011100100001010111101111
00111101111100010001101001101011
10111110000011010000111110001111
00111110001100000100110111100110
10111110000100101110001000010010
00111110000111001111010100010010
00111011101111000101110110101001
10111101110111110001000011000110
10111101101111000010111100011110
00111110000101001100101111110111
10111010001011110111110101000111
10111100100000100000101110000010
10111101010100011111101111111010
00111101011100110010101011111101
10111110000101000111111011011001
10111100100101100011100110101000
00111101011101100000101001111100
10111101111110010110011100011001
10111101111001011101011011101001
00111110000101001000101011110011
00111110000111110011001000001000
00111101101111111001001000001010
10111101101111001110101010010000
10111101101010100110100011000110
00111101000011100101101101100010
10111101101001001001011010001010
10111110001000001010100101011011
10111110000110101110011011011000
10111100110111101101011100110110
00111011111110011101001010011001
10111101101010011110000001110101
10111101010111110010110000100011
00111110001011100010100000101010
10111101101000011100110101011000
10111101000110001110011110100000
00111110000110111110100010000100
10111101111000101101110010100110
00111101111111010100101110011010
10111101111000100010011010011101
00111011110000101111101011000010
10111101100000010010111011111110
10111101001111101110000000110000
00111100110111111100001000010100
00111110000000011011111000100101
10111101101100100010001001111111
00111110000010010000011000000000
00111110000000001100111010000011
00111110000000001100100011111000
10111101110001001001100011111010
10111110001010001010000010100110
10111110001100101111011111011110
00111101101110111100011100010101
10111101110111100001101101000011
00111100001111000000010000111101
10111101000100111010100110110101
00111101100011000011000011100010
10111000001000101101110000011010
10111100010100110010100100011011
00111110000001000010100100010111
10111110001011001110110110100110
00111110000101111110011010101101
00111101100011111110101111001010
10111101011111011100011110110000
10111101000010110000001011101101
10111101011011001101011100010110
00111101000010101111110110110011
10111101100101100110100011011000
00111110000111100010110011101010
00111110001000110010000111011101
00111101101111011010011101010110
10111110000010101101111110110111
10111101101110010101011100001001
10111110001000101101000111010110
10111101111011111101001000011110
00111101111111101010011001101111
00111110000000101001010000011100
00111101100000101101100111001010
00111101110110101000000101000110
10111101101010110100111010011100
10111101010100010110111011111000
00111101111110010001110001010100
00111100100010010001101000100010
10111101010101011001010110001010
10111101011110111001110100000000
10111110000101011011011001101101
00111100010101111110010101101110
00111011101111010000111110111000
10111101111001011100111111011011
10111101101101010100000100000011
10111100110011000111111011101101
10111100110111000010001111000000
00111110000111100101010111001101
10111101100000011000001111001011
10111101100110101110110100011110
10111101101011011101011001101010
10111101010011010111010011001010
10111101100001111100000011110111
10111110001001111111001010101111
10111101101011100110010110100111
10111101110010011111110111110000
10111101001011001100000011111010
00111101000111110101001000101010
10111101001010100010000111100100
00111110001110101000100011111111
10111101101011100110010011000111
10111101100000010111000010011111
10111101111010110000101110011001
10111101101000001010011001000011
10111100100101001001001001011010
