10111101010001010011000101100001
10111101111100111011011100011110
10111110000100101100101110000100
10111110000010111000100100111010
00111100000001010011011111001010
10111101111110010010010001101100
00111101111101011000100100011111
10111101101111000011101110000101
00111101110010111001110010010010
00111110000111111001111010111100
10111101111100111011110101001011
10111101011101010111001000111101
00111011111100100100010001110011
00111101111100011001001111100111
00111101100000001100101110110110
00111100111110101110010011010111
10111110001001111001011111111010
10111110000011001000110001010110
10111101100111000110111100101001
10111101101100000011111011100001
00111110000000110000010111000101
10111110001011110110010101000001
00111110000010011111110011110101
10111110001011100110110101110110
00111101100001000101010100010110
10111101010001101110101010011101
00111110000101001010110110010100
10111010000110011101011111000000
00111100100001000111001111111011
00111100100000111010001000000101
00111110000011001101111001111111
10111101110101110011011000110001
00111100111111001010000001101011
10111101010011000011011111010101
10111101101110101001100010010010
10111100101110100001111010010110
00111100000011010101010001100000
10111101111111110010001101011110
10111101110110010100001000000000
10111101111010011000010111111111
00111101100110101000110001110100
00111110000101010011100100100110
10111101001111010000101110011100
10111110001010011010011100010110
00111100011000111010001110010000
10111110000010101101000010111010
10111101011110111100101001110111
00111110000001100100100110001010
00111101111000101011000001100011
10111101001001111000100010110101
10111101101100010010000000101001
00111101010101001101010000001110
10111101110111001010110001000110
00111110000100100101010101000010
00111101111100011001001000000000
10111101000101000111101100001110
00111101111010001010010101001000
00111100110000110011110011000011
10111100111011101001111011111001
10111100101110000000011101011100
10111011110111001101000110110010
10111100011101001011011110011101
10111101111000101011000010110011
00111101111100000100111100010000
00111101111111111111011100101000
10111101110101101110000011101011
00111110000001011011101110011111
10111110001000110011100101000111
10111100010111101110011110110101
00111110000111111011010110010011
00111110001000000010000011100011
00111110001000011000010001011000
10111101111110011111100101101110
00111101001010001101001110110010
00111100011110000100010010100101
00111101101000110001001000100000
00111110000101100010111100001101
10111101010011010111011010111010
00111101110111111010010010110101
00111110000000101100111101100111
00111110000111011001101111001100
10111101100111110000101110101111
00111101001110000011110000101010
10111110001010001110100011100010
00111101101101110010011110100110
10111101011000111111101011001100
10111110000110000011111111101001
00111101110011000001110111111110
10111011011111101110011100001010
10111101111110011111110110101011
00111100100111100001100001010110
10111110000010101001011011111100
10111100100110011100100001001110
10111100001000111111110011010111
10111100001011010101001101011111
10111110001010100011110000001000
00111101110110001111010111001110
00111101100011110110001100111001
00111101001110000001000001111000
10111101110110101100100001011110
00111101100010100010100111101010
10111101000011110010101111111010
00111101101110010100010101001001
10111100111110010001010101100001
00111101001001110000110011110001
00111101100101101110101101100101
00111101001010101010100111010011
00111110000100101110101101001110
10111101100000101110001001000011
10111100001000100001110000010111
10111110000010011011100111100110
10111101100000001111001101011000
10111110000001101101011000100100
00111101100101010111000011111111
10111101000111111101100100010110
10111100001110011000100000110011
10111101000110101010111110000110
10111101001100001001001101100010
00111101101001011010101100101010
00111110000101110000011010000100
