00111101000100111111100001101110
10111011000001011111011011111000
00111100010010100111011100000010
00111100110111011010011010101011
00111100000010011010000011011111
00111101001110100100100000100100
00111101101011000000011101110111
10111011111110100000010111000001
00111101101001001000010000010001
00111101000010110111111011101001
00111101010011010110100110110100
00000000000000000000000000000000
00111101000100000000100010001001
00111101110001110011000101101100
00111101111101000000000001011101
00111100111010001100111111100001
00111101011000100111010000010100
00000000000000000000000000000000
