10111101110000010010001000010010
00111110010011110010001101010110
00111110001011100111011011100001
10111110010001111100000110101000
00111110000110001110010111100100
00111101011010011011001111100010
00111101010101110111111001000010
10111110001010110110010000100001
10111101101001001101100100111100
10111100110000101111010110010010
10111110000101011101001110010000
00111110010000000000010101010110
10111101101001000010010111110101
00111101101100110101000100101010
10111110000100110101010110101111
10111100111000011101010000001110
10111100101111101011100010011110
00111110000111110111011001000000
00111101101010101110001011111110
10111011111110001010111110101001
00111101000001101100111011000001
00111100110000010011111110000100
00111101101000111010010101010111
00111110001000001111011100100110
10111101100001111100010111000100
00111100110110001001000011010110
00111100000001101010010000101111
00111110000110110100010000101000
00111101100001111001111001110000
00111101011011000000000010110111
10111100001011110011011001110000
10111101100110000010000100001101
10111101000011001010010110011101
10111110000110010101000110100101
10111101000100111011111010111001
10111110000000001010010011000011
10111110000000101101000111011000
00111110001100010001101111111101
00111110000100010101100011110110
00111110000111101111100011101000
00111101101000000101100011000000
00111101101000110111000011011101
00111110001100100100110001011001
10111101111000101111000100011000
00111101110010011111111001101110
00111110000101001011010011001110
10111110001110010001000011100011
10111100000111010000001111010110
10111100011000010111000000111111
10111101110100000000001111111100
10111101001111010001110100110110
10111101010000100000000111000110
00111011110101110111101100011001
00111110000110100001000101100011
10111101011001010010100010100001
10111110010010100010010101000010
10111101100001111110001100000110
10111110000101010111110110110000
00111100101011010011001000001011
10111101111010110100110011010111
00111101100110001010010110001110
00111110000001001001010110011111
10111101011100000000010111001100
00111110000010110011000000011101
10111101011001010110111101001001
10111101111001010000101110110000
10111101111101000111001001111101
10111110001001011011110110111001
10111101001000001100010110100110
10111101010100110011010001010001
00111110010000111010000000001100
00111101011111001000111000101100
00111011100110110000110111000000
00111110000001111100001001101000
00111100011001101010111101001110
10111101101010101011110001101110
10111110001000011110000001001110
10111101100111111000000101100110
10111101110111011100100101110111
10111110011010001110010101100010
10111101100111010001101010100110
00111101101000010100111111011100
00111101111010000110010101011001
10111101010100001111101111000010
00111101101010111001001011001011
00111101101001001001010001000000
00111101000001111110000010101001
00111101001010110101001110111010
10111110000101100100111001100000
00111110000110111000010001100100
00111101111010001111101000000001
00111101000010111000100100010010
10111110000111101110111111011011
00111100111101011011110110011001
10111110000000110110011111000111
00111101011011100001011010111001
00111110001000000101010100010011
00111110000010010011001111011010
10111101011000000101001100101110
10111101111010100101110010100100
00111110000011010000101101111001
00111101110100100110111100010111
10111100100111011001111110100011
10111101010111000110001110110001
10111101001001001101101000111111
10111101010101000101011110110111
00111110001010010010110010111010
00111101110011011111011001100011
10111101101111110100001100111110
00111110001011010001010111010110
00111110001011001000001100100010
10111101110010011010011100111010
00111110001010001111111100010111
10111101101010001001110100011001
00111101100110110001001111100001
00111110000101110001010001100101
10111100100011101011000101000010
00111101000010011111111010111011
10111110001010100100011101001111
10111101001011000110111101000000
