00111101101110000100011010010101
00111100000110111101010111010011
00111101111001110011000001110000
00111110001110110010111101100010
10111100010110101100010010010110
10111101111100101111111000001010
10111110001011001001111100011010
00111110000001111011000100100111
00111101001001100101000011101001
00111101100100010110100011101001
10111100101000000111101000101101
10111101111010101100010011000110
00111011010110001101101110011110
00111100111111101011000100000010
10111110000001100100001001011011
10111101010110010100011100111101
10111100000111011110000010001010
10111101110111101100101001001000
00111101001000010110110101011101
00111101101111010100010010010000
00111100000101111111110110110010
10111110000011000111000010000011
10111110000001011010110100101110
10111110000101100100011000000111
00111101010010111000011000111011
00111101101011001101110100111000
00111101001000111000011010101010
00111110001011101111110100001000
10111101100100001011001011100100
00111110000110111111011101010000
10111101010101101000100000100100
10111101100010001111111111111111
10111101101001101110001000001110
10111100100001011010111011000000
10111110001000101111000110110001
10111101110101110001101111001110
10111101010100000111000011111001
00111110000011101111111111000001
00111100000001000110000110000000
10111101101001111101101001110000
00111101000100100110100000110101
10111101110101011111011100110001
00111110001000011000100111100101
10111101110100011011000010001101
00111100100001011100011111101101
10111110000001000110101101100011
00111100110010101100000000110101
00111110001000101000011111000001
10111101001010011010100000000110
00111101111100110101100010001100
10111101101001001111101100000001
00111101001011001110101011010100
10111101011101111101000100100101
00111101111111010110111010000100
10111110010000100111011011000111
10111110000111111000111001110011
00111110000010010011111010010011
00111101110111010011110010000111
00111100111011000110110011101010
00111110001101101100100110000111
00111110000011111111101001110010
10111101100100110101011011101000
00111101100001101100000101110000
00111101100100110110111010000110
00111101110000110001001101100010
00111101010010111101101001110100
00111101011100101110000100100111
10111101000101111110000001010001
10111101100100011100110100011011
10111011100000101101100110000101
10111101101001001100000001001001
10111100100010000101101000110101
00111101110010010011110010111000
10111101110010010101111110100110
00111101001111010010001001110010
10111101001110111111010000001011
10111101010110011111000010000111
10111101111010010110010110110111
10111101011101000100011110110100
00111110000101010101011001111010
10111101111001111101101101000001
00111101000101010110100101010010
10111101110010110000111111111101
10111110001001111000001000110001
10111110001111110011000110101000
00111101100000110100101010111101
10111100000111010101100011110111
00111110001101101101100011101001
00111101110111001110011011011110
00111101111100000010101110101001
00111110000111100100010101100100
10111110000001100000111001011101
10111101011011000011111101010100
10111101101000110000110110010100
00111101111110100010011101101000
10111101111111100111100011010000
10111101110101101011110101111110
10111100110011000010000010111000
00111101101000110011111111010011
10111100100100110111110000111110
00111110001001001001011100011100
00111101010111011110001010111100
00111101010000001001000101011001
10111110000110001001101111100100
00111101011111011100001011010111
10111100110100001111000011000111
10111101101110110010111100101110
00111101101100110010100000111111
00111110000011101111100111001111
10111100011010110001001110101000
00111101101011001101001101101000
10111101100111101001111110010001
00111101100000010111011101010001
10111100100110000100110101000000
00111110000100000000111111100101
00111101110000010010100100010010
00111110010011111111001110000111
10111101100110111111101000100101
10111101100110001011010111110111
10111101111100000111010111001010
