00111101100110111011101110111110
10111110101110110111100001111110
00111110001101111100100010001010
10111110000010000011111011011001
10111101010000110010010110000010
00111110011010100100101001001100
00111110010100000010000001000101
00111110010011011110110001000101
00111110010010000110011101001101
10111110100010101011001100001011
10111110101100000100011111100101
10111110010000001000101011100101
10111110010101000000011110011110
00111101001001000110010101111110
00111110001101010110011110100001
10111110010111111010011101011100
10111101010010111001000001110001
10111101100100000010001010101010
10111100111010100110000100100110
10111110000010011011011110011100
00111100111101001111001101001010
10111101111100000101011001000111
10111110011010110111011000100101
10111101111010100001100000000101
10111110100100001001011000001101
00111110011101101100110000000010
10111110001011100010001010001001
10111110011011010001100100101101
00111110011101000111010111100010
00111101100001011011001010001100
00111110100100011001110111101100
10111101110000011001100111110101
00111110011001011101101010000101
00111101001110111101000000110001
00111101100001000011110110011001
00111110000001000101111010000111
00111011011000010010010001010111
10111101110001011011110010010000
00111110011101001000010001011010
10111110001010010001000101001000
10111001100010110111001010001100
00111110100011011011100111010101
00111110001001011011110101111111
10111101100010000100010011001001
10111100011100111100110010000011
00111110000110100011111101111010
00111110001010101111111010000100
00111110001110111010101111110110
10111101101110010011010000000001
10111110001101000110010101000111
00111110001110110011001101111110
00111101110111110010001011111101
00111101001101010010000001100000
00111110001100110100000110100100
10111110001101000010100101100000
10111110100010011111110000110001
00111110010001010001010111010100
00111110101001000001100011010111
00111101001001101011010011010110
00111110101010001000010000101000
00111101101111001001100101001000
10111110010100110000111010010111
10111110011001111001001111011100
00111101111101111101001100011100
00111101101101000000011010101111
10111110100010001001110111101011
10111101010010011010110110010011
00111101101110010001101011111011
10111101110100011001010111011101
10111110001100100111110111001010
10111110100001000111001111111011
00111110100000011101101101101001
10111101100000111110101110011100
10111110001000100111101111110001
00111110000001110101001010001011
10111110100010100110110100101011
10111110011001100100110110011010
00111110100110011110000100101100
10111101101011110110111100010100
10111101011111001000011000001001
10111110011001111101101101100001
00111110101010100011001111110001
00111110100001000001111011100011
10111110100100001001111110101100
