10111110000110100010001000111101
10111101110010101111110011111000
10111101110001101111001001100100
00111110000101010110100101010100
10111101111101101111001101011010
10111110000111001010101110000101
10111101110010000110101110000000
00111101010001010110000111001000
10111101111101011010001001111101
00111100101111001101100011110001
00111110000100000010000001110001
10111101101110000000101011000011
00111101110010101100110000110100
10111101111011110001111101111000
00111101000010111001001000110101
10111110001010110100111011101101
00111110000000011110100011011110
00111101010100101011010000101101
00111110000101100101100100011010
00111100101000001110111000101110
00111101101010101110110111101010
00111100100011101011101010110001
10111110000110110100101101100100
10111101110110110110011011101000
00111100000000001010100010010010
10111101111010111100000100111011
10111110000000010001010000001101
10111101110100011101101001011001
10111101111111000000101101110001
10111011011110111111101011000100
10111101100100100010111101110101
10111011110000011000010001100000
10111101100110111101100111000100
10111101001010001101111100011011
10111101111111011110110011110011
00111110001010000001110001100010
10111101101010101000001001111110
10111110001011110110010010001010
10111101111101000000010101000000
10111101000100000010000110100000
00111110000111110101111101010101
10111101101111000001011101110010
00111110001000101110010110010001
00111101001000001000100001101011
10111101101110111011001110001011
00111101110001011010101001100101
00111100111010001011111111111000
10111101101011100111101000101100
10111101101101111101110011110101
00111101100100011111010101001001
00111101001110000100101010001101
00111101001111101001010111011000
10111101101101001101111111111111
10111100110000001101001110011001
10111101100011111001100101010001
00111100101010111001100111111101
10111101100000000000010101010110
10111110000101110000010000001011
10111110000111100000110110001010
10111100010011001110001111000111
10111110001010010001110010111101
00111101101100001101001000011001
10111101100110011100100010110111
10111101110110100110110111011001
10111101000001111000001101101100
00111100010101011010110000010111
10111101101010001111010010101100
10111110000100010111100000101111
00111101100100011010010100110100
00111100110110001111010001101000
10111101101110100010110010111101
00111110001100000111111000001111
00111110000010101111011010001101
00111101101111110110111101101111
00111110010010100101010101101111
10111101011110011000000011100110
00111101011001110010011100001110
00111101101110011111101010000100
00111100100111100110100000110000
10111110001010011110110110001100
10111101110100010011010100010001
10111101010101111001110000111110
00111100101110010101000101001101
00111101111100010111010101011001
00111101111111111111000001010101
10111110000001100010111001000111
10111101100101101111101010001010
10111110001001101110100101101101
00111110001011111010000101010111
00111101000110000000100010110010
00111110001000011011000010011001
00111101101111101101100001011011
10111101110010001110001100011100
10111101101100110111011100100001
10111110000110001000010000111010
00111101101011110011000110000000
10111101001001101000011100110110
00111101100101111011011001000000
00111110001100100100000101111101
10111011110011010101101011010101
10111101111010110010000101001100
00111101110001001111010100110000
00111110001011100000010110100100
10111101101100110101100000101111
00111110000100011110101011101011
00111110000101001101111111110111
00111110010100101100111000101110
00111100100111000101000000100101
00111110000111010110001011001101
10111110001010000101001010111001
00111110001111110001110100110000
10111101101111110011011100011110
10111101111011100000101001100001
10111101010001110101001010010001
10111110000101100101111110010110
00111100100001110001011101010100
00111110000111101001000100011101
10111110001010011001011000001001
00111101000010100100000110011010
00111110000110000110100000010101
