00111101101111011110000111001111
10111101000001011001000101100011
10111110100010110100111001000010
00111101111001010010100011011001
00111110010011111111100110100111
10111110101000000001011001010110
10111110010010100100010110110100
00111110010101011111111110000111
10111101011011100010101111001010
00111110011001011000011010100001
10111110010000000110110001010000
00111101011001111110011010110111
10111110010001101010100010100011
10111101110101011001011101001111
10111101101011100110100010010001
00111110100101101101100111101101
00111100000011110111101100010100
00111100100100100000110010100000
00111110000111111011001110011011
10111110000011011011010111011101
10111110100000000110111001001010
00111110000011001010010011111100
10111110100101111110000001111110
00111110011110110000111011011110
10111110011001111110010101101101
00111110000110010110001001101101
00111101001100000000111100110001
10111110011110001001001110100011
00111110000110010100001010010010
00111110010110110100101001010110
00111110100111100011000010101000
00111110101010011110010111110010
00111101101001100001011001000110
10111110011111111110000011100110
10111101100111110110011000001101
00111101100101111110101101111001
10111101000011001001010001010010
00111110000100101101101111001101
10111110010110011111000000011000
00111101000000101110100000111000
10111101101100101111011011111100
10111110101001010111100101100001
00111110000000010001010010010010
10111110010110111100110001100100
00111110100010100000000110100110
10111110011010000111010000001100
10111101110110001000010100001001
00111110001111010010100011011000
10111101110001111001111100000101
10111101011000110101110101100101
10111101011110001110011010010110
10111110000011111111011011001010
10111110000010101010100010011001
00111110001011000100001101001110
10111110101011001010000101100101
10111110010001010101110010010110
10111101100100001010101000010000
00111110010110010111010101001110
00111101100100010100001101111110
00111110010011011111001111000010
00111101000111010001111000000010
10111110000000010001111011001011
10111100110100010001010100100010
10111110101000100101000110111101
00111101101001000011110111101000
10111100110001111000110001000100
10111110100010110111010110001011
00111110011011000000110111011101
10111101101001111001010111011101
00111101000101011011111111110110
10111110011111010101010101001100
00111110000001111001101001110010
00111100010011101011010100011000
10111101010000011000110000000010
10111110011100111100110000000110
10111110001011100010111110000100
00111101001010011101101011000010
10111101110010001111100000111110
10111101000100101010111101111110
10111110010101100010110000111001
10111101100011001010110101001101
00111101110110101011001110101110
10111110000111001010101001000111
10111110100110110100110001100001
