00111100101110011100100001111010
00111101011100110100001110010101
00111101110111100100010101001111
00111101001101110000100001011101
10111100110111111111111001100101
00111101001110100010111111011001
00111100001110011110000100010110
00111101101110100100100000000010
10111011100010111110110001110000
00111101101001101100001110010110
00111101001111001110111001101001
00111100101001110011111010100011
10111100011011100011100010010110
00111100000110010000001001101010
10111011101000101010001010111101
10111101010001011001000001101000
00111101101100110100000000010111
10111100000111000101110001100111
00111101011100101010100000111001
00111101001011001100011100001011
10111011110111101011001000001111
00111101100011110101000001110011
00111101100000101110001001011110
00111101101110100100000010101111
00111101101000110000001010011011
10111101010011001110010101001000
00111101101001011100011101110010
00111100101100000111101101010101
10111100000110010010100100001101
00111101010111111011001011100110
00111100010100001001111010101101
00111101101100011010111010110011
00111100000011110100101101100001
00111100100111110001111101010110
10111101100110100110101000001010
10111011010011110001100100100101
10111011110100101001100010000010
00111100010000110100110000010001
10111100001000110001100110000011
10111011100001101000010000111000
10111100101011011001001011011011
00111100101010010000110010111100
10111010100100111010110000000010
00111101101111000001110011100101
00111101010110001110011010111101
10111100100101010001011001010001
10111011000111100111100010011010
00111100110100110100100101101010
10111100100001110011001000000010
00111100100100010000100001011111
00111101101111010010011111010100
00111100100110011111110101100110
10111100011100001110001010101010
10111100101100110011001100101011
00111100101010111011100000000111
10111100000000110000010110111010
00111101000001110111101001100000
00111101011010000001111110011111
10111100110000010101101011100111
00111100101011101010100101100111
00111100111111100010100010000101
00111011110000000001000101111011
00111101001100111000010001110011
00111100010100101011011110001101
10111100010110000011011110100111
10111001000011011011101001110111
00111100001011101100011110100110
10111011100000001101111000000001
10111100110000111000111110111001
00111101001111001000101001110101
10111101000101100011111111011100
00111000011111001111010011001100
10111011010000101110010111010111
10111010001001100110001001010101
10111100000111001111110010001100
00111101000000111010110111000000
00111100001011101000010001000101
00111101011100101111000010100110
10111100010001111111110111001101
10111011101011100010000000101101
10111100110000010100100110010010
10111100001100110110101011011100
00111100011010111101111101001100
10111100100011010111010110100110
