00111011000001011001111100011101
00111101010111010110110010101001
10111010101111001110110100101101
00111011100111001111100011010100
00111100011101110101101010101011
10111101000100110010110011010100
00111010001101010000011010011001
00111100001111001100000010010111
00111100101011100111010100111001
10111100010110000110011001100110
00111010101110001010000111100001
00111100000100100100101101000010
00111100000101100100011011101100
10111011101000110110001000110001
10111011001010101011110101111110
10111100000000111100110110101010
10111011101000010110100011100110
10111010101000011111011011100000
00111100000111101000101101001011
00111100010001111110011010000010
10111010100000010111101011011010
10111000101010101000101111011100
00111011101110000001100101101010
10111010000110100110001111010011
00111100100111011110010011110110
10111100000010100001000010001011
10111100000111100111001101100010
10111100100111011101011010110011
00111011011100001001011010001001
00111100110110101111100001010110
00000000000000000000000000000000
10111100011000001011111100101001
10111010100000011110100010001011
00111100100111001101110000001010
10111011111111010101110011100111
10111100011001100110111100000001
00111001100000111100110101001010
10111011111001011111011011101110
10111011110001111001011100001000
00111101010101111101111101010011
10111001110100010110110101011011
10111100100000100011010000010110
10111100110100100101010000001011
00111100010110000011111001110010
00000000000000000000000000000000
10111101000100100010000010010111
10111100000101101010010001001100
10111010000110110000000000101100
00111011001000101111101100000110
00111100101100000011011101010110
00111011100100110010101111101000
10111100001100101010111011100010
10111001001111101110101101010101
10111001011000100011011101110111
00111100011110010001010010100111
00111010111010111101101100010110
00111001010000000100111101000011
10111101000010001011001111000001
10111100000110111101110001010100
00111100001111100000110100011001
00111100011111000100100111101001
00111100001001100011001010101000
10111011110101101101000111000001
00111000111100000000010100010100
00111010101101000001000111100011
10111100100010111010100101000101
00111101101001111000010101100000
00111000010010111010010000000000
10111010001010010110101000110111
10110101100001110000110101101000
00111011110100011111000000011011
00111101001101100100101001101000
00000000000000000000000000000000
10111100001011001110000111011011
00111100100100111011010101101011
00111011110011111001110110101101
00111011001000100111011001011100
10111011100011101000111111010111
10111100001010110000000111011011
00111001110111010011011011110111
00111100001000100000101010001011
00111101001110010000001100111001
10111010110001011111100111000001
00111011111100010001010001000101
10110110001111011111110100101110
00111100011101111101011000000110
10111010110001110001010000101011
00111011111000011001101101001001
00111100001011001100001101110010
00111100100011011100011001110110
10111010011101010010010101111101
00111100100011000110011100110000
10111100111110011100000001111010
00111100101000000011101000010010
10111010111001000001000101000110
10111101000010001011011110101111
00111010100011111111011110011111
10111100010100011011101010101111
00111100000101111111001111010111
00111101000100011101101100101011
10111010011110000001101111001000
00111001001000101100000100110001
00111100110011111000011100001011
00111100100101011110001100001100
10111010101101100000100000001010
10111011111000111110111011111011
00111010100101010110011011110011
00111100100100001001000010100011
10111011011011000101111111001011
00111100111010111001001001011111
00111101101111010001101010101111
00111101001011010001001100110101
10111011011110011001110011000011
10111010010101011100110101101111
00111100100000010111100000111010
10111001110111110011101111111110
00111100010000011001100101011011
00111100101000000101001111111110
00111101000001101110101001101111
00111010111010100101111101001100
