00000000000000000000000000000000
00000000000000000000000000000000
00000000000000000000000000000000
00000000000000000000000000000000
00000000000000000000000000000000
00000000000000000000000000000000
00000000000000000000000000000000
00000000000000000000000000000000
00000000000000000000000000000000
00000000000110000001100000011000
00000000000110000001100000011000
00000000000010000000100000001000
00000000000000000000000000000000
00000000000000000000000000000000
00000000000000000000000000000000
00000000000000000000000000000000
00000000000010000000100000001000
00000000000010000000100000001000
00000000000100000001000000010000
00000000000010000000100000001000
00000000000000000000000000000000
00000000000000000000000000000000
00000000000010000000100000001000
00000000001000000010000000100000
00000000000100000001000000010000
00000000000100000001000000010000
00000000000010000000100000001000
00000000000000000000000000000000
00000000000000000000000000000000
00000000000000000000000000000000
00000000000000000000000000000000
00000000000000000000000000000000
00000000000000000000000000000000
00000000000000000000000000000000
00000000000000000000000000000000
00000000000000000000000000000000
00000000000010000000100000001000
00000000000000000000000000000000
00000000000000000000000000000000
00000000000100000001000000010000
00000000000100000001000000010000
00000000000000000000000000000000
00000000000000000000000000000000
00000000000100000001000000010000
00000000001110000011100000111000
00000000001000000010000000100000
00000000000000000000000000000000
00000000000000000000000000000000
00000000000000000000000000000000
00000000000000000000000000000000
00000000000000000000000000000000
00000000000000000000000000000000
00000000000000000000000000000000
00000000000010000000100000001000
00000000000000000000000000000000
00000000001110000011100000111000
00000000000000000000000000000000
00000000000000000000000000000000
00000000000000000000000000000000
00000000000000000000000000000000
00000000000000000000000000000000
00000000000000000000000000000000
00000000000000000000000000000000
00000000000000000000000000000000
00000000000000000000000000000000
00000000000010000000100000001000
00000000000100000001000000010000
00000000000110000001100000011000
00000000000100000001000000010000
00000000000000000000000000000000
00000000000000000000000000000000
00000000000100000001000000010000
00000000000100000001000000010000
00000000000100000001000000010000
00000000000010000000100000001000
00000000000010000000100000001000
00000000000000000000000000000000
00000000000000000000000000000000
00000000000000000000000000000000
00000000000000000000000000000000
00000000000000000000000000000000
00000000000000000000000000000000
00000000000010000000100000001000
00000000010100000101000001010000
00000000000000000000000000000000
00000000000000000000000000000000
00000000000000000000000000000000
00000000000000000000000000000000
00000000000000000000000000000000
00000000000000000000000000000000
00000000000000000000000000000000
00000000000000000000000000000000
00000000000010000000100000001000
00000000000110000001100000011000
00000000000110000001100000011000
00000000000010000000100000001000
00000000000100000001000000010000
00000000000010000000100000001000
00000000000010000000100000001000
00000000000010000000100000001000
00000000000100000001000000010000
00000000000110000001100000011000
00000000000110000001100000011000
00000000000010000000100000001000
00000000000000000000000000000000
00000000000000000000000000000000
00000000000000000000000000000000
00000000000100000001000000010000
00000000000100000001000000010000
00000000000010000000100000001000
00000000000000000000000000000000
00000000001010000010100000101000
00000000000000000000000000000000
00000000000000000000000000000000
00000000000000000000000000000000
00000000000000000000000000000000
00000000000000000000000000000000
00000000000000000000000000000000
00000000000000000000000000000000
00000000000000000000000000000000
00000000000010000000100000001000
00000000000010000000100000001000
00000000000000000000000000000000
00000000000000000000000000000000
00000000000110000001100000011000
00000000001010000010100000101000
00000000000100000001000000010000
00000000000010000000100000001000
00000000000100000001000000010000
00000000000010000000100000001000
00000000000010000000100000001000
00000000000000000000000000000000
00000000000100000001000000010000
00000000000100000001000000010000
00000000000000000000000000000000
00000000000100000001000000010000
00000000000010000000100000001000
00000000000000000000000000000000
00000000000000000000000000000000
00000000000000000000000000000000
00000000000000000000000000000000
00000000000000000000000000000000
00000000000000000000000000000000
00000000000000000000000000000000
00000000000000000000000000000000
00000000000000000000000000000000
00000000000000000000000000000000
00000000000000000000000000000000
00000000000000000000000000000000
00000000000000000000000000000000
00000000000000000000000000000000
00000000000010000000100000001000
00000000000010000000100000001000
00000000000110000001100000011000
00000000001110000011100000111000
00000000011010000110100001101000
00000000011000000110000001100000
00000000011000000110000001100000
00000000010110000101100001011000
00000000010100000101000001010000
00000000010100000101000001010000
00000000011110000111100001111000
00000000101010001010100010101000
00000000110010001100100011001000
00000000100010001000100010001000
00000000001000000010000000100000
00000000000010000000100000001000
00000000000000000000000000000000
00000000000000000000000000000000
00000000000000000000000000000000
00000000000000000000000000000000
00000000000000000000000000000000
00000000000000000000000000000000
00000000000000000000000000000000
00000000000000000000000000000000
00000000000000000000000000000000
00000000000000000000000000000000
00000000000100000001000000010000
00000000000100000001000000010000
00000000000010000000100000001000
00000000001010000010100000101000
00000000110000001100000011000000
00000001110010011100100111001001
00000010010100100101001001010010
00000010010010100100101001001010
00000010010110100101101001011010
00000010011000100110001001100010
00000010010010100100101001001010
00000010011000100110001001100010
00000011001100110011001100110011
00000100011101000111010001110100
00000100110101001101010011010100
00000011001000110010001100100011
00000000101110001011100010111000
00000000000010000000100000001000
00000000000100000001000000010000
00000000000000000000000000000000
00000000000000000000000000000000
00000000000000000000000000000000
00000000000000000000000000000000
00000000000000000000000000000000
00000000000000000000000000000000
00000000000000000000000000000000
00000000000000000000000000000000
00000000000000000000000000000000
00000000001000000010000000100000
00000000001100000011000000110000
00000000110100001101000011010000
00000010101100101011001010110010
00000101100111011001110110011101
00000111011101110111011101110111
00000111011101110111011101110111
00000111011101110111011101110111
00000111100001111000011110000111
00000111100101111001011110010111
00000111100001111000011110000111
00000111100001111000011110000111
00000111100001111000011110000111
00000111101101111011011110110111
00000111100111111001111110011111
00000101101001011010010110100101
00000001100100011001000110010001
00000000000010000000100000001000
00000000000100000001000000010000
00000000000000000000000000000000
00000000000000000000000000000000
00000000000000000000000000000000
00000000000000000000000000000000
00000000000000000000000000000000
00000000000000000000000000000000
00000000000000000000000000000000
00000000000000000000000000000000
00000000000000000000000000000000
00000000001100000011000000110000
00000001100010011000100110001001
00000100010011000100110001001100
00000110101111101011111010111110
00000111011111110111111101111111
00000111101011111010111110101111
00000111000011110000111100001111
00000110100101101001011010010110
00000110011001100110011001100110
00000110100101101001011010010110
00000110010111100101111001011110
00000110110011101100111011001110
00000111000001110000011100000111
00000111001111110011111100111111
00000110100111101001111010011110
00000100001101000011010000110100
00000001001110010011100100111001
00000000000110000001100000011000
00000000000110000001100000011000
00000000000000000000000000000000
00000000000000000000000000000000
00000000000000000000000000000000
00000000000000000000000000000000
00000000000000000000000000000000
00000000000000000000000000000000
00000000000000000000000000000000
00000000000000000000000000000000
00000000000110000001100000011000
00000000100000001000000010000000
00000010011000100110001001100010
00000101010101010101010101010101
00000111011111110111111101111111
00000111011001110110011101100111
00000101110011011100110111001101
00000100000101000001010000010100
00000010101110101011101010111010
00000010000010100000101000001010
00000010001100100011001000110010
00000010001100100011001000110010
00000010101010101010101010101010
00000011100100111001001110010011
00000100011101000111010001110100
00000011010000110100001101000011
00000001100100011001000110010001
00000000011000000110000001100000
00000000001100000011000000110000
00000000001010000010100000101000
00000000000000000000000000000000
00000000000000000000000000000000
00000000000000000000000000000000
00000000000000000000000000000000
00000000000000000000000000000000
00000000000000000000000000000000
00000000000000000000000000000000
00000000000000000000000000000000
00000000000100000001000000010000
00000000110000001100000011000000
00000010111010101110101011101010
00000101110111011101110111011101
00000111010011110100111101001111
00000101101111011011110110111101
00000010001000100010001000100010
00000001000100010001000100010001
00000000011110000111100001111000
00000000001110000011100000111000
00000000010010000100100001001000
00000000010110000101100001011000
00000000011110000111100001111000
00000000110010001100100011001000
00000001001110010011100100111001
00000000110000001100000011000000
00000000010100000101000001010000
00000000000100000001000000010000
00000000001000000010000000100000
00000000000100000001000000010000
00000000000000000000000000000000
00000000000000000000000000000000
00000000000000000000000000000000
00000000000000000000000000000000
00000000000000000000000000000000
00000000000000000000000000000000
00000000000000000000000000000000
00000000000000000000000000000000
00000000001000000010000000100000
00000001100100011001000110010001
00000100100101001001010010010100
00000110111111101111111011111110
00000111010011110100111101001111
00000100010111000101110001011100
00000001011010010110100101101001
00000000011100000111000001110000
00000000000100000001000000010000
00000000000000000000000000000000
00000000000100000001000000010000
00000000001110000011100000111000
00000000000110000001100000011000
00000000000010000000100000001000
00000000001000000010000000100000
00000000001010000010100000101000
00000000001000000010000000100000
00000000000010000000100000001000
00000000000000000000000000000000
00000000000010000000100000001000
00000000000000000000000000000000
00000000000000000000000000000000
00000000000000000000000000000000
00000000000000000000000000000000
00000000000000000000000000000000
00000000000000000000000000000000
00000000000000000000000000000000
00000000000000000000000000000000
00000000101000001010000010100000
00000011100010111000101110001011
00000110100111101001111010011110
00000111110001111100011111000111
00000111100001111000011110000111
00000101111001011110010111100101
00000100011111000111110001111100
00000010001110100011101000111010
00000000101010001010100010101000
00000000000110000001100000011000
00000000000110000001100000011000
00000000000110000001100000011000
00000000000100000001000000010000
00000000000100000001000000010000
00000000000000000000000000000000
00000000000010000000100000001000
00000000000010000000100000001000
00000000000000000000000000000000
00000000000000000000000000000000
00000000001010000010100000101000
00000000000000000000000000000000
00000000000000000000000000000000
00000000000000000000000000000000
00000000000000000000000000000000
00000000000000000000000000000000
00000000000000000000000000000000
00000000000000000000000000000000
00000000000010000000100000001000
00000001011100010111000101110001
00000101010101010101010101010101
00000111001111110011111100111111
00000111011111110111111101111111
00000111001001110010011100100111
00000111011111110111111101111111
00000111000011110000111100001111
00000101100101011001010110010101
00000010011110100111101001111010
00000000100100001001000010010000
00000000010000000100000001000000
00000000000110000001100000011000
00000000011000000110000001100000
00000000000000000000000000000000
00000000000000000000000000000000
00000000000100000001000000010000
00000000000010000000100000001000
00000000000100000001000000010000
00000000000000000000000000000000
00000000000000000000000000000000
00000000000000000000000000000000
00000000000000000000000000000000
00000000000000000000000000000000
00000000000000000000000000000000
00000000000000000000000000000000
00000000000000000000000000000000
00000000000000000000000000000000
00000000000000000000000000000000
00000001000000010000000100000001
00000100101001001010010010100100
00000101111101011111010111110101
00000100011011000110110001101100
00000011010010110100101101001011
00000101000011010000110100001101
00000110100111101001111010011110
00000111010111110101111101011111
00000110010111100101111001011110
00000010101110101011101010111010
00000000011000000110000001100000
00000000000000000000000000000000
00000000000000000000000000000000
00000000000100000001000000010000
00000000010110000101100001011000
00000000000100000001000000010000
00000000001010000010100000101000
00000000001100000011000000110000
00000000000010000000100000001000
00000000000000000000000000000000
00000000000000000000000000000000
00000000000000000000000000000000
00000000000000000000000000000000
00000000000000000000000000000000
00000000000000000000000000000000
00000000000010000000100000001000
00000000000010000000100000001000
00000000000000000000000000000000
00000000010010000100100001001000
00000001010100010101000101010001
00000001011000010110000101100001
00000000110110001101100011011000
00000000100110001001100010011000
00000000101110001011100010111000
00000001100110011001100110011001
00000110010001100100011001000110
00000111000011110000111100001111
00000100011001000110010001100100
00000001000000010000000100000001
00000000001000000010000000100000
00000000000010000000100000001000
00000000000110000001100000011000
00000000000110000001100000011000
00000000000110000001100000011000
00000000000010000000100000001000
00000000000010000000100000001000
00000000000000000000000000000000
00000000001100000011000000110000
00000000000110000001100000011000
00000000000000000000000000000000
00000000000100000001000000010000
00000000000000000000000000000000
00000000010100000101000001010000
00000001010110010101100101011001
00000001011000010110000101100001
00000000000110000001100000011000
00000000000110000001100000011000
00000000001110000011100000111000
00000000001110000011100000111000
00000000001100000011000000110000
00000000000100000001000000010000
00000000000000000000000000000000
00000000110000001100000011000000
00000101110011011100110111001101
00000111001101110011011100110111
00000101000011010000110100001101
00000001010000010100000101000001
00000000000110000001100000011000
00000000000010000000100000001000
00000000000110000001100000011000
00000000000010000000100000001000
00000000000000000000000000000000
00000000000000000000000000000000
00000000000000000000000000000000
00000000000000000000000000000000
00000000000010000000100000001000
00000000001000000010000000100000
00000000000010000000100000001000
00000000001100000011000000110000
00000000000100000001000000010000
00000001000100010001000100010001
00000100100011001000110010001100
00000100111111001111110011111100
00000001001110010011100100111001
00000000010010000100100001001000
00000000001010000010100000101000
00000000000110000001100000011000
00000000000100000001000000010000
00000000000000000000000000000000
00000000000110000001100000011000
00000001001100010011000100110001
00000101110001011100010111000101
00000111001111110011111100111111
00000101010011010100110101001101
00000001010100010101000101010001
00000000000010000000100000001000
00000000000100000001000000010000
00000000000010000000100000001000
00000000000100000001000000010000
00000000000000000000000000000000
00000000000000000000000000000000
00000000000000000000000000000000
00000000000000000000000000000000
00000000000000000000000000000000
00000000000100000001000000010000
00000000000010000000100000001000
00000000000110000001100000011000
00000000000010000000100000001000
00000001011010010110100101101001
00000110000001100000011000000110
00000111010011110100111101001111
00000100001111000011110000111100
00000000110010001100100011001000
00000000001010000010100000101000
00000000001100000011000000110000
00000000000010000000100000001000
00000000000000000000000000000000
00000000001110000011100000111000
00000010100100101001001010010010
00000110100001101000011010000110
00000111000101110001011100010111
00000100100101001001010010010100
00000001000100010001000100010001
00000000000000000000000000000000
00000000000010000000100000001000
00000000000010000000100000001000
00000000000110000001100000011000
00000000000000000000000000000000
00000000000000000000000000000000
00000000000000000000000000000000
00000000000000000000000000000000
00000000000000000000000000000000
00000000000000000000000000000000
00000000000000000000000000000000
00000000000010000000100000001000
00000000000000000000000000000000
00000001001110010011100100111001
00000101011001010110010101100101
00000111101011111010111110101111
00000110100001101000011010000110
00000010001010100010101000101010
00000000101010001010100010101000
00000000001100000011000000110000
00000000000110000001100000011000
00000000010100000101000001010000
00000000111110001111100011111000
00000100111101001111010011110100
00000111001001110010011100100111
00000110000111100001111000011110
00000010110100101101001011010010
00000000100000001000000010000000
00000000000100000001000000010000
00000000000000000000000000000000
00000000000110000001100000011000
00000000000010000000100000001000
00000000000000000000000000000000
00000000000000000000000000000000
00000000000000000000000000000000
00000000000000000000000000000000
00000000000000000000000000000000
00000000000000000000000000000000
00000000000000000000000000000000
00000000000010000000100000001000
00000000000100000001000000010000
00000000110000001100000011000000
00000011101100111011001110110011
00000111001101110011011100110111
00000111101101111011011110110111
00000110000101100001011000010110
00000010111000101110001011100010
00000000111110001111100011111000
00000000110100001101000011010000
00000010010100100101001001010010
00000100101111001011110010111100
00000111011111110111111101111111
00000110111011101110111011101110
00000100000001000000010000000100
00000001000010010000100100001001
00000000000100000001000000010000
00000000001010000010100000101000
00000000000000000000000000000000
00000000000010000000100000001000
00000000000000000000000000000000
00000000000000000000000000000000
00000000000000000000000000000000
00000000000000000000000000000000
00000000000000000000000000000000
00000000000000000000000000000000
00000000000000000000000000000000
00000000000010000000100000001000
00000000000000000000000000000000
00000000000010000000100000001000
00000000000100000001000000010000
00000000110010001100100011001000
00000011111010111110101111101011
00000111001001110010011100100111
00000111100011111000111110001111
00000111001001110010011100100111
00000110100111101001111010011110
00000110111011101110111011101110
00000111011111110111111101111111
00000111011011110110111101101111
00000111000111110001111100011111
00000011101100111011001110110011
00000001000010010000100100001001
00000000001010000010100000101000
00000000000000000000000000000000
00000000000000000000000000000000
00000000000000000000000000000000
00000000000000000000000000000000
00000000000000000000000000000000
00000000000100000001000000010000
00000000000000000000000000000000
00000000000000000000000000000000
00000000000000000000000000000000
00000000000000000000000000000000
00000000000010000000100000001000
00000000010100000101000001010000
00000000001010000010100000101000
00000000000100000001000000010000
00000000000100000001000000010000
00000000001010000010100000101000
00000000110110001101100011011000
00000010101110101011101010111010
00000110000011100000111000001110
00000111001011110010111100101111
00000111010001110100011101000111
00000111010001110100011101000111
00000111001111110011111100111111
00000101111011011110110111101101
00000011001100110011001100110011
00000000111010001110100011101000
00000000001110000011100000111000
00000000001010000010100000101000
00000000000100000001000000010000
00000000000000000000000000000000
00000000000000000000000000000000
00000000000100000001000000010000
00000000000010000000100000001000
00000000000100000001000000010000
00000000000000000000000000000000
00000000000000000000000000000000
00000000000000000000000000000000
00000000000000000000000000000000
00000000000000000000000000000000
00000000000110000001100000011000
00000000001000000010000000100000
00000000000110000001100000011000
00000000000010000000100000001000
00000000000000000000000000000000
00000000000110000001100000011000
00000000100010001000100010001000
00000010011000100110001001100010
00000100001001000010010000100100
00000100110001001100010011000100
00000100110111001101110011011100
00000100100001001000010010000100
00000010100100101001001010010010
00000000101000001010000010100000
00000000000110000001100000011000
00000000001000000010000000100000
00000000000100000001000000010000
00000000000010000000100000001000
00000000000000000000000000000000
00000000000000000000000000000000
00000000010010000100100001001000
00000000000010000000100000001000
00000000000010000000100000001000
00000000000000000000000000000000
00000000000000000000000000000000
00000000000000000000000000000000
00000000000000000000000000000000
00000000000000000000000000000000
00000000000000000000000000000000
00000000000000000000000000000000
00000000000000000000000000000000
00000000000000000000000000000000
00000000000000000000000000000000
00000000000000000000000000000000
00000000000000000000000000000000
00000000011000000110000001100000
00000000111100001111000011110000
00000001001100010011000100110001
00000001001110010011100100111001
00000001000110010001100100011001
00000000011110000111100001111000
00000000000000000000000000000000
00000000000000000000000000000000
00000000000100000001000000010000
00000000000000000000000000000000
00000000000000000000000000000000
00000000000000000000000000000000
00000000000000000000000000000000
00000000000110000001100000011000
00000000000000000000000000000000
00000000000000000000000000000000
00000000000000000000000000000000
00000000000000000000000000000000
00000000000000000000000000000000
00000000000000000000000000000000
00000000000000000000000000000000
00000000000000000000000000000000
00000000000000000000000000000000
00000000000000000000000000000000
00000000000000000000000000000000
00000000000000000000000000000000
00000000000000000000000000000000
00000000000000000000000000000000
00000000000000000000000000000000
00000000000000000000000000000000
00000000000000000000000000000000
00000000000000000000000000000000
00000000000010000000100000001000
00000000000000000000000000000000
00000000000000000000000000000000
00000000000000000000000000000000
00000000000000000000000000000000
00000000000000000000000000000000
00000000000000000000000000000000
00000000000000000000000000000000
00000000000000000000000000000000
00000000000000000000000000000000
00000000000000000000000000000000
00000000000000000000000000000000
00000000000000000000000000000000
00000000000000000000000000000000
00000000000000000000000000000000
00000000000000000000000000000000
00000000000000000000000000000000
00000000000000000000000000000000
00000000000000000000000000000000
00000000000000000000000000000000
00000000000000000000000000000000
00000000000000000000000000000000
00000000000000000000000000000000
00000000000000000000000000000000
00000000000000000000000000000000
00000000000000000000000000000000
00000000000000000000000000000000
00000000000000000000000000000000
00000000000000000000000000000000
00000000000000000000000000000000
00000000000000000000000000000000
00000000000000000000000000000000
00000000000000000000000000000000
00000000000000000000000000000000
00000000000000000000000000000000
00000000000000000000000000000000
00000000000000000000000000000000
00000000000000000000000000000000
00000000000000000000000000000000
00000000000000000000000000000000
00000000000000000000000000000000
00000000000000000000000000000000
00000000000000000000000000000000
00000000000000000000000000000000
00000000000000000000000000000000
00000000000000000000000000000000
00000000000000000000000000000000
00000000000000000000000000000000
00000000000000000000000000000000
00000000000000000000000000000000
00000000000000000000000000000000
00000000000000000000000000000000
00000000000000000000000000000000
00000000000000000000000000000000
00000000000010000000100000001000
00000000000000000000000000000000
00000000000000000000000000000000
00000000000000000000000000000000
00000000000000000000000000000000
00000000000000000000000000000000
00000000000000000000000000000000
00000000000000000000000000000000
00000000000000000000000000000000
00000000000000000000000000000000
00000000000000000000000000000000
00000000000000000000000000000000
00000000000000000000000000000000
00000000000000000000000000000000
00000000000000000000000000000000
00000000000000000000000000000000
00000000000000000000000000000000
00000000000000000000000000000000
