10111100101100101010010101100110
10111100110011110100010010111010
00111110001000001100100011001101
00111101010001011100010100011101
00111100111000100111010110111010
00111101101000111000000110001100
10111100111010110010000010011000
10111110000101000101101000000011
10111110000001000001101000110111
10111101101101111000101001010000
10111101011010110101001110110111
00111011101101010101111101100100
00111101000111111010100010111001
10111110001000100011010101001110
10111110000100100010100100000010
10111101100101001001110001110011
10111110000001000010000101010011
10111110000101001100101110011101
10111100110000100010010011101100
10111101110000011100110000100000
00111100100000111001101101011000
00111101100110101000000001110111
10111101111011111000000000011011
10111011101100001100000101101001
00111110000100111100000110100000
00111110000100000100001001111110
10111110000100110010110001111000
10111110001000101111110101110011
00111100100101101100101010000110
00111110000011001001011010000000
00111110001100001011000100101010
10111110000011001001111001101010
10111011001010100011110011110001
00111110010000111010000111110111
00111110000100011110110110100101
10111100010011111000011101111101
10111101100000011001101110101011
10111101010011001011110111001100
00111110000001011001000110001101
00111110000011111100011101011000
00111110010000011101100101000011
00111110001100101010010110001110
10111101101011111000010111001101
00111110000001010101101011011101
00111101111110110001110010101111
00111110000100110010100111001111
00111101111010000010010010000011
00111101100011101001001001000000
10111101110101100010110100010100
10111101101110011000001011010011
00111110001001110011011010110011
00111110000011001010001110010010
10111101010111001011000100001101
10111110001111000111001011010001
10111100010110000011000001100101
10111101111010010100111011111010
10111011111000101110111101110110
00111101110001011011000000000011
00111101101001110011110111000110
10111110000101001001101010001101
00111100101000011110011011110110
10111100110010001000011110111111
00111101111000011110101000011110
10111101010101100001011010101100
10111101011101001001001100001110
00111110001001010110011100011001
10111101000101111001110101100110
10111001101101100011001100000001
10111110000110000000111111101110
10111101101001011001001010001101
10111101101110001101001001001010
00111101001101110001001101000001
10111110000010011100101101111111
00111101111110000000110111100001
00111110001000010000010110110000
10111100011111100010010011110000
00111110000111000011010000001011
00111101000111000011000101100010
10111011111010100001101001001001
00111101111001001101101101000000
00111110001010100000111010010111
10111101110100110001000000001110
00111110000001110010111110001101
10111100011000110001111110101000
00111100110100110010010010100111
10111101010001101000010001101110
10111110001010101010001001000011
00111101000100000110000010100101
00111100100001011111101000101000
00111110001010010001010100101010
00111101100011111010111111101101
10111101000010110010001111101100
10111100101100110110011001001110
10111101011100111001000010101101
00111100101100101000000100110111
00111101100101100000001101011110
10111101011001000100101000111011
10111110001010001110010100001101
00111101100100110010111011111001
00111101000001000100111110111010
10111100000011100111010010001001
10111101010000110101110100111101
00111101100000001000111100111100
00111110010000101111011011000111
10111100111000111110110111010001
10111010110110101010011011000010
10111110010010011010101000110010
00111100110010111011100010111101
10111101011010100001110110010001
10111101101101111100111100011110
10111101111111011110110111011111
00111101111001000010001010011101
10111101001111111110010000110010
00111101001001101110011100100011
00111110010010011001010011100101
00111101100000011010001010100000
00111101111100110100101111001011
10111101011000110111100110001001
00111100101111010101011111011000
00111110001000101001101110111010
