00111101010111011111001000100100
00111110000011010011011001010011
00111101100110010011101010110111
00111110001010010100100010001010
00111101101001001010010101011010
00111101111010111000001010110000
00111110001000010000001111110011
00111101100000011101001110010101
10111110000011000101100101101100
10111100100100000001110011010011
10111100011011011110101000101000
00111110001100101000111110010101
00111101100000100101010101111110
10111101110010000011010011010010
10111011110000001011110101100110
00111101010100110011110111010110
10111110010001001010100001100010
10111101000101110110110001000010
00111110010010000101111110110001
00111110001001000110000010001000
00111100010000011000111000000010
10111101100100100110100111011110
00111101010001101011010001111000
00111101111110001100111110101110
00111101000110001001110010010111
00111101100011011011100100111011
00111101001001011000101100011110
10111110000011010110101011100010
00111110001000110101000000111110
10111100111000111111010111010100
10111101100110000000101110001010
00111100111111001110001010101100
00111100100110011001011101000100
10111101010000010101001010101011
10111110001100101100001111000001
00111101101010010011010011010110
00111101101101001111011111001111
00111110000000001100101111101000
10111101111010000111101010101000
00111101111100110100010100011011
10111101001000100111000001000011
10111101111011000010000110010111
00111110000111100100010011001001
10111101110001111011100110101100
10111101000111011100011100011111
10111101011110110011110111100011
10111101011011111010100000001111
00111101000011111111000011001101
00111110001101110100101011100111
00111110001000100010110010011101
10111101001101010100010100110110
00111100100001101001100011101111
10111101010001001000001001100001
00111110000111000000010011110100
10111101110100101010100010100111
00111110000110010100001110011101
00111110001000000010011010100001
00111110001000001110110100110001
00111100011001101001011110101011
10111100111010101101101010111001
10111110010011111010011111100101
10111101011110010111000111111101
00111110001001000000010100110000
00111100001001010101001001101110
10111110001001001111011010101111
10111110000101011110000111010000
10111101110011110000100010101110
00111101110100010110010111101000
00111101100111111100111101100010
10111101110100000101000000111000
00111110001001101100011101101111
00111101010010110001000110011000
00111101000011111111010010101110
10111110000110111010111001001101
10111110010001100000101011011100
00111100001110111011110011101001
10111011110111010011100011100001
10111110000111101001000111110111
00111101110011000100001100110101
00111110000101110100000011111010
00111101110000011010111111101100
10111110010000001101010110100010
10111100011001010111011111000011
10111101110101011100000100110101
10111101110001000001110101011011
00111101101010101110101000101100
10111110001000001001100101111001
10111110001110010110011010100001
10111110001000011111011011111111
10111101001000010100010100110110
00111110000001111101011011011000
10111110001111111100101100011010
00111110000110011111011001001001
00111100110011110000110101111011
00111101110001110011101100110100
10111100011000111010001101010110
10111101110001100011110110010100
00111101011010011001010010100000
00111110000101010101001100111100
00111100000011100011011100000110
10111101110111000010111010011001
10111101100000111001010100010010
00111100010011010000000101011110
00111110001000000010001110010011
00111100000001001011101101000110
10111101100011110110101000001110
00111110000110111011011000110101
10111110000111010110000110001110
00111101111110011110001111010110
10111101011001101110000110100111
00111101111000011101000011001101
10111110001001000000101111101000
10111101110100011011111011011000
00111010100001101010001101010111
00111101110101111101001010000110
00111101111101111101100101001010
10111101010010100110010000001010
10111101110110000101111111000001
00111101110110101110100111011100
00111101111111011010100011001000
