00111101110111101000111110000001
00111101101000101001010000111010
10111110000110011100100010000010
00111100000111100001010000101001
00111101100011000111011111011011
00111101101101101110001110001100
10111101010001000101110000000001
10111110001001000101000111101100
10111101110001100001001011011000
00111101000001001011001110001011
00111110000001000101001110110110
00111110001010001111001011011000
00111101111001010101011111100000
00111101111111101110100110100100
00111101100011101011111011001011
00111110001100010101110001110110
00111011001001011001000000001111
00111100001110110000101000011010
10111110000001001001110110010110
00111110000000001000011100001101
00111101010110111010100100010110
00111101111100101001110001011101
10111101110111101001110001000100
00111110001000001000001001010000
10111100101101101010110001010111
10111100110111111011011100000010
00111100001110101011111101100100
10111101000100110111110000101001
00111101100101110111000110000001
10111101000110101001101010010000
00111110001100000010011001000010
10111101111000001111011101101110
00111110000010100000000001101101
00111101111001110001101000011101
00111100100010010010000010101100
00111110001100011001001010111001
00111101010001101100111101001000
10111101110001100011010110010111
00111100101000100101010111001011
00111110000010001101110101111010
00111101110000001101000101111100
10111011110000011101100110101000
10111011111010000010000110100001
00111101111100111101010110100100
00111101000000110011001110011000
10111110001100000010101100100101
10111110001010111010111011100101
10111101100101010000010100001100
10111100011111111011001001001010
00111101101111010111011100110100
10111100110100110010010111011001
10111110000111110011010001010101
10111101001101110010101110011011
10111101111111111011101010111101
10111100100001001011111000101000
00111100110101001111100010011001
10111101110110000111100010010001
10111101110011010011111111101000
10111110000110111010011010011000
00111101100110001001110011001111
00111101100001010000101100100110
00111110000011100011101001100011
00111101110000011000000110101100
00111101001011101101100011100000
10111110000010101001011110110011
10111110001100000011101011000111
00111110000011101101010011001010
00111101100111101101101100011001
00111101001000101001000100001010
10111110000011001110001110100000
00111100111011000011101110010101
10111100100101110010000100001011
10111101100110111010000111100101
00111101011011010011100100110101
00111101001010111000001010011100
00111101000001100101000101000100
00111101111101111000011100001100
10111101101011011001110011010001
10111101100110010111011001000010
10111100110010111111111011101000
00111101110110111110110100110011
10111101010011111000000101010000
00111011101100001100110110100111
10111101101000101100000111110100
00111101001010011000110101101100
10111011000000100110110110010100
10111100110000011010101000100011
10111101110110100101001001111010
10111110000100011111011100011110
00111110000101001101111101110101
10111110000011111101000101001010
10111101111101100000001000100100
10111101011110010100010110001110
10111101111000100110000010001000
10111101110001010010000100010010
00111101110001001101001101101110
00111110001101001011111110011001
00111101101111000010100100110101
00111101111010000100010011000100
10111101011101011110110010111110
10111101000100100010010100100001
00111110010010101100100110011010
10111110001010100111110010101101
00111110010001001011110100001101
10111101110001111100000101111110
00111101000101101101101101001111
10111101100110110101111000000000
10111101011111101001111100010001
00111110010001110111100011010000
00111101001101010010011001101101
00111001011001010100110011111001
00111101111100010101011011011000
00111110001001011100110110000100
10111100111111011000110101011011
10111101100110011101011100111110
00111101111010111100100110000011
10111101111110101000110011000111
10111101101011100011001100100101
00111101110100100011000001111011
10111110000110000100101001101100
