00111101001111010010010001110100
00111110000110100111110101000010
10111101001000100110011111010001
10111110000111000101111101010111
10111101000101100000101101100011
10111110000010001101110011101100
00111101111111111100111010100010
00111110001110010100001000100110
00111101000111000010011111011100
10111110000111010011011001100011
10111110001000100110100011000001
00111110000100011011010101000010
00111101100011110001100000100011
10111101010100010001110010000011
10111101011010111011011000100000
10111110010011011111100001100101
00111011110101100011101101110100
00111101110011001011110101000110
00111101111101000001000000110010
00111101010101011110010011101000
00111110000100100011001100001010
00111101110110100110011100101011
10111101101000110011111000000101
00111110001101100001101100100110
10111100110100001011100111010011
00111101110011011101011010110100
10111110001010001000111100001010
00111100010110000100111000011001
00111101100101111000110101110101
10111101101110111010010110110000
00111101010110111011011000100100
00111110001001100100011000100100
00111110001010011011101010001001
10111101101100101111011010110111
00111101100000001000011010000011
00111101010011000011011100110011
00111110000000000010101110100010
10111110011000011001101011100001
00111101011011011010001111101000
00111110001011110011011111111011
10111110001000010100111110101100
00111110001001000000000110011001
10111110001000001101101101000010
00111100010001011010001000010000
10111100101101100011010110111111
10111100101101000001001110100110
10111101100110000001100101100111
00111100010110110001000110010000
10111101101001000101011111100000
00111101111101000101101100010100
00111110000101001001001000000001
10111110000100010101100110100111
00111101111000011101000010100101
00111110001100111110001110100011
10111101111000101100001010101011
00111001110011100001100011000000
10111101110100001010111111010010
10111110000100111110110000010001
00111101101000111010101101100010
00111101100111101111101000101011
00111110000100000110101001111001
10111101100011001010010001101100
10111101111000101010000110110100
00111101110001001001100010001110
10111101000010110001001001110010
10111100001011010101000101100111
00111110010011011010101101000001
00111101110110100101111100001100
10111100010100111001010100111001
10111110001000000111001000000010
10111110000100101001110000100111
10111110010000101010100011101110
10111101110011101000001001111000
10111101111111000111110100100000
10111100100010000011000111000101
00111110000011011101011000010010
10111110000101010101100101000110
00111101101011001100001100001001
00111110000001010011100001000011
10111110010000100000101011001000
10111101101110101100001100111111
00111101101110001001001110101101
00111101100110110110111000110010
10111110001010110011010110111010
00111100100100000001001110100000
10111101101101100110101101110001
00111101110100110111101100100100
00111110000010100010110110111111
00111110001110010110011001110100
00111101110100111110100110010111
00111101100101010110010010011010
00111101000000000110111101110101
00111110000011100010010011001000
00111110001011000111001101100101
10111101001110010011100111011101
10111100100010110001111111110001
00111101110010001101000101000100
00111100111010101100000111010000
10111101111000010110011111010101
00111101110110011110001000000010
00111110000100001001100110011111
10111100111001100010100100011110
10111110001110110001010100101101
10111100000110001011111000100000
10111101111110000011001000010110
10111101110011000010101101001110
10111101010111100101001000101011
00111101100110100001110000001110
10111110001011100011000111100110
10111101111010000110100100111000
00111101111011111110100100011101
10111110001111100000011111111011
00111110000100100110001010000110
00111101101000100000110000100101
00111110001001000001001000011100
10111101110011101110100000011010
00111110001100111000111001110111
00111110000111000010101100111010
00111110000101111001011010001110
00111100011011010001111010110110
