10111101111101111000101001011011
00111110000100100011010100111100
00111101000110011100011010111100
00111110000100010001001011010101
10111110001000000000101011011100
10111101110000000011011101111110
00111101010000011000010010100110
00111101110010011111001001101111
00111110000110001111111101010010
10111110000111001110110001000001
10111101101001101010100001000001
00111110001011011100001111111010
00111101011011010000011110111011
00111011110011011001100110111111
10111110000011001011111111100000
10111101111000110111000010000101
10111110000010011001001110001010
00111101111110100010100110001110
10111100111001100001001101000010
00111100010001100101000100001000
10111101111001100001100111101000
00111101100011101001110010000000
00111101101100111011011010011111
10111101110111010011101110010101
10111110000111001011010001011001
00111110000100011100101010000111
10111101001100010110001011100011
00111100001110010110111011101011
10111110000011110110111011111111
00111101110000010000101111000111
00111101110011000000000010000000
10111101101111000110010101001001
00111101101111111001000011111111
10111101010110001001110000110001
10111011110111011001101110000000
10111101111000110001011000000011
10111100010100000110110011100001
00111110010000011001101100101010
10111110000000001100110111011101
00111101110010100000100010011010
00111100111110101000111110101101
00111110000010110000101111100000
00111101010001001011010001100101
00111100100110010000110100000111
00111101000110101110010100010110
00111110000010100100000001010101
10111101101000001100010000010001
00111110001000000100010111000000
00111101011101001010001111101101
00111101101011111100110111100100
10111011101011011010110001110111
10111101010001111000010010111111
10111101000110111010000000101111
00111101100011001011010101011010
10111101101100110110111101111111
00111101111000010110100011110100
00111101110001100010110100001111
10111101000110101101110011100011
00111110001001111100110111001100
10111011101000101000010001100111
00111110001001100011110101000111
10111101110100100111010000011101
00111101010110011000101100010001
00111001010001000101100100110110
10111101110000011110101011110111
00111101001100001111101100010010
10111110001111010010101000100011
00111110000011000000001111000101
00111110001010000111010110111111
00111101110010111000011010101000
00111100110000010110000110101001
00111101100001110100100111011110
10111101111100110111010110001010
10111101110010111100100001010110
00111001000011010010101111110100
10111101110111011111011011011010
10111100101000110000011111111110
00111110000010000000101000100011
00111101100100100000011000100001
10111101001111011111000000110001
00111101111100101010100010100000
00111101100011001110010000011010
10111110001011011100100101101110
00111101101000001101010000101110
10111110000011111111010110011111
10111101001000100001000000100111
10111101101110000110111101011101
10111100111111010101000101110000
10111100111001101101110101110100
00111110000101110010111110010011
00111110000100110011101111110110
00111100111100010000001100011000
10111110001000001110011111011100
00111110001001010101100111110000
10111110001001000100111000111011
00111100100100110110010011100001
00111101001101100111000011011101
00111101011100101110101100010100
00111011101010110010101100111110
00111101011011110111110110001010
00111011011000110100111110100110
10111101000101011000101000010110
10111101011011001110011101100011
00111101100011010101101101011110
10111101010111101111011001010000
10111101110011101101001110011101
00111101000111000101010111110011
00111101101010010011001111001000
10111110000110111110111011011111
00111100101111001101100010111100
10111110001010000011011111111000
00111110001010001011010100011000
00111101011111111010010010010100
10111101100110110011010001010110
10111101001001010111001101011000
00111110000111001011000101010000
00111110001010001011011011110101
10111110000101000011011001010111
00111101110100101010111000111100
00111101101101010000111101010001
