10111011100010111100010100100000
00111110000110001111000111000111
00111101101111100001000011001011
10111101010110011000110110101010
00111101111011001111000110000101
10111101011110111001000010010011
00111101111110011010010110101100
00111110010010000110011000101011
00111110000011001110101010011010
10111110000000100011000111110000
10111110000011011100110101100000
00111101101111011101111111000110
00111101100110110101010110100110
10111100111100000010111011110001
10111101100101000101110100111111
00111110010101101110010011100111
10111101111000101100101111100100
10111101100000011000011110000001
10111011000111011111000111111100
10111100101001001001001110111010
10111110000101010001010101010111
10111100110100000000110110000000
10111011110010101000101101001110
10111100011010110111001111001111
00111101110101100100101100001000
00111110001001110110000111100100
10111101011011010111110010010010
00111110001100000111101101111011
10111101100000101001011100110111
10111110000011010001000000001111
00111101100000011011000001011101
00111101101111000100010010011101
10111110010000100101000010101110
00111101111111111001011001110010
00111101101010100001100100010101
00111011110110001101011011101001
10111101111000010011001110111111
10111100101001100010101010011111
10111101011100101110111110110110
00111011111001111000100110000110
10111101100000100100000100000110
10111101000100101000101111101010
00111101000011110100001101001010
00111101101100101000101001111100
10111110000111101000111110111110
00111100000001111110010111111010
10111101111010011010100001111010
00111100100101011101110101000110
00111110000011010110001011011011
10111101101001001010000110011100
10111110000010000101010000000010
10111101000000110010001011000110
00111101100000011010111100101100
10111101111001110011001011101100
10111110001110110000001010000011
10111101001101011111111111111001
10111011100101011010000111111000
10111101000000000110100011100000
10111100110011011011110111010110
00111101110001110000101110001010
00111101010111111000000100111011
00111101110111011101011011011010
00111100101001110110010000010100
00111100001011000101110110111101
00111110001000011000001101011011
10111101000111010001010100010010
00111101010010000000001000010100
10111110000000101010010100010011
10111110000101111111001110100011
10111110000000100101111000010001
10111100101001110001110010100111
00111110001011110101010110000100
10111101101001010010110001100011
10111101111101100001101001001011
10111100010011110011000010011101
10111110010001111011011110011001
10111110001010100111101111001110
00111101111000011000010011010110
00111101110101001001001100110000
00111101100101001110011110011100
00111110011001011101101111001000
10111101111101011111001111110100
00111110000101011100100001110000
00111100111100010011010100011000
00111110001001101000001001100001
10111100110010010100111011111010
00111101000101001100111011010110
10111110001001110111001011011111
10111110000111111111001100111000
00111110001110001110111110001111
00111110000011010100110000111011
10111101111011011111000111011110
10111100101110010010011001111010
10111101100010010010100100000010
00111110001000001100001111001110
00111101001101010111000011101011
10111011110110011001111010000000
10111101101111001110111001001000
00111110001111000111101000011010
10111101110011110001001101010110
10111101011010101010001110000110
10111100000111011000011010001100
00111101111001111101011101101101
00111101101001000001110101100111
10111110001010111110000100011111
00111101000010000110111111101111
10111100100011101011011111100101
00111101001011111001001010010100
10111100011101111101001111101111
10111110001011110101110000100111
10111101101011100110111010000111
10111101100011100101110100111011
10111011100011010101111000111000
00111101111100011001010110100001
10111110000001111111110000001001
00111101111100111110110100011010
00111101101100100010101010011110
10111101101100011011110001011000
00111101101011111110001111000010
00111110000101010001000111100000
