10111100101101100010100110101111
00111101111000100101110001010011
10111110000000100111001001101110
00111101111001101001000000101011
00111101010111001001010001011011
00111101011110011101000001011000
00111110000100000101001001110101
10111101100010001111001110001001
00111101000010011010000111101111
10111110000111110011101100111010
10111101110101001101000100010001
00111110000100111101001010011001
10111100110110010110011000101110
10111101101010001000011010011110
00111101000101001011001000011011
10111101010100010101000110001101
10111100101001000110010010000110
10111110001111010011001100001010
00111101110011101111010100000100
00111100111001100100111100001101
00111110000100001011001111110100
10111101100101110000100101101111
00111100110110110110000100110100
00111110000111000010110110100010
10111101011111101001110011111000
00111101001001101101101001001100
00111101110110100011111000000010
10111101100101101011100110100111
00111101111111000001101011011001
00111110000011001110001001001010
00111101101011000000011011110101
10111101100110000100101000101111
10111101110111011111100100100001
10111101010010101010010011110010
10111110001011000001110110010000
00111100001011010001101101010100
10111101100001000010001011110100
10111101111011111010001100111101
10111110000111101110111011110010
00111110001100111011011110001000
00111100100111000011110001000001
10111101100011110011001100011000
00111101111000110011001000100010
10111101111101101010101000011011
00111100110000001010000100110110
00111101001111010001011000111010
00111110010011100011110000001111
10111101110011101110000101111010
10111110000101011110011000001101
10111101101010110100001101000100
10111101110111110010110011001111
00111101001110100000111010010001
00111101101011110110101001000001
00111110000110001101111110000000
10111110000110011011100101101010
10111011010000101101001100001111
00111101110111100100111101000010
00111101110100011111111000110011
10111101100011000000010011011001
00111101100010100001110001101101
00111010101010000110010110110111
00111100011101100010010010100011
10111100010010000111001111100000
10111101010101110100011011110000
00111110000110011100000011011011
00111110000000110100100111111101
00111101000000000011001010100011
10111101110111000011110010010010
00111100011100100001010100100110
00111101010000100011000111010010
00111101011111000001010011011100
00111100110000010010001111100100
00111010000100101011111011001000
10111101100101100111001111010111
10111101010010111110100110011111
10111110001000100000111100101010
00111101000010011100011101110111
00111110000000111111100101110000
00111100110010001101011110110100
10111101001011010110011010111000
00111011111011101011000001100101
00111101101011010011101100101001
00111101111111010101011110011001
10111110001010011011100011101101
00111110010000010101101010100001
10111101111111100011101110000010
00111110000001000010100001010011
00111110000100010001011110100110
10111101010000110001010110001011
00111110001011010001100101011100
00111100100101110010011110000011
00111101101001111010011011100000
00111101111001110000111000100001
00111011100010101001111101110001
00111101100100101011111110100000
00111101100000110000010000101010
10111011001101011110010010000101
10111101001100100100110110000011
00111101110101010001101101000000
10111101110001000101110111001110
10111101100111100011010110001110
00111101000101100010000010000101
00111101111010010001111110110110
10111110010010100010001010000111
00111101101111000111001001100100
10111001011101010111001010001000
00111101111011101110011011110111
10111110001001100011101100101110
00111101010100011111111011110100
10111110001100101101111111110101
10111110001011101010101011000011
10111100100110011010001111001101
10111110000101000111111110110011
00111101100011100010011100010111
00111101111010100000000011000001
10111101111100110110111110001110
00111101111001110110010110000000
10111100100010010111101110001001
10111101111011101110100111111000
00111011110011111001101110101010
