00111110000011000111101001111111
10111101101111011011100001101000
00111011101000011110110100000111
00111011010001111110110101111000
00111101110110010101100011100001
10111101101100100010100101010101
00111100010111001100001001001001
00111110000011000101001110111110
00111101011011111111011101111001
10111101100110101001011100111000
00111110001010110100100010000100
10111101100111011001000001000011
10111101101110010010101001100101
00111110010100010000000000101110
00111101000011010010111000000100
00111101111000000111111100011000
00111110000110100000111111000111
10111101111110010110100101101010
10111110010000000101110100110011
00111101101111110101101111100011
00111101110000101010011110011100
10111101001000011100000011100001
00111110000011001101010100111011
00111100101111011001011010000000
10111110000011011000001010110101
10111100101000111001001010101011
00111101011111011010011111011011
00111101000110011000110111111001
10111101011011110111010101101111
10111101110000001111001000100110
00111110001001100001011101101000
00111101100010001001001011110001
00111101001001010111111011000010
10111101011100111000010000000010
00111110010000101010101101010000
10111110010110101010100001111100
10111110000100011101010101100100
00111110001100111111111011101010
10111101110110001011111010100100
10111101101001001011101101001111
00111101001011101111110011110010
10111110000010100110001110010100
10111110000101001000001111011111
10111101100000001100001111000110
10111101100100011100100011010001
00111110010011011110001100011111
10111010100111010001110000011000
00111110000000000000001110111100
10111101101111101100001101110000
00111101110101011001101110011011
10111110001101111100011000101010
00111101000100000010111011000011
10111110000110001010001110011111
10111101011010010001011011010100
10111110001110001001101010101110
10111110001000010100011010000001
10111101110110011000011001111010
10111101110001001101000110100001
00111101110101100011000110110001
00111101111000011110110100111001
00111110010011100011101001101101
10111101010110010110010100111110
00111101111100100000110111010110
00111110001000001100000011001110
00111101100011110000111000110100
10111101110111010010110000101000
00111101011110101110111100001001
10111101011011101000011000001110
00111110001000101100001100101100
10111101000001000000101010000001
10111101100000101010100110010001
10111100111010010000001001101111
10111101110001100111011001011110
00111101101101010011100111011000
00111110001011001000001101011010
10111101010010001011001110111011
10111100100000011101010011111011
00111110000111101110010100001000
00111101100100111101100011101010
10111100101110010111000110000101
10111100100101000010100111101000
00111110000001101010010001111011
00111110001100110101011110100100
10111101010010010011111101100100
10111100100000000100011111000010
00111110010101000110010110010110
10111100110110000011010100110110
00111101101110000011101000000010
10111110000001101101011000010111
00111110000111011001101001100000
00111110000101110000100000111000
00111101100000110111010010110010
10111110000000111100010000001111
10111101100011101001010001000101
00111101010111011011000001101110
00111110000100100110100000100001
00111110000010101011110011101101
00111101001111000010100010111111
10111110000000010101111111101001
00111101111010000100010001011111
10111011100110000101000011010101
10111101101111000010111101100101
10111101000101100111001010100100
10111101101001010100111001110101
10111101001011100100000011001101
10111101100000111100100101101011
10111110000110101111110001111011
00111101000101110111110011001000
00111110000110001111111011111100
10111101100111110001101110011100
00111101011011101001000101011000
10111110001111101100001011000001
00111110001000011011011010100011
00111101110000001001101101111101
00111110000110011001001011111100
10111110001010000101001100001110
10111101100101111000011011001110
10111110000000000101110100100110
10111110000100010110001101100010
10111110001011101100111110011110
