00111110001111111011111011000010
00111110000010000111101111000110
10111110001010110110010001000011
00111110000000001101101000111100
00111110001011010011101101000011
00111101001111110111111001101101
10111101001010101101010111010000
00111101010011111100111101000010
10111101111011111000110100111101
00111100010110101001111001000011
10111101100001101000111010010000
10111101100110010011100111010110
10111101011000000000111000111110
10111110010000011010011101011100
10111101010001011000101000100100
00111101011100100001000001001010
00111110000001101110011101111100
10111101010110110110110111000000
00111101011100110011110010101010
10111101001001011111111010011110
10111110001001010100001010110001
00111101101111100100110101001011
00111110000000010111010100100110
00111100101110000000100110111011
00111110000011110000011101010101
00111101101101000001010000001110
10111101110100110000000001000111
10111101100111001001101010011000
00111101011101101100111110101010
10111110000110100100001011100001
00111101100001101101010111100101
10111110000101011010001010100010
00111100110011100000001010100110
00111110000001111100111101011101
10111110001000001101001100100000
00111101111000010110110111110011
00111110000100110000000101001110
10111101110111110001000101101101
00111110000000010100000111100001
00111110010000101101011100010000
10111110000011000101111101011011
10111110000011111011100110011111
10111101010110011101001001111001
00111101111101100110100100100111
00111101000100111000111010000111
10111101100101000111101010100100
00111110001100100101110100111000
00111101111100001100011001100110
10111100110010001000100001000010
10111101100000101101101110111110
00111101101101111000001000111101
00111110010000111001110110011110
10111101001111010111100000001101
00111101011110010110000001101010
10111110000110101000011000011011
10111110001011000001101010010100
00111110000000001000100101100011
00111110001001100000101111001001
00111101001010001000101000100100
10111110001010101110000001101000
00111101111010111111010111010010
10111101111011000001111100001110
10111101110111011100001000111111
10111110001000000101110101100001
00111101010001100010100011001001
00111110000110001001001101011000
10111101011001101111101101001111
10111100000010000100011000101100
00111110000100100101110010101000
10111100100111001010110111011100
00111110000011001001101010110011
00111100100100010010101110001110
00111101101101110111011110010101
10111100110000010110101100011001
10111101101011100100110111010111
00111100100001110001000110001001
00111101110000001000100010111000
00111101111101111011000100100111
00111110000000100101111100100001
00111100101111110111110000100000
10111101111100111101000100000001
10111110000000111001110101001011
00111100101101101110000000100101
10111101001100100001000101111100
00111100111000001000011010011011
10111110001100001101100100000100
10111011100110111001001001010110
00111100110110011010100110010110
00111110010101010010000011111110
10111110000001110010010100110100
10111101101110011101111011000110
10111101011001001011100011111011
00111101011011101100001011100101
10111101000111000111101100111110
10111101100111101111101101101011
10111101010001000110111000110100
00111110000000111101111000101100
00111100101001000110101011000000
10111110000110100100100100101011
00111101110110000111001000101101
00111110000101001101011101100011
10111101011000011110010111001011
10111101000111110101100100001010
10111110001001000011011011110011
10111100001101010011111111111100
00111101101010111111000101111011
00111110010010000110001001101110
10111101110101001001000111101100
10111110001100110000000101110110
00111101011100000101011010011101
10111110000101101011101011110001
00111101000000101011100111101110
00111101110110010100111011011110
00111100100000111001001101110011
10111101111001100001011010100101
00111110000111101010101010101010
10111101010011010010100000010101
10111101000100000110111011000111
10111110000010010000011101000001
00111110000101000001111000100111
