10111100111111111101101001011100
10111101001101010111110001011010
10111110000011110100000100010010
00111101101110110110100110100111
00111101110111100111010111001101
00111110000011110111001111111011
00111101011001011110110011001100
00111101111010011101010001010110
00111110000000011000001101000000
00111101100001010010010100101100
10111100101011011111000101100011
10111101111101001111000011010101
00111110000011011001001011111101
00111110001111110000100001010111
10111101111000111110010101101111
10111100101101011111101101111111
00111110010001100110011010111110
00111110001000010000010011000101
00111110000101110101100101000101
10111101110000100110100100010001
10111110000101000011001100100011
00111101011011101000111111000001
10111110000011000111000111010100
10111110000001110010111001010000
00111110000100101000001100100110
10111110000000000000010111101010
00111110000111100100000000010001
00111101111100001110100010111000
00111101101011101111110111011001
10111101110000101010010110000011
10111110000010001100100100001000
10111101011001001001101000011010
10111101000001100001111100110000
00111100110011011010010001010010
00111101111010110000010011011111
00111110001101101100101010011111
10111101111111111101111101100010
10111110000011101111011000101000
00111101101000101010000100111101
10111110010000010110100001011001
00111101110001010100101011110010
00111101110000010111101111101001
00111100001000010011011101000010
10111100101111110110001110111100
00111100100010011010001010010010
00111011110101101100101001110000
00111100110101010000000001111001
10111101110000101010010111001101
00111101010010001100110000110110
00111101010001111110000101101111
00111101110010010100100100000111
10111101110010110100100001011110
00111101110100111011100001011001
10111100001011011011110001110001
00111110010110000101011101110010
00111101010110110101110110000100
00111101101110011101110001001010
10111101111001111110011011110110
10111101001111110110000111001011
00111101110101001111010100100000
00111110001101000110101001100000
00111010111111111101101111010110
10111101111010111101100001111000
10111110001100111001000000111010
00111101101011101010000110100100
00111100100010110001100010011110
00111110001110011010000001100011
10111101010011001110101001110111
00111101101101111010001001100111
00111110001000001001110011110110
00111101110110010011011111111110
00111101100110010110011000011101
10111101101111011010010001110010
00111110001101110110011110100000
00111100101000000000000110101011
00111110000100100011010111001011
10111101110100100011110001100101
10111110010000101011100011101000
00111101100101100111101001011011
10111101110111001111101000000010
10111101010010100010110010001101
10111110000111010110100100011010
10111101001101010000111000100011
10111110000001010001111010110001
00111101110000110011011100011101
10111110001110110111111111101000
10111101111001010010111111010110
10111100111011000000101100100101
00111100101010111110001010010111
00111101100101100110011011011010
10111101011110011011111100100110
10111100100011000001000100010000
00111110001000101010000001011111
00111110001110110010001110111101
10111101100000000110111111110001
10111011111110001111010111000101
10111101110100010001100111010011
00111101001010110010011000010011
00111101010000111110100011100010
10111101101000111011010011011010
00111101001110110011001011101011
00111101100000101100100010011111
00111101001001101111110000100110
00111101100101010000001001111001
00111110010010010000110011100110
00111101110010010010010000111110
00111110001101110101111001101000
00111100011000101111001101100001
00111101010010100010010001100010
10111100001111000011011010000000
10111101001101001011100101001100
00111100101111101010001010011001
10111110000001010010011110000010
10111101110001100001110001001001
00111101100101001100110001111011
00111101101011001001000100000001
00111100000010100101101010111110
00111100110111001110011010011000
10111011111110000011011001010010
00111100010101101010010111100001
