00111101101111001010101010001110
10111101111011100010100001110101
10111101101111000110001111101110
00111110000000100100101101111110
10111110001000001100100111001101
00111101100000100110000011101111
00111101110101011011010100110001
10111101101101010000001111100010
00111110001100100010001001110010
00111110000110110111001101010101
10111110001100010101010001101010
10111101001000101000000101110011
10111110001000100100101111010011
00111101010111011010001111101001
00111110000001101101101101001011
00111110001001000010101011111001
00111100100000011000001001010110
00111101000011111000011111000000
00111101111011001000110110101111
00111101101101011000000100001101
00111110000000001011011110111100
10111110001101100011101011010111
10111101001111101011110100011100
10111101000001110101000100100000
10111101110000000001100001101010
10111010111110010101010011100000
10111110001100010000010110001100
10111101101010101101110101111110
10111101011101100000010000000101
10111101011111110010000111101110
00111100010101110101011100011000
00111110001000011100111101111011
00111101100110110111011011011101
00111110000000001010100010011001
10111100001011001100110010011101
00111110000100011000110000010111
00111101100010100111100111010110
00111110000111010011010110001011
10111100101001000011001001101001
10111100111010110000100010010110
10111101100011000101111000001111
10111110000111110001110001111001
00111110000000010011111001001101
10111100111101010101110100001000
00111110000010100101110111100100
00111101100000110010110110010010
10111110000001000110111101010101
00111101111000110010000110101110
00111101111111010000011000100011
10111110000100110010001110100100
10111101111100011100110100001001
10111100011101111111000011011010
00111101100000010110000100001111
10111101100010000011100000110111
00111110001010000001010010001110
10111100010000010011011110010010
10111101011011011000110001001001
00111100100100110101001001000000
10111101000010010110001011100110
10111101111011010011011111110010
10111101100011101100110101000000
10111101010101110111101000000110
00111101001000010100011100110011
10111110001000101010100001101000
00111101101011000001101101110011
00111110001000101111111011010000
10111110010000101100000111111011
10111101101100110001000110001000
00111101100000011010101010101011
00111101010010100101010001100100
10111100111010100000110101110100
00111101101101110110101011000111
10111101010000111111101100101100
00111101100000001111011111010000
10111110000100111100101100010100
10111110000100111110110101111100
10111101111001000100100110001100
00111110001110101001010010010100
00111101010100100100101111111000
10111101110110100011010000001001
00111100101011011101111001001101
10111110000100110101100110111001
00111110001010000001000010000110
00111101010010101011010111011100
10111100010111000010101010001101
00111101111001010111000000010000
10111110001011000000001010111110
10111101100100010001011010110000
10111101010101111100110100000000
00111101000101101111110101101111
00111101000100000110110001100101
00111110000111110110111110010100
10111110001100111000011011101111
00111010011001000100110000001110
10111101100001100111010010100111
00111100001010010101101011110111
10111101101000101100010011110011
10111110000010100101100111101110
00111100000010111001001011110111
00111101101110110000101100001101
10111101001111111101010011001011
00111101000011000100100010100011
00111101101000011001110001111111
00111110000111100101100001011000
10111100111100100000101101001010
00111110000101001110101010001011
10111100100001110010001101000011
00111110000110000001011111100010
00111101111011010101010111110111
10111100011101110111110101011000
10111110001000000001100100010010
10111110000100110110001111011010
00111101011000001100010111110011
00111110001100011011110110101100
00111101010111110011010110101101
10111101100101110110011111100100
10111110000011011011011000011101
10111101001010011000111011000010
00111101100110011111010110101110
10111110000011011110011011001011
