00111101110110011110111100000000
10111011111011011000100000011111
10111110000111001000101001100010
10111100111110111010011100010001
10111101101001111100100101100110
00111101101000000101000110100010
10111110001100100101101101001111
10111100101000111110001001101111
10111101100001111101011000000010
10111110000011111111101101100101
00111100110000110000101100010100
00111101100010000010010010101010
00111101000110111110111010110010
00111100100110011011011011001011
10111101010000010101011100010100
00111110000101111101111111000100
10111010101100101110111011101011
10111101101011100100000100011011
10111110001010111100101101110111
10111101011101011101101111000000
10111100111100010011010100011100
00111100001001010011001111101001
00111110001010110000001001110110
00111101100100001001110010000000
10111110001110000100011010010101
00111110000100100010101110101000
00111100110000110100110010000111
10111110001101110100110110101100
00111100111001111001000001010100
10111110000111110000011010100000
10111011110011110000000101111011
10111100100100010000010001111011
10111101001111000111000001011011
10111110000111010110100110011001
00111110001010011001101111000111
10111110000001110011110001010110
10111101111110010000110000000001
00111110000011011110111110000000
00111101101011110110000001111110
10111101100000110101000011011001
10111110001010000100101010111011
10111101100111010100000000010001
00111101000000010011111100110100
10111110000101000110000111100110
10111101101100101100100101101100
10111110001010101010001101001000
10111101101101001110010110111100
00111110001001100010110100011011
10111011111000110111011000100100
00111110001001011111000111000001
00111100100010010111100001010110
10111101010010111000001001110111
00111110001001011011100110000010
10111100110011001011111000101010
00111101011110011001101101001010
00111101111101000110010011100110
10111101000101011111001100110000
10111101010000001110001011010110
00111101011111010011010010011101
00111101000111111100011100011100
00111101110100100010110011101010
00111110000111010100000011110000
10111101000001100111000111111000
00111110000011000100000001100001
00111101101010000001011110010111
00111101010001101001101010100011
10111101111010000111000001001101
10111100001101001001101101110011
10111101111010110010001000101101
00111110000010111000101111101010
00111110000110100110101101011011
10111101100101111011110110100100
10111100000011010101101000111010
00111110001100100000010011111011
10111101011001000011111100100001
00111110001101000011011001110111
10111100001001011010100111111001
10111101110101001111110011011001
00111010111100111010011010011010
10111001010111111110001111011110
00111110001010001100101001110000
10111110001011001101000011010101
10111101110101101001100111010111
00111110000001001011101011101001
00111101101111100000100001001100
00111110000010100111100001111111
10111101101000100111111100110010
00111110001000111001010111111101
00111101000011110110000111010000
00111101110111011100100010011110
00111100110111110011000110110000
10111100011100011100011111001000
00111010001100101110011010001110
00111110001010010111011101110111
00111100010110000100110010110110
10111101110001010110100101100110
10111101110100111011000111101101
10111101110000100010001110111001
10111101101101100100101000001111
00111100100111100100100011101010
10111101100001001111111000000001
00111101001110000100000000101100
00111110001001110011010110001000
00111110000101000001011010100010
00111110000000110110101001001010
10111101011101010011001010111011
00111101111101010111010110011010
00111101100100100111001010100001
00111110000110100010000100010110
00111110001010011111110110111110
10111101101001010100110110100011
00111110001101000000101001100100
00111101111111101000011100010000
10111110000010110111001110001101
10111100001111001110101000100100
10111101111111011110111011010111
10111110001110110010111001111000
10111101010001110000100001111101
00111101000010001010001000111010
00111110000100101101100010111101
