00111110000000110001001010101010
10111101000110111011100110001100
00111110000010101011100100011000
00111101101000010110010001111010
00111101001010011011010100101001
10111110000110100110010111101111
10111101011001100111000100000100
10111101111101000010111111100111
10111101110001110011001001010100
10111110000111000010011011001111
10111101100101110011010000100001
10111101111010110110000101000010
10111101001110100001010111100010
10111110000011001101110010001110
10111100110010010110001101001000
10111100111111000011100000000010
00111101101100101101010011100101
10111101101011000010010011010100
00111110000000110011001001100101
00111101111011000111001011000111
10111101110001100111110100001111
00111101100101000001010011010100
00111110001001001001111100000011
00111101111011111100110010111110
00111101101011010111011111100111
10111101101111110111100110011111
10111100101011101110101101110101
00111101010100001110000010101001
00111101101101100000000101110001
10111101111101101110111110100001
00111100101001010110101110101000
00111110001001000111001100000110
00111101101000101001010111101111
10111110000000010000010010110010
00111110001001001111011100001101
10111110001000100000010011000111
00111101001000101101011011110110
10111110001100100001101000011010
00111101111111010111110101001000
00111101110001101000101011000111
10111110000110001110110010111010
10111110001010101001100110111110
00111101111011000101101101111011
00111101111110100100110101001110
00111001110011001111111110111111
10111100011100111001110111010100
00111110010011101100100011100000
10111101010101011101001100000111
10111101010110011110011000000111
10111101011110110110101000101010
10111110000001110110010011011110
00111101101000000010011010010101
00111101110001000111110010101010
00111101110010011000111011101100
10111100101011001011101001111111
00111110010000111000001100000100
10111101111000010000101100110110
10111110000010100001010110100101
00111100101010000010110010001110
00111101100111010001101101000100
10111101101001100001100111111100
00111101111000101100111100000000
00111110000001101101010010111001
10111110000110011101110100011110
00111110001111101110000010000000
00111101101001010010000111110101
00111110000110100100000110010111
00111010110100101011001110000110
00111110000111111100000010101111
10111110000010111111111100000101
10111101110000110000010101010000
10111110000101010000100011011010
00111110000110100001011101101000
00111110000000000010110001000010
10111101111100010111110001010001
00111110000001011111100110100101
10111101111101000001011010110100
00111110000111100111110110101110
10111110000001110111110100001100
10111100010111010010111010000110
00111101011001100100111001011100
10111100111010001110110101101011
10111100111001010000111110000010
00111101010101010011111110111110
00111110000000011100010110000011
10111101100101000011101100111101
10111110000110111011011011010101
10111110000001000010110110000000
10111101000001111010000110100101
10111101101010010001100000111011
10111110000011110101010111110100
00111110000010011110011001010001
00111110000001011011100001000111
00111101110001011101100001011110
00111101100101100101100011001101
10111101110111101000100110100111
00111100101111010000100110010011
00111110001011011000101101000111
00111101000111010110011001001010
10111101001111011110011010001100
00111101010001110011000011011001
00111100101101001111111100101100
10111101111001001000110010100001
10111101100010000001111000100010
10111101010001100110111101010010
00111110000111100000101010000001
10111101100111101111010001111100
10111011111110101100010110101000
00111101111010110100010101110111
00111110001100100000001101010010
10111110001011100000000100000110
10111101010000000000011001101000
10111011000010011100011100111100
10111101000011101100000110111100
10111011100000111111000101001001
00111110000111100001011110100011
00111101010000111010110011101110
00111101011000001011110000111100
10111100001101111001001111011100
00111100001101101001100110100011
