00111011100000110111010000110001
10111101101111110110110010100001
00111101111100101001010011110100
00111100101000011111000011111011
10111110000100011111001101110101
00111110010000101110110100100011
00111110001011001000010110100011
10111101011011000110001101001010
00111101110111001110101000011111
10111101110010101001110101101100
00111110000100111010101110010001
00111101010110111010111011010001
10111110001001010111101111110110
00111100101001000001101110010111
10111101111111001010001010011110
10111100111110000111110011110101
00111101001001001100100101101011
10111110001101101011010100110101
10111110000010000010111101110111
00111101100111100101111100100010
00111100110001101100100111010101
10111101011010000001100101001100
10111011101100101100111110110101
10111101001001001010000110000010
10111101000101110101101000010010
10111110001110111000010000100110
00111100001010010000001111100010
10111110000100101101111010000101
00111110001001010100000100011101
00111101101100001000010010101111
00111110000111101000101000111111
00111100110100010111000110001010
10111101101000100011101100101101
00111100000011011011101001100101
00111101000000101100110001011001
00111101101001011101000111011110
00111101001101100101010011000101
00111110001111101000001011001111
00111101011101100000110000110010
00111101101000000001110101001000
10111101101010101010110111011010
00111101111111000001001100000001
00111101101110010000110100000101
10111101110001000101110001111101
10111101101010010011010000010001
00111101100101001100111000111010
10111101101110011101000000100000
10111100011000111101101000000111
10111101111000010011001101100111
00111101000110000110100111001001
00111110000101111100011011100001
10111110000011100010000010100000
00111110000101100000100010110011
10111101111011100001100000100001
00111101100001101000001110110000
10111101001101000000001011110010
00111101100010100010101011110000
00111101111101110000011010110101
00111101000100100010010100110011
10111101011100110011010010100100
00111101001011100001111010101011
10111101110000100011101111110110
00111110001100111111110011110110
00111101000001010001110111111100
00111101110000111111111100000011
10111101101100100000111000100001
00111011101101100010111100100010
10111101100000010101100111101110
10111101101101000111011101110010
00111101110111110101011100111111
00111100010101100010110000000111
00111101001101011000010010101000
10111101100011111101100100101100
00111101001100010000111111011101
10111101000000001011101001000101
00111101100010100100011011101000
00111101100100000000110110000001
00111100111001111011000110001010
10111011100100001110001001100100
10111101100010010010010000110011
00111110001001110000100001000100
10111110000001000101110100101100
10111110001010011110110001111011
00111110001010001000001011000101
10111101110110000011001011001001
10111101110111100010010100001000
10111101110000011100101010111111
10111110000000000101110010010011
10111101100101111101101101001010
10111011111101100110010010110111
10111101011010110000000010010011
00111101111110101011111011000001
00111101100000111101010100011001
00111101111000011100011100100111
10111101100010010001100000100011
10111010100011000100000011001101
00111100100110110100100111101010
10111100100000000110110100011111
00111100010000100101011101111010
00111101100000000010110101010110
00111101000101110000010010101100
10111101100001001000011111100111
00111110001110001001100111100011
00111101100101011111101101000101
00111101101111101111101000010110
10111101001100110001001110101010
10111110000101011001001100000111
00111100000000101110100011011000
00111101111111110100000101101001
00111101110000111011111000001001
10111110001001000101011111100110
10111101010101100010011010000110
10111101010011010011010001001001
10111110000000010100100101101001
10111101000011111011101011001100
00111101101001010111001011000110
00111110000000111000110001101000
10111110000000101111101110110000
10111101001000000110101110101010
10111101101011010110000010011010
