10111110001010001100011111101110
00111000100111111011001101000100
10111110001111100101101101010101
00111110101001110000101001001010
10111110011000011000111000010111
00111110001110100011000011001100
10111110001001001000111001111100
10111101001000000101000111110110
00111110000111111011011001000111
00111110010100000110110101010110
10111110010101010111110100111101
10111110101010010111100000100110
10111110000101101111111110101000
00111100101000001101110110100000
00111110011100001100111010101000
00111110100001001011000111110000
10111110100110101101010010110001
10111110011001000100100101010001
00111110101011111101110011100010
00111100000001111101100001001110
10111110011100001011001010001000
00111110011010010101001110100110
10111101111100000100110001111101
10111110100000000110100011101101
00111110010110101000100001111000
00111110100111011110010000101001
10111110001001101011001000100000
10111011101000101110001001101001
10111110010011110101010010111100
10111100101100101111011001001111
00111110100110100000000001111011
00111110011101011101011100010011
10111110000011010101110110101111
00111101101000000101100010011010
00111110010010111011011011110101
10111110000101011101101010111110
00111101110100100000110011001111
10111100100010011100001111111101
10111101111000111111000001001000
00111101101111000000010010001101
10111101111101000010001111111010
00111101110011001111100011011000
10111110100100101010101001010000
00111110001100010011001001000111
00111110010011111110000100000110
00111110000001010110111101011110
10111110011010111000110101011101
10111101110101001101001010010011
10111110010011011011101000011010
10111100010110001010010000001001
00111100110001101101110000000000
00111110000111011010101100101110
10111110011110110010001111010101
00111110001101011011010111010100
10111110011100000010000001010011
00111110000100100001010010101110
10111101101010010001110111110111
00111100111010111101011111101000
00111110000111100011101000010100
00111110000001001100010111111101
00111110000101000110010100110100
10111101110011101101011000001101
00111110001001001000100100101001
10111110100000011101001010101100
10111110100101011111010000110111
10111101110111010001001100111101
10111101111010110011010101010101
00111110001111010110011010000111
10111110100011000000001111111101
00111110000011101100110110000100
10111110001010001011010110001011
10111101111010010010000011001101
10111110001110000011011001101011
10111110001111001101010011101101
00111101010010111011100011011101
00111110000001010100110111010100
00111110100110000010001011111010
10111110010001111110010010011110
10111101110100000010111010110011
10111110001100011111011001011111
00111110011011000110110101101110
00111110000011100000010011010011
10111101100011100000001110000010
00111110000000001000010010110111
