1111111111010001
0000000011000110
1111111111111110
1111111101101111
1111111110110001
1111111101101000
0000000001100100
1111111101100111
0000000001001100
0000000001110100
1111111111000000
1111111110111001
0000000001100010
0000000010000100
1111111111110000
1111111101100010
0000000010111011
1111111111110001
0000000001100100
0000000001101001
1111111110101101
1111111101111100
1111111101100110
1111111111101011
0000000000101111
0000000010111001
1111111111101111
1111111110001011
0000000001110100
0000000001111100
0000000010000001
0000000000011000
0000000000111001
1111111111010111
1111111110010011
1111111111011100
1111111101011100
1111111111100000
1111111111100001
1111111110010001
1111111110011100
0000000001000000
1111111110100110
1111111111010110
0000000000101001
0000000000101010
1111111110100001
0000000010000000
1111111110111111
0000000000001000
1111111111101101
1111111110011000
0000000011000101
0000000000110011
0000000001101101
1111111111010100
1111111110100101
0000000010000100
1111111110101001
1111111111111010
0000000001001110
1111111110100010
0000000001011100
1111111111001011
1111111111101110
1111111110100110
0000000010000011
0000000001010011
0000000000100111
0000000010011011
1111111101111111
0000000000010011
0000000001111010
0000000000011001
1111111101101100
1111111111010110
0000000001010001
1111111101001111
1111111101100010
1111111101010101
0000000000011011
0000000000000110
1111111111010100
0000000001100111
0000000000000010
0000000010011010
1111111111100011
0000000001111011
0000000000011000
1111111111011101
0000000000001000
0000000001111001
1111111111100000
0000000010010100
0000000000111011
1111111111001101
1111111101101110
1111111111111100
1111111101110010
0000000000101011
1111111110100110
1111111111011000
0000000010010010
0000000001111110
1111111110111001
1111111110000001
0000000000010111
1111111110110111
0000000010100110
1111111101010101
0000000000110010
0000000010010001
1111111111010101
0000000010000101
1111111111110111
1111111101011000
0000000001010111
1111111110010111
0000000000001100
0000000010101111
