1111111101011000
0000000000000000
1111111101000010
0000000101001110
1111111100011111
0000000010111010
1111111101011100
1111111111011000
0000000010011111
0000000011010000
1111111100101011
1111111010101110
1111111101101010
0000000000010100
0000000011110000
0000000100001001
1111111011001011
1111111100011100
0000000101011111
0000000000001000
1111111100010000
0000000011101001
1111111110001000
1111111100000000
0000000011011010
0000000100111011
1111111101011010
1111111111111011
1111111100110001
1111111111101010
0000000100110100
0000000011110101
1111111101110011
0000000001010000
0000000011001011
1111111101101011
0000000001101001
1111111111101111
1111111110001111
0000000001011110
1111111110000110
0000000001100110
1111111011011011
0000000010110001
0000000011001111
0000000010000101
1111111100010101
1111111110010110
1111111100110011
1111111111110011
0000000000011000
0000000010011101
1111111100000101
0000000010110101
1111111100010000
0000000010010010
1111111110101100
0000000000011101
0000000010011110
0000000010000100
0000000010010100
1111111110011001
0000000010100100
1111111011111101
1111111011010101
1111111110010010
1111111110001011
0000000010111101
1111111011101000
0000000010001110
1111111101011000
1111111110001100
1111111101001000
1111111101000100
0000000000110010
0000000010000101
0000000100110000
1111111100111001
1111111110011000
1111111101001111
0000000011101100
0000000010001110
1111111110111001
0000000010000000
