0000000010010110
0000000001110000
1111111110111000
1111111111010010
1111111111011110
0000000001100000
1111111110010110
1111111110000000
1111111101110011
1111111111000010
0000000000001011
1111111110011011
1111111111010110
1111111110001011
1111111111000101
1111111110111001
0000000010101011
0000000001101110
1111111111101001
0000000010100011
1111111111011011
0000000010000101
0000000010010001
1111111110011110
0000000010000001
0000000001001001
0000000001100011
0000000000000101
1111111110100101
1111111110010011
0000000010001100
1111111111101011
1111111101000101
0000000000000001
0000000000011111
0000000001010100
0000000001000001
1111111101100000
1111111110111100
1111111101110001
0000000001110001
0000000001011100
0000000010011100
1111111110011100
0000000000001100
1111111111000010
1111111110000001
0000000000011111
0000000010100001
1111111110100001
1111111111100100
0000000000010001
0000000010110010
1111111110000110
1111111100100001
1111111111111101
1111111111110101
1111111110101110
0000000010101000
0000000010001001
0000000000101011
0000000000000101
0000000001110100
1111111111010110
1111111110001011
0000000010011111
0000000000101110
0000000000101000
0000000000101111
0000000010101100
0000000001000110
0000000001000000
1111111110101011
0000000010001011
0000000010011100
1111111111000001
1111111110111011
0000000010010001
1111111111001011
1111111111110101
1111111111100010
1111111110000101
1111111111001000
1111111101101111
0000000010110101
1111111110111000
0000000001110010
1111111111101100
0000000001001100
0000000001101100
0000000001011100
0000000000000000
0000000001110010
1111111101011010
0000000001000001
1111111111001111
1111111101011110
0000000010001100
0000000000111010
0000000000000110
0000000001100110
1111111111111100
1111111101100100
1111111110100010
0000000000001000
0000000001011001
0000000000011011
0000000010011001
0000000010100010
0000000001110000
1111111110000100
1111111101101101
1111111110110110
1111111111101001
0000000001110100
1111111110101011
1111111110001100
0000000000001010
0000000000101010
1111111110010111
