1111111101011111
1111111110000000
1111111101110100
0000000000010110
0000000000110101
0000000001101110
0000000000100110
1111111111111010
0000000001000110
0000000010100011
0000000000110001
1111111101100101
1111111111101110
0000000000100010
0000000010000011
1111111101100110
0000000000000100
0000000000100010
0000000001111000
0000000000000101
0000000001100101
0000000001010000
0000000010001101
0000000000000000
1111111101110110
0000000001100101
0000000010001011
1111111110011100
1111111110101110
0000000000100001
0000000001110011
0000000001000100
0000000010011010
0000000001011101
0000000000001001
0000000000010111
1111111101110101
1111111110011100
1111111111111110
0000000001010000
1111111111011011
1111111110111101
1111111101111001
1111111101011011
0000000001001010
1111111101110001
0000000001011100
1111111111010110
1111111110101000
0000000001000101
1111111110101001
1111111101101101
0000000000001110
0000000000010111
1111111111101100
0000000001100111
1111111111100001
1111111101010110
1111111101110001
1111111111100101
1111111111000110
1111111110100100
0000000001111101
1111111101110010
1111111110100000
1111111111000110
1111111101101010
0000000010101011
1111111110111000
1111111111000110
0000000000000110
0000000001011101
0000000000111100
0000000010011100
1111111111011001
1111111111001111
1111111110100111
1111111110101110
1111111101111110
0000000000011000
1111111110100000
1111111101110110
0000000000111110
0000000000011011
1111111101101101
0000000001101001
0000000001110010
1111111111101110
1111111101010110
0000000000011001
1111111110000110
1111111110000111
1111111101100110
1111111110011100
0000000000111111
0000000001101110
1111111101101001
0000000000011100
1111111101011100
1111111110010110
0000000000011100
0000000000110010
1111111101100111
1111111110101010
0000000010100001
1111111111000111
0000000000101001
0000000000111101
1111111111110100
0000000001010101
0000000001011100
1111111111011100
1111111101011000
0000000001111000
0000000001000101
1111111110101010
0000000001011001
0000000010000001
0000000000011100
1111111110110011
