0000000000100101
0000000001001111
0000000001110111
1111111111000011
0000000010010011
0000000001111001
0000000001010010
0000000011011011
0000000001101001
0000000010010001
0000000001010011
0000000001111000
1111111101100101
0000000000000100
1111111110110111
0000000010011011
0000000001000101
0000000001110101
0000000010100011
0000000000110001
1111111101110110
1111111110101111
0000000000010001
0000000000010100
0000000001010111
0000000000110011
1111111111001011
1111111111000111
1111111111010110
1111111110101011
0000000000101010
0000000001101000
1111111110001101
1111111110100111
0000000001000001
0000000010000100
1111111110111111
1111111101011111
0000000000011001
1111111110110001
0000000000001010
1111111110101111
1111111111110001
1111111101100101
0000000000100111
1111111111001001
0000000000000010
0000000001100000
0000000000000101
0000000000111000
1111111101100000
0000000001001111
1111111110110101
1111111101101001
1111111101011111
1111111101100011
0000000001001011
0000000010100011
1111111111001010
1111111111010001
0000000010000110
1111111111101011
1111111111001011
1111111111010101
0000000000110000
0000000000000111
0000000010000101
1111111101100111
1111111110010110
1111111101010101
0000000010101100
1111111111101110
0000000000001010
1111111110011000
0000000001100001
0000000000001010
0000000001100100
0000000001000100
1111111101101001
1111111110000101
0000000010010110
0000000001011111
0000000001000000
1111111111111111
0000000001110100
0000000001010100
1111111110110011
0000000000000000
1111111111001111
0000000000101001
1111111111001101
0000000001101011
1111111101110001
0000000000010101
1111111110001111
0000000010001011
1111111110001110
1111111101110101
1111111111010010
0000000001111011
1111111101110000
0000000000000110
0000000001010000
1111111101111010
0000000000000000
0000000000110011
0000000010010011
1111111110111000
1111111101001111
1111111101101110
1111111110001000
0000000000111010
1111111111111001
1111111100111100
1111111110100111
1111111111110110
0000000000111001
1111111110101100
0000000010010000
0000000000011011
