0000000000010110
1111111101010110
1111111110110111
1111111101011001
1111111111100001
0000000000110101
0000000000001011
0000000001100001
1111111110110010
1111111111000111
1111111111110111
1111111101000101
1111111110100101
0000000011000110
0000000010111000
0000000010011111
1111111111010111
1111111110011100
1111111110011001
1111111101100111
1111111111111100
0000000010101010
1111111111110010
0000000000101001
1111111111010100
0000000000010100
1111111110101010
0000000001111001
0000000000110100
1111111111101101
1111111111100110
0000000010011100
1111111101101110
1111111110101000
0000000000001100
1111111111101101
0000000000111101
0000000001101010
1111111110000001
0000000000100111
0000000010100010
0000000001100111
1111111101101111
0000000010101101
0000000010011011
1111111101001011
1111111101101000
1111111101101101
1111111101101111
1111111111000011
1111111101101011
1111111110001101
0000000010100101
1111111111011001
1111111110011101
0000000001010101
1111111110101101
1111111110110111
0000000010001111
0000000000101001
0000000010000011
0000000010110001
0000000010101011
1111111101010111
0000000001010011
0000000010000110
0000000001011011
0000000010001111
0000000010000100
1111111101101110
1111111111111100
0000000010011010
0000000000101101
0000000000000110
1111111101101100
0000000000110111
0000000010011100
0000000001100100
0000000001011010
1111111101100011
1111111111100001
0000000000111110
1111111101100101
0000000010000111
1111111111001011
0000000000110100
1111111110111000
1111111111001011
0000000001100111
0000000010010001
1111111101100101
1111111111011101
0000000010011111
1111111110010111
1111111101111000
1111111110000101
0000000001110000
1111111111101110
1111111101111000
0000000010100011
1111111101001111
0000000000010011
0000000001000010
0000000001001100
1111111110101010
1111111111101111
0000000010110010
0000000001011111
1111111111111100
0000000001001100
1111111111000000
1111111101101100
1111111111011111
1111111111000110
1111111101110000
1111111110101101
1111111101110011
0000000000101011
1111111101111000
0000000001110001
