1111111111110111
0000000001001001
1111111110000101
1111111101011011
0000000001111011
0000000000011011
1111111101010110
0000000010011101
1111111110010110
0000000000011001
0000000001001010
0000000000100011
1111111111110110
0000000010100000
0000000000001001
1111111110110100
0000000001011001
0000000010100001
1111111111010100
0000000000001000
0000000001100111
1111111110010110
1111111101110000
0000000001001010
0000000001000001
0000000001001101
0000000000000000
0000000000001111
0000000001101001
1111111101111111
0000000001101101
0000000010100000
1111111111110001
1111111111101101
0000000000000101
1111111111010100
1111111110111010
0000000000010100
0000000001010010
0000000001101010
1111111110001010
1111111111011110
1111111101110101
0000000000111001
1111111110100101
1111111111011000
1111111110000110
1111111111010100
0000000010010101
1111111111001110
1111111111100001
1111111111000110
0000000010000101
1111111111101010
0000000000101110
0000000001000110
1111111111101110
1111111111101101
1111111101101110
0000000000011111
1111111110000100
0000000001011010
0000000001010101
1111111110001101
0000000010100011
1111111101110001
0000000000010011
0000000010001010
0000000000010100
0000000000010101
0000000001100000
0000000010000111
0000000010000011
1111111101111000
1111111111101000
1111111110111100
0000000001100100
1111111110100111
0000000010110000
0000000010011000
1111111101011111
0000000010011010
0000000000010100
0000000001110100
1111111110101000
1111111111011100
1111111101100001
0000000000100111
1111111111111111
0000000011000101
1111111111111111
0000000001001111
0000000000110110
1111111101111110
1111111111000111
1111111110100101
0000000001011111
1111111101100011
1111111110001010
1111111111010101
1111111111111110
0000000001101100
0000000010001011
0000000010100011
1111111101100001
1111111111101000
0000000001011010
0000000001001100
0000000000001100
1111111111000001
0000000001001010
0000000001011101
1111111110101010
0000000001100010
0000000001100101
0000000001111100
1111111110000111
1111111111101001
0000000001010100
0000000000001000
