1111111101111110
1111111101000101
0000000001000000
0000000010001111
1111111110101110
0000000001010111
1111111110000110
0000000001001100
1111111111110001
1111111111110000
1111111110111111
0000000000111000
1111111111011101
0000000010000100
1111111101100100
1111111111111101
0000000001011100
0000000010011111
0000000000011001
1111111110000110
0000000000110111
1111111110110011
0000000001111100
1111111101111001
0000000000000000
1111111101000111
0000000010010001
0000000001100011
0000000001011100
1111111111111000
1111111111101100
0000000001001111
0000000000101111
1111111111100001
0000000001010100
1111111111011000
1111111111011010
1111111111001011
1111111111111000
0000000010000100
1111111111011001
1111111101110001
0000000010101101
1111111111101000
1111111110010000
1111111110011011
1111111111101111
0000000000011111
1111111101111010
0000000000101000
1111111111110101
1111111101101110
1111111111101000
1111111101000111
1111111110010110
0000000010100111
1111111111010111
1111111101100011
1111111111000101
0000000010010011
0000000010101001
1111111111000011
0000000000100010
1111111101100100
0000000000100000
0000000001001101
0000000000011111
0000000001001010
1111111110101111
1111111111000011
0000000000100011
0000000010011010
1111111101011000
1111111111000010
0000000001101010
0000000000001001
0000000010110010
0000000010011110
0000000010000001
1111111101111010
0000000001000010
0000000010011000
1111111111110010
0000000000110110
0000000011001100
0000000001000110
0000000001110100
0000000001001001
0000000000011101
0000000001000011
0000000000111101
1111111111011111
1111111101101100
0000000000111011
0000000000111111
1111111111111100
1111111111001100
0000000001110101
0000000000111000
1111111101110001
1111111111010101
1111111111000100
1111111110011011
0000000010000100
1111111101011010
0000000010001100
0000000010010111
0000000001001100
0000000010100011
0000000010000110
1111111111001010
0000000001001000
0000000000001001
1111111111101000
0000000001101100
1111111111001110
1111111111111101
1111111110111101
0000000000000001
1111111101110101
