1111111101110000
1111111111100100
1111111101101111
0000000000011111
0000000010101101
1111111110010000
0000000010100100
0000000001011000
0000000001000011
1111111110000111
0000000010001011
1111111110011100
0000000000111001
0000000001011101
1111111101000011
1111111111111110
1111111111101011
0000000000010101
1111111111000101
1111111110001100
1111111101110110
1111111110100111
0000000000010111
0000000001100011
0000000010011000
1111111101110111
0000000000000000
0000000010011010
1111111111000000
1111111101011110
0000000000000000
0000000010101001
1111111111100111
0000000000100101
0000000001010000
0000000001010010
0000000001010011
1111111101100010
0000000000000110
0000000001100011
1111111111110000
0000000001101010
0000000000001001
0000000010000010
1111111111011101
1111111101100011
0000000010101011
1111111111101000
1111111110100111
1111111110111001
0000000001100101
0000000001111101
0000000010110001
0000000000110010
1111111111100000
0000000010010000
1111111111001000
1111111111101100
0000000001101111
0000000000110010
1111111111010011
1111111111101111
0000000000111100
1111111110000011
0000000001110101
1111111101111011
0000000011000011
1111111101011001
1111111111000011
1111111110111111
0000000001101010
0000000001110111
1111111111001100
1111111101101100
1111111111000011
0000000000011100
1111111110100100
0000000001010110
0000000000010001
0000000000110011
1111111111100101
0000000000010110
0000000010001000
1111111111110100
1111111101110101
1111111111001000
0000000011000000
0000000000001110
1111111110100100
1111111110100100
1111111101111111
1111111111110000
1111111101011111
1111111101010011
1111111101111011
0000000010110111
0000000001011101
0000000000001010
0000000010110011
1111111111111011
1111111111000001
1111111110010100
0000000010101111
0000000000000011
1111111110011001
1111111111001110
0000000010001010
0000000001110110
1111111110001100
0000000000001100
0000000001001110
0000000000000110
1111111110011011
0000000000010100
1111111111000001
1111111110001110
0000000001101100
1111111101000010
1111111110000010
1111111110111100
