1111111101110110
0000000010101111
0000000000100100
0000000010010000
1111111100111101
1111111110101110
1111111110100000
0000000001001110
0000000010110101
1111111110010001
0000000010000111
0000000010011011
0000000010011010
0000000010001100
1111111110001000
1111111111111101
0000000010101100
0000000000000010
0000000001111100
0000000010010100
1111111111111110
1111111111110000
0000000010010111
1111111110000000
1111111101101011
1111111101001110
0000000001000011
0000000000011001
0000000001011111
1111111110100011
0000000000001111
1111111111101011
0000000000001100
1111111110101100
1111111101101110
0000000001111001
1111111111111010
0000000001100000
1111111111010001
0000000010000001
1111111111100100
1111111101110101
1111111100101001
0000000001011110
0000000001100101
0000000000100001
0000000001010001
0000000010101001
1111111111011110
1111111110100010
0000000000001001
0000000001101110
0000000000001110
0000000001010100
0000000001011110
1111111101011001
0000000001111111
1111111110110101
1111111111001101
0000000000101011
0000000010010010
0000000010011100
0000000001011000
1111111101011010
1111111110011010
0000000000001001
1111111110111001
1111111111000100
0000000010011101
0000000010011110
0000000001010000
0000000001111110
1111111110111000
1111111110111101
0000000000101101
0000000000000001
1111111110110110
0000000001111010
0000000010100001
0000000010011110
0000000001101001
0000000000000010
1111111111000010
0000000000110010
0000000000100100
1111111100111010
0000000000111001
0000000010111110
0000000011011010
1111111101001001
1111111100011111
0000000010011101
1111111110010111
0000000010010011
0000000000100100
1111111101011100
1111111111111000
1111111111100100
1111111101111001
1111111111101010
0000000000100010
0000000001100000
1111111110100100
1111111101000100
1111111111011001
1111111110100100
1111111110011111
1111111110000010
0000000010000101
0000000001111001
0000000000101101
1111111101000010
1111111110110001
0000000000111101
0000000000111111
0000000001100010
0000000010010111
1111111101111001
1111111111001110
1111111110011101
