0000000000000111
1111111111011011
1111111110000111
1111111110110011
0000000000110011
0000000001100110
1111111101101010
1111111111101011
1111111111111011
1111111111010000
1111111111111010
1111111111101111
0000000000011100
0000000001100111
0000000010101000
1111111101101000
1111111110111110
1111111110101101
0000000000101100
1111111110011011
0000000000110110
1111111101101111
0000000010000111
1111111110011001
1111111110011101
0000000000110100
0000000000001100
0000000000011010
1111111110110110
1111111111001000
0000000000111101
0000000000101001
1111111110011101
1111111101011010
1111111101101011
1111111110100001
0000000010101110
0000000010000101
0000000010010111
0000000010000011
1111111111000111
1111111101011101
0000000001011010
1111111101111111
0000000000100110
0000000010001000
0000000001001010
1111111111000000
0000000001100111
1111111101100100
1111111101100111
1111111111100100
1111111111011000
0000000000101101
0000000010001000
1111111110101111
0000000010101110
1111111110001101
0000000000001000
0000000000111101
0000000000001011
0000000000011100
0000000000000001
1111111111100101
1111111110011111
1111111111000110
1111111101100010
0000000001100010
1111111110010011
1111111101010100
0000000010001001
1111111101101110
1111111101101110
0000000001001101
1111111101101100
0000000001000101
1111111110101010
1111111110001011
0000000001010010
1111111101100011
1111111110000110
1111111111000011
1111111101111110
0000000010000100
1111111111010001
1111111111111011
0000000001011010
0000000000100101
0000000010001010
0000000010001001
1111111101110001
1111111111011000
1111111110001101
1111111111100000
0000000001001001
0000000001001100
0000000001010000
1111111110110110
1111111111100100
1111111110110110
1111111111110100
1111111110010011
1111111110010000
1111111101100101
1111111111101010
0000000000010000
1111111111101000
1111111101100101
1111111110110110
1111111110111000
0000000010001101
0000000010011111
0000000000110110
0000000000010011
0000000010001001
1111111110011000
0000000010100100
1111111111100010
0000000010000001
0000000010000111
