1111111101110101
1111111111011100
1111111111101100
0000000000000111
0000000001100000
0000000010101101
0000000001101000
0000000001101010
0000000010000011
0000000000010000
0000000001011001
1111111111101100
1111111110110110
0000000010000100
0000000000110011
1111111111000000
1111111111100111
1111111111111001
0000000000110001
1111111101100101
1111111110010011
0000000001101011
1111111110000100
1111111111100001
0000000010010001
1111111110110100
0000000010011111
1111111110001100
1111111111000010
0000000001000100
0000000001001101
0000000001000000
1111111111100001
0000000000011001
1111111101110100
1111111111100100
1111111110100010
0000000000001110
1111111110110000
1111111101110111
0000000000010001
1111111110101001
1111111111101011
1111111111011100
1111111101010000
0000000000110100
0000000010110001
1111111110000011
0000000000010101
0000000010000100
0000000010001110
0000000000101001
1111111111010001
1111111110111001
0000000000010111
0000000001111000
0000000010010101
0000000010101001
0000000001011001
0000000010011111
0000000000100010
1111111110000011
0000000001010010
1111111111100010
1111111111010010
1111111111000101
0000000000110110
0000000010000010
0000000010111001
1111111101011111
0000000001101010
0000000001100101
0000000010100011
1111111101110000
0000000000101010
0000000010011100
1111111111000001
1111111110101101
1111111111010100
1111111111111001
0000000000011011
0000000001100100
1111111110001101
0000000010000100
0000000001010010
0000000001010111
1111111110010001
1111111110110001
0000000010010001
0000000010011011
0000000010111110
0000000000110100
0000000001010110
1111111101100110
1111111101110110
1111111101011011
1111111101110011
0000000010010001
1111111110111101
1111111101100001
0000000010001001
0000000010000111
1111111101110100
1111111111000011
1111111110000100
0000000000001101
0000000000111110
0000000010011111
0000000001100001
1111111111111111
0000000000110110
0000000001010111
1111111101001111
1111111110001110
0000000000011000
0000000010011101
1111111110110111
1111111110100111
1111111110111001
0000000001011001
