0000000001111111
1111111110110100
0000000001011101
0000000000000000
1111111110101001
1111111101100101
1111111111110100
0000000000001100
1111111110000011
1111111101100101
0000000001110111
1111111111100001
1111111111000101
0000000001111000
1111111110101111
1111111110001000
1111111111101000
0000000000001101
0000000000000000
1111111101111011
1111111101110000
0000000001010101
1111111110011001
0000000001000011
0000000000001100
0000000000001010
0000000000111101
1111111110101101
0000000001011010
1111111110101101
0000000000100001
0000000000000100
1111111110000000
1111111110101010
1111111111110101
0000000001011011
0000000010000110
1111111110010000
0000000001001011
0000000000110000
1111111111111110
1111111110110101
1111111101110110
1111111110001110
1111111110000110
1111111110100000
1111111111000010
1111111110010000
0000000001110110
0000000001101000
0000000000010011
1111111111011100
1111111110100110
1111111111100111
1111111111101100
0000000001110110
0000000010100111
1111111110001001
1111111111111110
0000000001010000
0000000001011010
1111111110110111
1111111111001111
1111111110100001
1111111110101000
1111111110001000
0000000001110110
1111111110111001
1111111101101110
0000000001101101
1111111111111110
0000000001110110
1111111101111010
1111111111110010
0000000010011000
1111111101111010
0000000000101100
1111111101011101
0000000000010001
1111111111011001
1111111111101010
0000000001101100
1111111101110110
1111111111110000
0000000001111010
1111111110010101
1111111110101011
1111111110001000
1111111111001100
0000000001101111
0000000010100010
0000000001110011
1111111110100000
0000000010010001
0000000000101011
1111111111001011
0000000001111100
0000000001110111
1111111110101100
1111111111000000
1111111110101011
0000000010000001
0000000001110101
0000000001101101
0000000010000000
0000000001110011
0000000001111100
1111111110001001
0000000000010010
1111111110110101
1111111111111000
0000000001100101
1111111110001100
0000000000000010
1111111110100000
1111111111100100
0000000000100110
0000000000100110
0000000010010001
0000000001100000
