0000000000110110
0000000010001001
1111111111000111
0000000001001110
0000000010110000
0000000011111100
1111111111110110
0000000000000011
1111111101100110
0000000011010101
1111111101001100
1111111011101110
1111111101111011
0000000001100000
0000000001011100
1111111111001011
0000000001010001
0000000001110010
1111111101100010
1111111100000111
1111111110101001
1111111101011011
1111111100010111
1111111010010110
1111111011100111
1111111111000010
1111111101100001
1111111100011101
1111111011010101
1111111110100100
0000000011001001
1111111101101111
0000000010001010
0000000001100110
0000000001000110
1111111011100110
0000000010001100
1111111110110011
1111111101001110
0000000001010111
0000000101000111
0000000010000110
1111111111010100
0000000001111100
1111111101000100
0000000010101111
0000000010001010
1111111011111000
1111111110001000
0000000000101011
1111111100100001
1111111010111001
1111111101100111
1111111111110101
1111111111001010
0000000100000111
0000000001111011
0000000101110010
1111111100101110
1111111100101111
1111111011110010
0000000100010100
0000000010111100
0000000011010010
1111111111011100
0000000010100001
0000000010011001
0000000010010100
0000000010100011
0000000010101010
0000000010001101
0000000010011101
0000000011110000
0000000100011101
0000000000001010
1111111101110101
0000000011111011
1111111111111111
0000000010110101
0000000011010010
1111111101110110
0000000011100010
1111111110110110
0000000000101000
