1111111110101101
1111111101111101
1111111110110101
1111111110000011
0000000001101000
1111111101001101
0000000001011111
1111111111000011
1111111110101000
1111111101011111
0000000000100110
1111111110101111
1111111111100000
1111111110000011
1111111101010001
1111111101010101
1111111110100111
0000000001110111
0000000010001101
1111111110011111
1111111101111011
0000000000001110
1111111111101010
0000000010011000
1111111111101000
1111111111101110
0000000010000111
1111111101111100
1111111111111000
1111111110110001
1111111111100001
0000000001101001
1111111110011101
0000000000010111
0000000010011111
0000000011000001
0000000001110101
1111111101111101
1111111110100101
1111111110001010
0000000010101100
0000000000111010
1111111111010100
0000000001111000
0000000010100101
1111111111001011
0000000001001111
1111111101101000
0000000010001010
0000000010110101
1111111110010011
0000000010111010
1111111111001011
0000000001110101
0000000010110100
0000000001011101
0000000001111011
0000000000100100
0000000000001101
1111111110101111
1111111111000011
0000000001110001
0000000010010110
0000000000011010
0000000001001001
1111111110110010
0000000000011111
0000000010000001
0000000010101010
0000000001110100
1111111110001000
0000000001111001
1111111110110010
1111111111101100
0000000010000001
0000000010100100
0000000010011100
0000000000100101
0000000010111001
1111111111000001
0000000010110100
0000000010100101
0000000010001011
0000000010000110
1111111101100110
1111111111010111
1111111110101000
1111111110111000
0000000000110111
1111111110000010
1111111101100110
1111111110111001
1111111111011100
1111111101000111
0000000010110010
0000000000100100
1111111110101101
1111111101011111
1111111111000110
1111111110000011
1111111111000100
0000000000011010
0000000001100000
1111111111011010
0000000000111010
1111111111100010
1111111111010011
0000000001101001
0000000001001111
0000000000001001
1111111111111000
0000000010011000
0000000001001101
1111111111110101
0000000001110100
1111111111110111
1111111101101001
0000000010010000
1111111111011010
0000000000100000
