1111111111111100
0000000010011000
0000000001011111
1111111111001010
0000000001110110
1111111111000010
0000000001111100
0000000011001000
0000000010001100
1111111101111110
1111111101110011
0000000001011110
0000000001001101
1111111111100010
1111111110110110
0000000011010110
1111111110001111
1111111111000000
1111111111111110
1111111111101100
1111111101101011
1111111111100110
1111111111111010
1111111111110010
0000000001101011
0000000010100111
1111111111000101
0000000010110000
1111111110111111
1111111101110011
0000000001000000
0000000001011110
1111111100111110
0000000001111111
0000000001010101
0000000000000110
1111111110010000
1111111111101100
1111111111000100
0000000000000111
1111111110111111
1111111111011100
0000000000100011
0000000001011001
1111111101100010
0000000000001000
1111111110001100
0000000000010010
0000000010001101
1111111110101110
1111111101111000
1111111111100000
0000000001000000
1111111110001101
1111111101000101
1111111111010011
1111111111111100
1111111111100000
1111111111100111
0000000001100011
0000000000110111
0000000001101110
0000000000010100
0000000000001010
0000000010100001
1111111111011001
0000000000110010
1111111101111110
1111111101101001
1111111101111110
1111111111101100
0000000010101111
1111111110101110
1111111110000101
1111111111110100
1111111100111001
1111111101010110
0000000001110000
0000000001101010
0000000001001010
0000000011100101
1111111110000110
0000000010010101
0000000000011110
0000000010100110
1111111111100111
0000000000100101
1111111101011001
1111111101100001
0000000010111000
0000000010001101
1111111110001010
1111111111101001
1111111110111100
0000000010100000
0000000000101101
1111111111111010
1111111110100010
0000000010111100
1111111110011001
1111111111000110
1111111111110111
0000000001110011
0000000001010010
1111111101010101
0000000000100010
1111111111101111
0000000000101011
1111111111110001
1111111101010001
1111111110101001
1111111110111001
1111111111111100
0000000001111000
1111111101111001
0000000001111001
0000000001011001
1111111110101000
0000000001010111
0000000010010101
