0000000001010101
1111111110000101
1111111110011110
1111111110101111
1111111111110111
0000000010001110
1111111111011010
1111111111111000
0000000001100001
1111111101101100
1111111111000101
0000000010001000
0000000001110000
1111111101110111
0000000010011011
1111111110111010
0000000000110011
0000000000110011
1111111110101000
0000000000101110
1111111111011111
1111111110001011
1111111101011001
1111111110011110
1111111110011110
0000000001000110
0000000001001111
0000000000100011
1111111111001010
1111111110100011
0000000010100111
0000000001101100
0000000001110010
1111111111010010
0000000010110011
1111111110100010
1111111111100111
0000000000010010
0000000000001101
0000000001110101
1111111111111101
0000000010101000
0000000010100011
1111111111010100
0000000010011011
1111111111111011
0000000000011000
1111111110010010
0000000010011101
1111111111010101
0000000001010010
0000000001001001
0000000001101011
1111111110111100
1111111110010100
1111111101111111
0000000001001011
0000000000010001
1111111111100010
0000000001110100
1111111110100101
0000000000110000
1111111110011010
0000000001010100
1111111110100101
0000000010000110
1111111110001011
0000000010100001
0000000001110000
0000000000111100
0000000010011100
0000000001001010
1111111110001010
0000000001111000
1111111101011000
1111111101011001
0000000010010110
0000000010101101
1111111111111000
0000000000001110
0000000010101101
0000000010010001
0000000000110110
1111111101100010
1111111111100110
0000000010000000
1111111111110001
1111111111100101
0000000000011100
0000000001001010
0000000010000000
0000000000011000
1111111101011101
0000000010000111
1111111111011110
1111111101011110
1111111101011011
0000000010010011
1111111110110000
1111111111111111
0000000001111100
0000000000110100
0000000001100000
1111111111111110
1111111110011100
1111111110100100
1111111110101100
0000000000001001
1111111101111111
1111111101111111
0000000001100100
0000000000111011
1111111111001101
1111111111101111
0000000010001100
0000000000100011
1111111110000010
1111111101000010
0000000001111100
0000000000000000
