0000000000011011
1111111100110011
0000000001001110
1111111111101001
1111111110101101
1111111110101100
0000000001010100
1111111101010100
0000000000111111
0000000000101100
1111111111100000
0000000001111001
1111111110000011
1111111110010100
1111111110110110
1111111111000101
0000000000110111
1111111110011001
0000000001010110
0000000001000100
0000000000100100
1111111111111110
1111111101110000
1111111111101101
0000000001011010
0000000010011010
0000000000111011
1111111111000001
0000000010001111
0000000001100110
1111111110110001
1111111110000100
1111111110010011
1111111101110111
1111111101111100
0000000001110010
0000000001111111
0000000001101011
0000000010010010
1111111110101101
0000000010010000
0000000001010001
0000000000001100
0000000000101011
0000000011000111
1111111100101101
1111111110001111
1111111111011101
0000000000101110
0000000000110110
0000000010110001
1111111111100000
1111111110111111
0000000000010010
0000000001010000
0000000010000110
1111111111101000
0000000000000010
1111111111100011
1111111110101110
1111111110011011
1111111111101111
1111111101011001
1111111110001101
0000000010100011
0000000010010000
1111111110000101
1111111111110011
0000000010111100
1111111110001110
0000000010101101
1111111110100001
0000000001100110
1111111110000101
1111111110010000
0000000000101110
1111111101110100
0000000010100100
0000000000101001
0000000001011001
0000000000101101
1111111110110000
1111111110011010
1111111110011101
1111111101111011
0000000001000000
0000000000001111
0000000001111110
0000000001110001
0000000010010110
0000000000111110
0000000001101111
0000000001101110
1111111110011110
1111111111100111
0000000000110111
0000000010101111
0000000000011111
0000000001110100
0000000010100110
0000000000011110
0000000010100010
1111111111111000
0000000000011001
1111111110101111
0000000000010011
1111111111011111
1111111111010111
0000000000110110
1111111101010101
0000000000100111
1111111101111100
0000000010110010
1111111110010110
1111111111100001
1111111111110110
0000000001100001
1111111111110000
1111111110010101
0000000010110100
