1111111110000110
1111111010111011
1111111111011110
0000000000010000
1111111100011111
0000000010011011
0000000001000111
0000000001001001
0000000000110010
1111111101010110
0000000010000110
1111111110011010
0000000010110101
1111111111011000
0000000010010011
1111111110101001
0000000100101111
1111111011111110
1111111010011100
0000000000001111
0000000101001000
0000000010111011
1111111111111100
0000000010000101
1111111110001100
0000000010111010
0000000011001010
1111111110011111
1111111100011011
1111111110000100
0000000100101000
1111111101111010
1111111101100111
0000000011011001
1111111110010100
0000000100001000
0000000011011001
0000000001010100
0000000010000000
0000000100111110
1111111101001110
0000000100101011
0000000000110000
0000000010110110
1111111110111001
1111111011001111
1111111011111010
0000000011011111
0000000010010010
1111111111100110
1111111101000000
0000000010000111
0000000000000110
0000000011011011
0000000011101110
1111111101001010
1111111100001010
1111111110000111
0000000010001001
0000000011100101
0000000011001001
0000000100010100
0000000011000010
0000000010110001
1111111101100000
0000000001001111
0000000010000010
0000000001110110
1111111100000010
0000000100010000
1111111110001110
1111111100100111
0000000001101001
1111111101001110
1111111101110110
1111111100001110
1111111110000111
1111111011111111
0000000011111111
1111111110000001
1111111111101011
0000000010001001
0000000000101101
0000000011110011
