1111111111110101
1111111110110001
1111111111001011
1111111110111110
0000000001010111
1111111111010110
1111111111101100
0000000010101000
1111111101010111
1111111101101001
0000000000001110
1111111111000100
1111111101001101
0000000010110000
1111111111100011
1111111111001100
1111111110000110
1111111110001111
1111111111011110
0000000010000000
0000000000111100
1111111111101011
0000000010001010
1111111111010111
0000000000101111
1111111110111000
1111111110011101
1111111111101000
0000000001001011
1111111101011101
1111111111000000
0000000000101111
0000000001111101
1111111111000100
1111111101110110
1111111100111101
0000000001011010
0000000000101111
0000000010011011
0000000001010100
1111111111001101
1111111110101100
0000000000100110
1111111110110110
0000000010100000
0000000001000100
0000000001111011
1111111100110101
0000000010110101
1111111110011001
1111111110000111
1111111111100101
1111111101110001
0000000000000000
1111111110001111
1111111110001010
1111111110101001
0000000000111101
1111111110011010
0000000010001010
1111111111010101
0000000000010011
1111111110000000
1111111101110101
0000000010001110
1111111101011101
1111111111100001
0000000001111100
0000000001001100
0000000010100011
1111111110101000
1111111110111010
1111111110110100
1111111110100011
0000000010110001
1111111111101011
0000000001110011
1111111111101011
0000000001100010
0000000000001111
1111111101110011
1111111101110111
1111111110000000
0000000000011100
0000000000000110
0000000001110110
1111111110100110
0000000001000010
0000000001001101
1111111101101110
0000000010110011
0000000010011100
0000000000011010
1111111110110010
0000000001000010
0000000010001001
0000000001101010
1111111111011100
1111111111001101
1111111111110010
1111111110111011
1111111111011000
1111111110101000
0000000010011111
1111111110011011
1111111100111100
1111111110100111
0000000000101000
0000000001100001
1111111111001110
0000000001111001
0000000010001011
0000000010101110
1111111111010101
0000000001000101
0000000000100100
0000000000100010
0000000000101100
0000000001101100
1111111110101101
