1111111110111110
1111111101011000
1111111110001000
1111111110110111
1111111101111001
1111111111001100
1111111111000101
1111111110111011
0000000001011111
1111111110010100
0000000010011010
0000000010100101
0000000010001111
0000000001001100
1111111101000000
0000000010110110
0000000010100011
1111111111000010
0000000001111111
1111111101110100
0000000001100101
1111111111110100
1111111110110111
0000000000000010
0000000001111001
0000000001101100
1111111111110110
1111111110111000
1111111111010011
1111111111101010
1111111110111000
1111111110000100
1111111110101100
0000000010001000
0000000001111111
0000000001110101
0000000000000000
1111111101101010
1111111111110101
1111111111010010
1111111110100110
1111111101100011
1111111101011011
1111111110000010
1111111111010010
1111111101110000
0000000001101111
1111111110010011
1111111111011100
0000000010101100
0000000001101100
0000000000110111
0000000001101011
1111111110100011
1111111101011100
1111111111011100
1111111110010100
0000000010001000
1111111111110111
0000000000101001
0000000010100000
1111111110010001
0000000001100111
1111111111110110
1111111101101101
0000000000011110
0000000001010011
0000000010100001
0000000010011100
0000000000101000
0000000000111111
0000000010000111
0000000001001010
0000000001001101
1111111110001001
1111111110010011
1111111110110111
0000000001001101
1111111111001001
1111111101100001
0000000000001000
0000000000110001
1111111110000011
0000000001001101
1111111110110111
0000000001000010
0000000010010000
0000000001100011
1111111110001100
0000000010011110
1111111110101101
0000000000011001
1111111101001111
1111111111011011
1111111111111111
1111111101100001
0000000001000100
1111111101000110
0000000001100110
0000000001000010
0000000010001011
1111111111010010
0000000010000110
1111111110100010
0000000000011101
0000000001110110
1111111110111001
0000000000101010
0000000001101111
1111111101101110
1111111110100001
0000000001111111
1111111110010001
1111111111001001
0000000010001001
0000000010110011
1111111101010001
1111111111010101
0000000000110000
1111111110100100
