0000000000111001
1111111111011011
0000000010010111
0000000000001001
0000000001000100
1111111111110101
0000000001110010
1111111110010010
1111111110001101
1111111110011110
1111111111100011
0000000010011001
1111111111010011
0000000000101000
0000000000001111
1111111111110011
0000000001111110
1111111101100100
0000000000101111
0000000000001011
1111111111011110
1111111111011000
0000000010100110
0000000010000010
1111111101001110
1111111110101010
1111111100111110
1111111110101010
0000000010001001
1111111101110110
0000000001110010
1111111110000101
0000000001000101
1111111111110011
1111111111000110
1111111111101100
1111111101111001
0000000000110011
0000000000111011
0000000010100001
1111111110010000
0000000010110010
0000000001000010
1111111111011000
1111111110011000
0000000000111110
0000000000011000
1111111110001111
1111111111100100
0000000011010100
0000000010000110
1111111111000010
0000000010001101
1111111111110111
0000000001001101
0000000010010001
1111111111011100
1111111111000110
1111111111101100
0000000000000011
1111111110011011
1111111111101010
1111111111010111
0000000010001111
0000000001010111
1111111110111011
1111111101001100
0000000000100000
0000000000100111
1111111101010010
0000000010100111
1111111110101110
0000000010101101
1111111101100011
0000000000100111
0000000000010100
0000000000101100
0000000001000110
1111111101011011
1111111110110010
0000000000011111
1111111100101111
1111111111001111
0000000000000100
1111111111101110
1111111111100111
0000000010010010
1111111110010011
1111111101100000
0000000010001010
0000000000110100
0000000001111011
1111111110010101
1111111111000100
0000000001111111
0000000001101111
1111111111110011
1111111110110111
0000000000110100
0000000000010000
1111111110110011
0000000011000000
1111111110101100
1111111110111001
0000000000111111
1111111101101001
1111111111011100
0000000001011111
1111111110000010
0000000000000101
0000000010100001
0000000001111011
1111111111001100
0000000010100000
1111111101011000
0000000010100111
1111111101000001
1111111101100000
1111111101110001
1111111101110110
