0000000000000000
0000000000101111
1111111111010001
1111111101110010
1111111111100101
1111111101100101
1111111111011010
1111111101111110
1111111111110010
0000000010001111
1111111111000011
0000000010011110
1111111111010010
0000000001100101
0000000001011000
1111111110111110
1111111101100100
1111111111111101
1111111101110000
0000000000001001
0000000001000001
1111111101101010
0000000010110010
0000000010110001
0000000000100010
0000000000110010
1111111110110011
1111111111101111
0000000010000110
1111111110111000
0000000000101110
1111111110101110
0000000010101000
0000000001111010
0000000000000001
0000000000000010
0000000010011011
0000000000100100
1111111111111111
0000000000111010
1111111110100011
0000000000100011
0000000000100100
1111111111111011
1111111111001101
0000000010000010
1111111110100000
1111111101100000
0000000010101000
0000000000001001
1111111101110100
1111111111010111
0000000000000000
1111111100111000
0000000000010100
0000000010110100
1111111101010110
1111111110011000
1111111111001011
0000000001111111
1111111110001110
1111111111100000
1111111101111010
0000000010010101
0000000010100111
1111111101110001
0000000010101101
1111111101110101
0000000000110101
0000000000101110
0000000010000100
0000000000000110
0000000000111010
1111111111110100
1111111101000010
1111111111011000
0000000000001100
0000000001100001
0000000000011101
1111111101011010
1111111110001000
0000000000101101
0000000001000000
0000000001011100
0000000001111011
1111111110000101
1111111101000110
0000000001101100
0000000000101100
0000000001111110
1111111101001011
0000000000111100
0000000001100010
1111111111010110
1111111111100000
0000000000010101
0000000010000111
1111111110100111
0000000010010100
0000000001101000
0000000010110000
0000000001100011
0000000010001101
0000000000100001
0000000001101111
0000000000100000
1111111110101001
0000000000000010
0000000000011010
1111111111001010
0000000001010110
1111111110010010
0000000001110100
0000000001100101
0000000001010010
1111111111101010
0000000000111010
0000000010000100
1111111110011001
0000000001011011
