0000000001101111
0000000001010001
1111111101100111
0000000000001001
0000000001000110
0000000001011011
1111111111001111
1111111101011100
1111111110011101
0000000000100001
0000000010000100
0000000010101000
0000000001110010
0000000001111111
0000000001000111
0000000010110001
0000000000000010
0000000000001011
1111111101111100
0000000010000000
0000000000110110
0000000001111001
1111111110010001
0000000010100000
1111111111101010
1111111111100101
0000000000001011
1111111111011100
0000000001001011
1111111111011010
0000000010110000
1111111110010000
0000000010001010
0000000001110011
0000000000010001
0000000010110001
0000000000110001
1111111110011101
0000000000010100
0000000010001000
0000000001100000
1111111111111010
1111111111111001
0000000001111001
0000000000100000
1111111101010000
1111111101010101
1111111110110110
1111111111110001
0000000001011110
1111111111100110
1111111101100001
1111111111010011
1111111110000001
1111111111110000
0000000000011010
1111111110010100
1111111110011010
1111111101100101
0000000001001100
0000000001000010
0000000010001110
0000000001100000
0000000000101011
1111111101110110
1111111101010000
0000000010001110
0000000001001111
0000000000101000
1111111101110100
0000000000011101
1111111111101110
1111111110110011
0000000000111011
0000000000101010
0000000000100001
0000000001111011
1111111110101010
1111111110110100
1111111111100111
0000000001101101
1111111111001101
0000000000000101
1111111110101111
0000000000101010
1111111111111110
1111111111101000
1111111110010011
1111111101101111
0000000010010100
1111111101110001
1111111110000101
1111111111000010
1111111110001111
1111111110011110
0000000001100010
0000000010110100
0000000001011110
0000000001110100
1111111111000011
1111111111011100
0000000011001010
1111111101010110
0000000011000100
1111111110011101
0000000000100101
1111111110110011
1111111111000001
0000000011000111
0000000000101101
0000000000000000
0000000001111000
0000000010100101
1111111111100001
1111111110110100
0000000001110101
1111111110000011
1111111110101001
0000000001101001
1111111101101000
