0000000001010111
0000000001111110
0000000010010001
1111111101011111
0000000010010000
0000000001011000
0000000000111001
0000000001110000
1111111110111010
0000000001100000
1111111110000100
0000000010100101
0000000001110001
1111111110010010
1111111111110001
0000000000101111
1111111101111000
0000000000001011
0000000000111011
0000000000000001
1111111110011000
1111111101101011
0000000001100101
0000000010101111
1111111101110100
1111111110011111
1111111100110011
1111111111000011
0000000010100110
0000000000001000
1111111111101010
0000000000111111
0000000010010010
1111111110001011
0000000001111100
1111111111111110
1111111110101000
1111111110011111
1111111101110010
0000000011000010
0000000000111001
0000000000000111
1111111101101100
0000000001000011
0000000001111000
1111111110100110
0000000000010001
0000000010111101
1111111110101101
0000000010111000
0000000001011001
0000000000101000
0000000010110110
0000000000001010
0000000011010001
1111111110101111
1111111111110011
0000000000101110
0000000010100001
0000000001110110
1111111110011101
0000000000011101
1111111101101010
1111111110101001
0000000010101101
1111111110100010
1111111110101001
1111111101101000
1111111110001101
1111111101101010
0000000010001111
1111111111000010
1111111110011110
0000000001001010
1111111101100001
1111111111000001
1111111110100011
0000000000001100
1111111101010001
0000000001011001
1111111110111001
1111111100111001
1111111111111100
1111111110011111
0000000010111111
1111111110001011
1111111111000111
1111111111000010
1111111100111111
0000000000001110
0000000010111110
0000000001001101
0000000001011101
0000000000101010
0000000010001100
0000000001110011
0000000000101101
0000000000000100
0000000010000010
1111111111010110
1111111100111000
1111111111100011
1111111101101110
0000000010011101
1111111101100110
0000000010110111
0000000000000010
1111111110001100
0000000001111101
1111111110010001
0000000000111110
0000000000101010
0000000001110011
0000000001110001
1111111110111010
1111111111010011
1111111100111111
1111111110001010
1111111110011100
0000000010001001
