1111111101010111
1111111101011100
0000000010001101
1111111101100000
1111111111010101
0000000010110110
1111111110100110
1111111111000111
0000000001000001
1111111110110111
1111111110110001
0000000001101101
0000000010000100
0000000010011000
1111111110100111
0000000010001010
1111111111001000
0000000000000011
0000000000101010
1111111111001101
0000000000100010
1111111101110100
1111111110100100
1111111110001010
1111111110010011
1111111111000101
1111111110000011
1111111110110011
1111111111111000
1111111111100110
1111111101010101
1111111110101001
0000000001001110
0000000000011100
0000000000011100
0000000000111011
0000000001001111
0000000000111101
0000000001000111
1111111111011100
0000000001011111
1111111111110100
0000000001100111
0000000010010101
0000000001010010
0000000001101110
1111111101001100
0000000010100011
1111111110111101
1111111111100001
0000000001001010
1111111110001000
0000000010011001
0000000010001000
1111111110101000
1111111110100010
0000000000010111
0000000010001110
0000000010100000
0000000000100101
0000000000111011
1111111111010000
0000000001000111
1111111110101100
0000000001001100
1111111110011001
0000000001100100
0000000000100110
0000000001010111
1111111110010011
1111111110011111
0000000011001011
1111111101011100
0000000001111101
0000000000110011
1111111111101111
0000000010111100
1111111111110111
0000000010100000
1111111111111111
1111111110100001
0000000001011010
0000000001011101
0000000000100000
1111111101101010
0000000010111010
0000000000001111
1111111111101101
0000000000001010
1111111110101111
1111111111111101
0000000010000110
0000000001101001
0000000000001101
1111111111001011
0000000001010001
0000000000110100
1111111101111000
0000000010000100
1111111101110011
1111111101101000
1111111111111010
0000000000101111
0000000011000110
0000000010111111
1111111101101010
0000000001001110
0000000000000110
0000000000010001
0000000010100011
0000000000000001
0000000010011001
0000000000101100
1111111101011100
0000000000011010
0000000001100011
1111111111000000
0000000011000000
1111111110011011
0000000001010100
