11111111110110010110
00000000000110100100
00000000000100011000
00000000000111011001
11111111111111011001
00000000000101011100
11111111110100100101
11111111110111011011
11111111111111001111
11111111111100010100
11111111111101111111
00000000000111000111
11111111111111111001
00000000000101100011
11111111111100111011
11111111111100011110
00000000001000100011
11111111111101001111
00000000000101001111
00000000001001100001
11111111111100010001
11111111111100000101
00000000000111110101
11111111111011010010
11111111111111100001
11111111110110100101
00000000000100010100
11111111111101010100
11111111110111001001
00000000000100101111
11111111111011011000
00000000001010110011
00000000000101100011
00000000000100111100
00000000000011011111
11111111111011111000
00000000000101110101
11111111111000000101
00000000000000100101
00000000000110000111
00000000001000000100
11111111111100010000
11111111111011010111
11111111111001110001
11111111111011101111
11111111111110001110
11111111111001101110
00000000001000011001
00000000000110000011
11111111111010110111
00000000001001101100
00000000000111011000
00000000000000011011
00000000000100100111
00000000000111111100
11111111110110001111
00000000000011111100
00000000000000011010
11111111110110100110
00000000000100000101
11111111111010110101
00000000000100101101
11111111110111000000
00000000000010011001
11111111110110000010
00000000000101010001
11111111110101001100
00000000001001011100
11111111111000111010
00000000001001101100
11111111111010111100
00000000000011110010
11111111111110000000
11111111111000100111
00000000000110011001
00000000000110111000
00000000001000011011
11111111111010101011
00000000000011111110
00000000001010110010
11111111111100001011
00000000000110100001
11111111111110011111
00000000001000001100
11111111110111101111
11111111111101011111
11111111111100010100
11111111111100010110
11111111111011001000
11111111111011110100
00000000000001000011
11111111111110100000
11111111111000111010
00000000000010001100
00000000000100111100
00000000000000010001
11111111111010011111
00000000000000101101
11111111110101000101
11111111110110010101
00000000000110111101
11111111111101111001
00000000000010110011
00000000000101010110
00000000000101110110
11111111111101011010
00000000000110101000
11111111111100000001
00000000000101101100
11111111110101011010
11111111111001001000
00000000000000001000
11111111111011010010
00000000001000000101
00000000001001001111
11111111110101110000
00000000001001100101
00000000000001111000
00000000000101100010
00000000000101001111
