11111111111101001100
11111111110111011011
00000000000111010111
00000000001011110101
11111111111111100000
11111111110111110000
11111111111111100000
00000000001100100110
00000000001101100100
00000000000100001101
11111111110110100010
11111111110110100000
11111111111110111101
11111111111000000110
11111111110111010110
11111111111001101100
11111111110110011000
11111111111000110100
11111111110100111100
11111111110111001100
11111111111011100011
11111111111000110000
11111111111001010111
00000000000101010100
00000000001011000100
11111111111100111100
00000000000001100011
00000000000011101011
11111111111000111011
00000000001000011001
00000000000011011111
00000000000110001011
00000000000100001010
11111111111010010001
00000000000011011010
00000000000110001000
11111111110111001100
11111111111010101011
11111111110101011000
00000000001010101000
11111111111011011110
11111111111001010101
00000000000110100101
11111111110111010011
00000000000101110010
11111111111001110000
11111111111001010100
11111111111110010011
00000000001100000000
11111111110111011100
00000000000000111010
00000000000101100110
00000000000010001010
11111111111011001111
11111111110101111100
00000000001010001101
11111111111010011110
00000000000000010101
11111111110110010101
11111111110101011011
00000000000110110000
11111111110111011110
00000000000100011110
11111111111010111111
00000000000111010110
00000000000000011000
00000000001010011010
00000000000000001100
00000000000110000111
00000000001010111010
11111111110011101011
11111111111000111011
11111111111111110111
00000000001010101011
00000000001000000111
11111111110011111110
11111111111100010101
00000000001000001100
11111111110101110111
00000000000010010100
00000000000000000000
00000000000001000010
00000000000100000011
00000000001100000010
00000000000010000011
00000000001001010101
00000000000010100010
11111111111001110011
11111111111011100100
00000000000011010011
00000000000011101110
00000000000101010000
11111111110111100011
00000000000111001101
11111111111011001101
00000000001001011100
00000000000100001000
11111111110101100000
11111111110111111001
00000000000100011111
11111111111100111110
00000000000011011000
11111111111000000011
11111111111101000111
00000000000111110100
00000000001000011011
00000000001010111101
00000000000100001111
11111111110010011111
11111111111001111010
11111111111100101100
00000000000101001011
11111111111111111001
11111111111001111011
00000000001100111111
00000000000111100101
11111111111000110001
11111111111011011000
00000000001001000000
00000000001011100101
