00000000000101010101
11111111111000010001
11111111111001111000
11111111111010111010
11111111111111011011
00000000001000111000
11111111111101100111
11111111111111011101
00000000000110000110
11111111110110101111
11111111111100010001
00000000001000100010
00000000000111000010
11111111110111011010
00000000001001101111
11111111111011100111
00000000000011001100
00000000000011001110
11111111111010011110
00000000000010111011
11111111111101111001
11111111111000101100
11111111110101100011
11111111111001110110
11111111111001110110
00000000000100011001
00000000000100111100
00000000000010001101
11111111111100100101
11111111111010001011
00000000001010011100
00000000000110110000
00000000000111001010
11111111111101000111
00000000001011001100
11111111111010000110
11111111111110011010
00000000000001001010
00000000000000110100
00000000000111010110
11111111111111110001
00000000001010100010
00000000001010001100
11111111111101001111
00000000001001101101
11111111111111101010
00000000000001100001
11111111111001000101
00000000001001110110
11111111111101010010
00000000000101001010
00000000000100100100
00000000000110101101
11111111111011101111
11111111111001010000
11111111110111111100
00000000000100101111
00000000000001000110
11111111111110001000
00000000000111010011
11111111111010010011
00000000000011000001
11111111111001101000
00000000000101010011
11111111111010010011
00000000001000011001
11111111111000101011
00000000001010000101
00000000000111000011
00000000000011110000
00000000001001110001
00000000000100101000
11111111111000100110
00000000000111100000
11111111110101011110
11111111110101100100
00000000001001011000
00000000001010110111
11111111111111100000
00000000000000111001
00000000001010110110
00000000001001000100
00000000000011011010
11111111110110000111
11111111111110010111
00000000001000000001
11111111111111000001
11111111111110010100
00000000000001110010
00000000000100101011
00000000001000000001
00000000000001100001
11111111110101110010
00000000001000011111
11111111111101110110
11111111110101111000
11111111110101101011
00000000001001001111
11111111111010111111
11111111111111111010
00000000000111110010
00000000000011010011
00000000000110000011
11111111111111111000
11111111111001101101
11111111111010010000
11111111111010110000
00000000000000100110
11111111110111111010
11111111110111111011
00000000000110010010
00000000000011101101
11111111111100110100
11111111111110111100
00000000001000110000
00000000000010001100
11111111111000000111
11111111110100001000
00000000000111110001
00000000000000000000
