11111111111101000010
00000000001100011000
11111111111111110101
11111111110110111010
11111111111011000100
11111111110110011111
00000000000110010001
11111111110110011001
00000000000100110011
00000000000111010011
11111111111011111110
11111111111011100100
00000000000110001001
00000000001000010000
11111111111110111101
11111111110110000101
00000000001011101101
11111111111111000011
00000000000110010001
00000000000110100100
11111111111010110001
11111111110111101111
11111111110110010110
11111111111110101100
00000000000010111111
00000000001011100110
11111111111110111010
11111111111000101010
00000000000111010000
00000000000111110011
00000000001000000110
00000000000001100010
00000000000011100111
11111111111101011100
11111111111001001011
11111111111101101111
11111111110101101111
11111111111101111110
11111111111110000100
11111111111001000010
11111111111001101110
00000000000100000001
11111111111010010111
11111111111101010111
00000000000010100111
00000000000010101011
11111111111010000001
00000000001000000000
11111111111011111100
00000000000000100010
11111111111110110011
11111111111001011101
00000000001100010110
00000000000011001110
00000000000110110111
11111111111101001110
11111111111010010010
00000000001000010001
11111111111010100010
11111111111111101000
00000000000100111000
11111111111010000110
00000000000101110001
11111111111100101001
11111111111110110110
11111111111010011000
00000000001000001100
00000000000101001110
00000000000010011101
00000000001001101101
11111111110111111001
00000000000001001100
00000000000111101010
00000000000001100111
11111111110110110000
11111111111101010110
00000000000101000100
11111111110100111100
11111111110110000111
11111111110101010001
00000000000001101110
00000000000000011001
11111111111101010000
00000000000110011111
00000000000000001000
00000000001001101000
11111111111110001011
00000000000111101111
00000000000001100000
11111111111101110010
00000000000000100001
00000000000111100101
11111111111110000000
00000000001001010000
00000000000011101111
11111111111100110011
11111111110110110101
11111111111111101111
11111111110111001000
00000000000010101111
11111111111010011000
11111111111101011111
00000000001001001010
00000000000111111011
11111111111011100011
11111111111000000010
00000000000001011110
11111111111011011010
00000000001010011011
11111111110101010010
00000000000011001001
00000000001001000110
11111111111101010001
00000000001000010110
11111111111111011010
11111111110101011111
00000000000101011101
11111111111001011001
00000000000000110010
00000000001010111110
