11111111110101000111
11111111111011000101
00000000000011110110
00000000001100000001
11111111110110011000
11111111111111110010
00000000000101001010
11111111111110100011
00000000001010011000
11111111111111010111
00000000000100100000
11111111110100001000
11111111111110101000
11111111111100000010
11111111111000100011
00000000001000100000
11111111111100011110
00000000000011010010
00000000001100000100
11111111111010010110
11111111111011110001
11111111110101110101
00000000000001100001
11111111111111101101
00000000001010000000
11111111111101001110
11111111111011001101
00000000000110101111
11111111111010011011
11111111110100111100
00000000001001100001
11111111111111000101
00000000000010101011
00000000000110101001
00000000001000100000
11111111111000100011
11111111111110000010
00000000000111000100
00000000000000000000
00000000001101000011
00000000000000010110
11111111110101100100
00000000000011101011
00000000001010100100
11111111111011101111
11111111110011111110
00000000000001110001
00000000000001101111
00000000000111010100
00000000001011011010
00000000000100110100
00000000001001000111
00000000001110010000
11111111111111010001
00000000000001100000
00000000000011100101
11111111111000010010
00000000000111100000
00000000000101001100
11111111110110101111
11111111111100011110
00000000000010100111
00000000000111110010
11111111111110011111
00000000001001110010
00000000000001100111
11111111111111001000
00000000000100111011
11111111111100011111
00000000000001000111
11111111110101000001
11111111111111011111
11111111111110011000
11111111111101111100
11111111111011110101
11111111110110010110
00000000001001101010
00000000000011011110
11111111111100100000
11111111111100110110
11111111110101111001
11111111111101111101
11111111111011100100
00000000001001111000
00000000000010001010
11111111111001111111
00000000000010101101
11111111110101011101
11111111111100010100
00000000000000011010
00000000000110001011
11111111111000111000
11111111111110101111
11111111111001111110
11111111110111010010
00000000001001101011
00000000000011000011
00000000001001000100
11111111111011001110
00000000001001001010
11111111111101111110
11111111111101110111
00000000000101000000
11111111111001110011
00000000000110100000
11111111111101110010
00000000000101001011
11111111111100000010
11111111111000011100
00000000000111100011
00000000000001100101
11111111111000100100
11111111111101000111
00000000000101011110
11111111111110010111
11111111111110100001
00000000000011101010
11111111111010101000
11111111110111101111
11111111111010010001
