00000000000111001010
00000000000000001000
11111111110101010110
11111111110111000111
00000000000011010100
11111111110101001111
11111111111001001001
00000000001000111101
11111111110101100111
11111111111001000110
11111111110110100000
11111111110110001111
00000000000001100101
11111111111101001101
00000000000111000001
00000000000010111011
00000000000100001001
11111111111010111011
11111111111011011001
00000000000110110010
11111111111100001011
00000000000101110010
11111111111110001001
11111111110101100011
00000000000110101011
11111111111100001011
00000000000111110101
00000000000001011110
11111111110111101001
00000000000110100000
11111111111011111101
00000000000111010011
11111111110111110111
11111111110111111111
00000000000111101010
00000000000101111111
11111111111111001101
11111111111111111100
00000000000111010011
11111111111001101111
00000000000001100010
11111111111111110011
11111111110111010011
11111111111111010101
11111111110101011110
00000000000111001100
11111111110111101011
11111111111010010000
11111111111010010100
00000000000100010110
00000000000110100000
11111111111000000000
00000000001001111000
11111111111000011000
11111111111110111100
00000000000000101100
11111111110101101011
11111111111110111010
00000000000111001000
11111111111101000001
11111111111111010100
11111111111100111011
11111111110110111101
00000000000000111101
11111111111011000011
11111111111001101111
00000000000100010100
00000000000110101010
00000000000111001001
11111111110111111011
00000000000011001101
11111111110110100001
00000000001010010101
00000000000001011101
11111111110111010010
11111111111001001001
11111111111001110100
11111111111100100010
11111111111011111101
11111111111011000100
11111111111111000011
00000000000011001110
00000000001001111100
11111111111110000101
00000000000101110011
11111111111111010110
11111111111000001100
00000000000111001100
00000000000100110101
11111111111101101101
11111111111101011010
11111111111011011110
11111111111010100110
11111111110110001110
00000000000110111101
00000000000010000111
11111111111011001011
11111111110111001000
00000000000000011011
00000000000100000011
00000000000001000111
11111111111001010010
11111111111010100000
11111111111100111100
00000000001001100110
00000000000101010000
00000000000111001001
11111111111001101011
11111111110110110101
00000000001000100100
11111111111100001011
00000000000000010010
00000000000101110110
00000000000111001110
00000000001000100011
11111111110101100110
11111111111000000000
00000000000010111101
00000000000111000001
11111111111111111110
