11111111111010100000
11111111110111001011
00000000001001001000
00000000000001011110
11111111110101111011
00000000000101101001
11111111111010000001
00000000000001011110
00000000000101110011
11111111111001010010
11111111111101011100
00000000000110110111
11111111110111110101
00000000000010010110
00000000000010100100
00000000000010111111
11111111110101000100
11111111111010010001
11111111110101000111
00000000000110010000
00000000001000011110
11111111110110001010
00000000000100101011
00000000000000111011
00000000001010011100
11111111110101100100
00000000000111010101
00000000000011010100
11111111111111101001
11111111111011000011
11111111111001001100
11111111110101110101
00000000000111110100
00000000000101000001
11111111111011111110
11111111110110000110
00000000000001111011
00000000000001100101
11111111111011000111
11111111111101101001
11111111110101100000
00000000000101001010
11111111110110011100
11111111111001011011
00000000000110011000
11111111111010100011
00000000000111101110
11111111111011010011
11111111111100000010
11111111111101011011
00000000001000000110
00000000000010000111
11111111111011100100
11111111110101110100
00000000000001010000
11111111111100111111
11111111111011001000
11111111111001010001
11111111111011111011
00000000000000011110
11111111110110010011
00000000001001100101
11111111111110110010
00000000000101101011
00000000001010001111
11111111111001100101
00000000000010111111
11111111111001001001
00000000000110110010
11111111111010101101
00000000000000010001
11111111110110111001
11111111110101001111
00000000000000110001
00000000000001010010
00000000000110000110
00000000000100111010
11111111111010011000
00000000000110011011
11111111111010000001
11111111111110001100
11111111111011000000
11111111110101100010
11111111111101111100
11111111111011100011
11111111111001001111
00000000000011000001
11111111110110000110
11111111111010010011
11111111111001001000
00000000001001100001
11111111111011110000
00000000000110010100
11111111111110110011
11111111110110000011
00000000000111110111
00000000001001110111
00000000000100000010
11111111111111011111
11111111110101001110
11111111111110001000
11111111110101110011
00000000000101110001
00000000000111110001
11111111111101010110
11111111111010010111
00000000000011000011
11111111111000101000
11111111110111001100
00000000001010010011
11111111111100001110
00000000000000010010
00000000000111110101
00000000000000001100
00000000000111010100
11111111111101100001
11111111111001001100
11111111110111100101
11111111110110111000
11111111111000011111
