00000000000010111101
00000000001001101001
11111111111101011110
11111111110110001111
11111111111101101010
11111111110111011101
00000000000111111111
00000000001011100101
00000000000010011100
11111111110110001100
11111111110101110111
00000000001001000110
00000000000100011110
11111111111100101111
11111111111100010101
11111111110011001001
00000000000000011010
00000000000110011001
00000000000111101000
00000000000011010101
00000000001001001000
00000000000110110100
11111111111010111010
00000000001011011000
11111111111110011000
00000000000110011011
11111111110101011110
00000000000000110110
00000000000100101111
11111111111010001001
00000000000011011011
00000000001010011001
00000000001010100110
11111111111010011011
00000000000100000001
00000000000011001100
00000000001000000000
11111111110001111010
00000000000011101101
00000000001010111100
11111111110101111011
00000000001010010000
11111111110101111101
00000000000000110001
11111111111110100101
11111111111110100110
11111111111011010000
00000000000000110110
11111111111010111000
00000000000111101000
00000000001001010010
11111111110110111011
00000000000111000011
00000000001011001111
11111111111000111011
00000000000000000001
11111111111001011111
11111111110110110001
00000000000101000111
00000000000100111101
00000000001001000001
11111111111011100111
11111111111000111011
00000000000110001001
11111111111101110101
11111111111111010101
00000000001100110110
00000000000110110100
11111111111111001100
11111111110101111111
11111111110110110110
11111111110011110110
11111111111001100011
11111111111000001000
11111111111110111100
00000000001000110111
11111111110110101011
00000000000101011001
00000000001000010100
11111111110011111000
11111111111010001011
00000000000101110001
00000000000100110110
11111111110101010100
00000000000001001000
11111111111010010100
00000000000110100110
00000000001000101000
00000000001011100101
00000000000110100111
00000000000100101010
00000000000010000000
00000000001000111000
00000000001010110001
11111111111101000111
11111111111110111011
00000000000110010001
00000000000001110101
11111111111000111110
00000000000110110011
00000000001001000010
11111111111110001101
11111111110100010100
11111111111111011010
11111111111000010000
11111111111001101000
11111111111100100010
00000000000100110100
11111111110101001000
11111111111000110000
00000000000111011111
11111111110100001000
00000000001001001001
00000000000101000100
00000000001010010000
11111111111001100011
00000000001011001110
00000000001001110000
00000000001001011110
00000000000000111011
