11111111110110100101
00000000000000110010
00000000001011100100
00000000001100010100
11111111111001100100
00000000001000110101
00000000000000000101
00000000001001110010
11111111110011100010
00000000001001011100
11111111110111010000
00000000000000101010
00000000000111001111
11111111111101111011
00000000000011000001
00000000000111000100
00000000000001011001
11111111111001100101
11111111111000101010
11111111111000100010
11111111111100100010
00000000001001000001
00000000000101000111
11111111111101011010
11111111111000000010
00000000001001110101
00000000001010000010
11111111111110110100
11111111111000010001
11111111110111010110
11111111111001111101
00000000000001010010
00000000000001111011
00000000001001101100
00000000001100011010
11111111111101101001
11111111111101001100
00000000000100000100
11111111110101101000
00000000000000010110
00000000000010010001
11111111110111011010
11111111111110101100
11111111111111001010
00000000000110100011
00000000000011011100
11111111110111000101
00000000000111010100
00000000000000000001
11111111111000000000
00000000000100010001
00000000001010001101
00000000000001100010
00000000001000100000
00000000000000101010
11111111110011111100
11111111111111111111
11111111111001001000
11111111110111000110
11111111111110111010
00000000000010010000
00000000000100110110
00000000000100101100
11111111111001111100
00000000001010011010
00000000001001100001
11111111111100000011
11111111110101110101
11111111110110011011
11111111110101111100
11111111111011100010
00000000000111100111
00000000000000101110
00000000000011101100
11111111111110110100
00000000000011011100
00000000000000000011
11111111111001000100
11111111111011100100
11111111111101101011
00000000000110110111
00000000000001011010
11111111111110010000
11111111111000011011
00000000000110110101
00000000000000011010
00000000000010100011
11111111110110101100
00000000000011000001
00000000000101100110
00000000001001000000
11111111111010010100
00000000000111001111
11111111111100011010
00000000000000000111
11111111111111010001
11111111110110001111
00000000001100000010
00000000000101101001
11111111111100001000
11111111110101001110
00000000000000110111
11111111111110101011
00000000000000101111
11111111111010101001
11111111110101000001
00000000001000010011
11111111111101110101
11111111111011001010
11111111111100010100
11111111111000100010
00000000000001010011
11111111111010000001
00000000000110101000
00000000001011001000
00000000000000110011
00000000001000110111
11111111110111000010
11111111111111000010
00000000001000010011
