00000000010010011011
00000000010100001010
00000000001101001000
00000000001111111101
00000000001000111001
00000000000000111100
00000000000000011011
00000000000110011011
11111111111001000010
00000000000000011001
11111111111101001110
11111111111100111100
00000000000001111100
11111111111010011011
00000000000100101001
11111111110101010101
00000000000100101111
11111111111000111110
00000000000010001010
11111111111010010100
11111111111001110001
11111111111100111011
11111111111010110110
00000000000000010011
00000000000100000011
11111111110101101101
00000000001011101101
00000000001010111010
00000000001110111010
00000000001001100100
00000000000000111001
00000000000001100101
00000000011011110010
00000000010011110110
00000000011100111101
00000000000100001010
00000000011001001100
00000000100000110110
00000000100110111001
00000000100001101111
00000000001011111001
00000000010010010110
00000000100000000001
00000000011000111110
00000000010110011111
11111111111100010011
00000000001001001100
00000000001010110110
00000000001100001111
00000000001101110100
00000000001010000110
00000000010101010100
00000000010110111111
00000000010011110011
00000000000011111010
00000000010110100101
00000000011010110100
00000000100000100000
00000000010110010011
00000000010111000011
00000000100111011111
00000000011100011100
00000000100111000110
00000000010010011100
00000000011000100010
00000000011010111000
00000000100111010100
00000000100101110110
00000000010110011001
11111111111110011111
00000000011001011101
00000000010101111010
00000000000101101100
00000000000011111000
11111111111011001001
11111111111111011001
00000000000000110000
11111111111000110110
11111111110100100000
11111111111111010000
00000000001001100010
00000000001010000110
00000000000110000111
11111111111000110010
11111111111101111011
11111111111101010000
11111111111011111111
11111111111010011001
11111111110110001000
00000000001110011011
11111111111011001111
00000000000011000010
11111111110011110111
00000000000101100110
00000000000111111101
11111111111011010010
11111111110011011011
00000000001010000101
11111111111110010101
00000000001010111110
00000000001010011111
00000000010010110111
00000000011010111100
00000000100001101100
00000000011101011011
11111111111101110011
00000000001001111111
00000000001100000011
00000000100011010000
00000000011010110101
11111111111111111110
00000000011010111000
00000000001110000111
00000000010101001111
00000000011110011110
11111111111011000110
00000000010000110100
00000000001111010101
00000000000101010110
11111111111111011011
11111111110100001110
00000000000000000000
11111111111011011100
00000000001100001111
11111111111001111001
11111111111101010000
11111111110100010110
11111111111111010101
11111111111111000011
00000000001011111111
00000000000010011101
00000000000111010111
11111111110101000001
11111111111111011111
11111111111011110111
11111111111000101110
00000000000111100010
11111111111000110011
00000000000000011110
11111111110111011000
11111111110111110001
00000000001000001011
11111111110100010101
11111111110100110011
11111111110111100100
00000000000111011100
11111111111010110110
00000000000011000111
11111111111100111100
11111111111010111100
