11111111111111010110
11111111110100001101
11111111111111110001
00000000000010000101
00000000000011010010
11111111111000010111
11111111111101000101
00000000001100001101
00000000001011011110
00000000000010100011
00000000001011011011
00000000001111000010
00000000001111110110
00000000001100110110
00000000000100100010
00000000000101011100
11111111111011111001
11111111110111000011
11111111111011111110
11111111111110011110
00000000000010110111
11111111110011101111
11111111110010000101
11111111111010011011
00000000000010001001
00000000000110100101
11111111111010101100
11111111111100001010
11111111111001001111
11111111111010000101
00000000000001110101
11111111111111110011
00000000000011010000
00000000000010010010
00000000001001010110
11111111111110110011
00000000000001110000
00000000000000100001
00000000001001101000
00000000001000011110
11111111111010001000
00000000000010101000
11111111111011011101
00000000000101110000
00000000000111110001
00000000000000101101
00000000000010000100
11111111111011111110
00000000000001011011
11111111111110101101
00000000000001001111
00000000001000101011
00000000001000011000
00000000000110111101
00000000000001011101
00000000000100100111
00000000000110000001
00000000000010001100
00000000000110111111
11111111111000110100
00000000000110101010
00000000000110010100
11111111111001011110
11111111111111101101
00000000000001101010
11111111111111000111
00000000000001010101
11111111110111101011
11111111111010010100
00000000000010010110
00000000000010000100
11111111111011110010
00000000000100010010
00000000000101000111
00000000000101110011
00000000000011010000
11111111111100011101
11111111111001110100
00000000000100001011
00000000000100011001
00000000000001110010
00000000001000010001
00000000000100000000
00000000000111001100
00000000000000101100
00000000000110000001
00000000000010011100
00000000000010110111
00000000000101100101
00000000000101000011
11111111110111001111
11111111110110011111
11111111110111110001
00000000000100101001
00000000000011001100
00000000000000010100
00000000000101111001
00000000000101010101
00000000000001111000
00000000000100111001
11111111111100111101
11111111111110001110
11111111111100010100
11111111111100110100
00000000000101001111
00000000000000011100
00000000000001100010
00000000000110110111
00000000001100000011
00000000000101111111
11111111111101011001
11111111111100100011
00000000000001010101
11111111111111010000
00000000000000000000
11111111111100101000
11111111111100000101
00000000000111111011
11111111111110111010
11111111111101010101
00000000000001011110
00000000000001101100
00000000000000110110
00000000000010101111
11111111111100001111
00000000000000000000
00000000000000000000
00000000000000000000
00000000000000000000
00000000000000000000
00000000000000000000
00000000000000000000
00000000000000000000
00000000000000000000
00000000000000000000
00000000000000000000
00000000000000000000
00000000000000000000
00000000000000000000
00000000000000000000
00000000000000000000
00000000000000000000
00000000000000000000
00000000000000000000
00000000000000000000
00000000000000000000
00000000000000000000
00000000000000000000
00000000000000000000
00000000000000000000
11111111111101000000
11111111111111011111
00000000000101001110
11111111111111101100
00000000000101011100
00000000000101111011
00000000001011100111
00000000001110000101
00000000000110011001
00000000000110110000
00000000000111011110
00000000001001011110
00000000000101001110
00000000000000101101
00000000001001010110
00000000000101010010
00000000000001101011
11111111111001110101
00000000000001000100
00000000000110101001
11111111110101010001
11111111110111100000
11111111111100000110
11111111111010100011
11111111111110100010
00000000000111000011
11111111111110011100
00000000000100011101
11111111111010111000
00000000000110101110
11111111111111000000
11111111111100000011
00000000000110101100
00000000001001011100
00000000001100010010
11111111111101101111
11111111111110101010
00000000000111110001
00000000000100001010
00000000001000001000
11111111111010001010
11111111111000111000
11111111111110001111
00000000000001110110
00000000000100100111
11111111111101100100
00000000000001001110
11111111111111111000
11111111110101010010
11111111110110000001
00000000001010001011
11111111111111101101
00000000000000001110
00000000000011110010
00000000000101110100
11111111111110011000
11111111111110101010
11111111111011100100
11111111111101111011
11111111111111001001
00000000000110011011
00000000000010000111
00000000000011110101
11111111111000001000
11111111110110110010
11111111111101101001
11111111111111110111
00000000000001100101
11111111111010011011
00000000000011111111
11111111111101000011
11111111111110100000
00000000000010011000
00000000000101010001
00000000000010110111
00000000000001101000
11111111111111110010
11111111111101101111
11111111111010000000
00000000000001000100
00000000001000111101
00000000000011101000
00000000001000010010
00000000000111110110
00000000000000010100
11111111111101101000
11111111111100010110
11111111111111011010
11111111111111010100
11111111111111111100
11111111110110010100
11111111111000000110
11111111110110101111
11111111111011111011
00000000000100010001
00000000000101101010
00000000000000010010
11111111111010100001
11111111111010011111
11111111111100010111
11111111111100110000
00000000000000000100
00000000001011001101
00000000001010001101
00000000000000101010
11111111110111111000
11111111111110100100
00000000001111011111
00000000001100101010
11111111111110110110
00000000000001010010
11111111111101000101
00000000001001011100
00000000001000111100
11111111111011110000
11111111111001011111
00000000000011101011
11111111111101101100
11111111111000101001
11111111110110110111
11111111111111000000
00000000001000110000
00000000000101101000
11111111111110001010
11111111111011010000
00000000000000000000
00000000000000000000
00000000000000000000
00000000000000000000
00000000000000000000
00000000000000000000
00000000000000000000
00000000000000000000
00000000000000000000
00000000000000000000
00000000000000000000
00000000000000000000
00000000000000000000
00000000000000000000
00000000000000000000
00000000000000000000
00000000000000000000
00000000000000000000
00000000000000000000
00000000000000000000
00000000000000000000
00000000000000000000
00000000000000000000
00000000000000000000
00000000000000000000
00000000000101010011
11111111111110110101
11111111111001101001
11111111111100011001
00000000000100010100
11111111111101111011
00000000000000001110
00000000000000101010
11111111111010011100
11111111111010010001
11111111111100110101
11111111111100010011
11111111111111001110
11111111111001101111
11111111111111011101
11111111111101001000
11111111111111001010
11111111111001100110
11111111111111001100
00000000000000110111
00000000000001110000
00000000000000101101
11111111111011001011
11111111111101101100
00000000000001101111
00000000000101010011
00000000000011111100
00000000000110101010
00000000000101100011
00000000001000000001
11111111111011011011
00000000000001000111
00000000000011001011
00000000000101011110
00000000000110000111
11111111111100100100
11111111111101011010
11111111111111010011
11111111111110001111
11111111111011011000
11111111111010010000
00000000000010000001
11111111111111100010
00000000000100011011
00000000000101010001
11111111111110000000
11111111111110100010
00000000000000100110
11111111111011011000
11111111111110001111
00000000000001101011
00000000000001000000
00000000000000111110
11111111111110000101
00000000000101101100
00000000000100111000
00000000000101001001
00000000000100010111
00000000000111011100
11111111111111111100
00000000000011011101
11111111111100111100
00000000000010010101
00000000000011001000
00000000000101101111
11111111111100111100
00000000000010100010
11111111111101111100
00000000000101001100
00000000000000111110
11111111111100111100
00000000000100011110
00000000000001111110
00000000000000110001
00000000000101011010
11111111111110011101
11111111111111010001
00000000000010110001
11111111111101000111
11111111111111001011
11111111111011101001
11111111111001110101
11111111111010101101
00000000000101001110
00000000000000101101
00000000000010000000
00000000000010111001
11111111111100011110
00000000000010100000
00000000000010000010
00000000000000101110
00000000000010100001
11111111111111011100
00000000000001111010
00000000000010011100
11111111111101010101
00000000000010011001
00000000000110110111
00000000000100101010
11111111111010011011
11111111111100011011
00000000000101101000
00000000000011000100
11111111111110100000
00000000000111111101
11111111111101010000
11111111110111110010
11111111111011000000
00000000000101011000
00000000000111100110
11111111111101111100
00000000000010101011
11111111111111111011
00000000000010101110
11111111111100011001
00000000000100011110
00000000000010000100
11111111111110111011
00000000000101000110
00000000000010010101
00000000000001011000
11111111111010000011
11111111111111110011
00000000000000011011
11111111111111101010
00000000000000000000
00000000000000000000
00000000000000000000
00000000000000000000
00000000000000000000
00000000000000000000
00000000000000000000
00000000000000000000
00000000000000000000
00000000000000000000
00000000000000000000
00000000000000000000
00000000000000000000
00000000000000000000
00000000000000000000
00000000000000000000
00000000000000000000
00000000000000000000
00000000000000000000
00000000000000000000
00000000000000000000
00000000000000000000
00000000000000000000
00000000000000000000
00000000000000000000
11111111111101001000
11111111111110110000
11111111111101011001
00000000000000101100
11111111111111011001
00000000000100010100
00000000000011111111
11111111111110110011
00000000000011111111
11111111111111011011
00000000000100000110
11111111111110001101
00000000000010110110
00000000000100010101
11111111111100110010
00000000000000111011
11111111111110110001
11111111111100000111
11111111111111111001
11111111111010000110
00000000000000001000
11111111111001000001
00000000000010100100
00000000000100010110
00000000000010010101
00000000000001010011
00000000000011101011
11111111111011110100
11111111111110001111
11111111111101010011
11111111111111011110
11111111111011001000
00000000000101010100
11111111111110010001
00000000000011111000
11111111111100011010
11111111111011110101
00000000000101000100
00000000000010101110
11111111111101011000
11111111111010100001
11111111111100111011
11111111111101010101
00000000000100110011
11111111111010011100
11111111111100111100
00000000000000000011
11111111111001001001
11111111111101001001
11111111111100010010
11111111111111111110
00000000000100100100
00000000000101101111
11111111111011010001
00000000000011101110
00000000001000010110
11111111111100111000
00000000000000101000
11111111111101110000
11111111111100110010
11111111111101111111
11111111111100000101
11111111111101100011
11111111111000111110
00000000000100111010
00000000000000110011
00000000000010100110
11111111111010100000
11111111111001010101
11111111111110001010
00000000000001111000
00000000000000110111
00000000000101011000
00000000000010010001
11111111111100111000
00000000000110001111
11111111111111010111
11111111111011111111
11111111111011111001
11111111111100010011
00000000000000001000
11111111111011111101
11111111111111110100
11111111111110001110
11111111111001000110
11111111111011000010
11111111111101100001
00000000000010011110
11111111111100010111
11111111111010110100
11111111111001010001
11111111111011001100
11111111111110110000
11111111111011101100
00000000000100000011
00000000000100111001
11111111111011101101
11111111111001101111
11111111111101010011
11111111111100110111
11111111111001001111
11111111111111011100
00000000000000001100
00000000000001101001
00000000000101011000
00000000000101001010
00000000000100010001
11111111111110011000
00000000000010011101
00000000000110011001
11111111111100010001
11111111111101100010
00000000001001010000
00000000000101101110
00000000000010111101
11111111111001101101
11111111111011000100
00000000001000001110
00000000000100110010
11111111111101110101
00000000000010010110
00000000000000110010
00000000000110100010
11111111111101110101
11111111111100000100
00000000000000000000
00000000000000000000
00000000000000000000
00000000000000000000
00000000000000000000
00000000000000000000
00000000000000000000
00000000000000000000
00000000000000000000
00000000000000000000
00000000000000000000
00000000000000000000
00000000000000000000
00000000000000000000
00000000000000000000
00000000000000000000
00000000000000000000
00000000000000000000
00000000000000000000
00000000000000000000
00000000000000000000
00000000000000000000
00000000000000000000
00000000000000000000
00000000000000000000
00000000000100010100
00000000000101101000
11111111111011010010
00000000000100010011
00000000000001110111
11111111111100100000
11111111111101010010
00000000000001001111
00000000000001101110
11111111111101001100
11111111111011001000
11111111111111111110
11111111111100111110
11111111111011101011
00000000000001010010
11111111111110010110
00000000000110111000
11111111111111011000
00000000000011110100
11111111111110110001
11111111111011110010
00000000000001000010
00000000000011101101
11111111111001110001
00000000000001100110
11111111111101111110
11111111111011100001
00000000000110011000
00000000000001000011
00000000000001010111
00000000000110000101
11111111111111110010
00000000000000111010
00000000000001110001
11111111111001111000
00000000000110101010
00000000000110001000
11111111111101010111
11111111111010101101
00000000000110010110
00000000000100000001
00000000000011010010
11111111111010010001
00000000000101101101
00000000000101111001
00000000000011000000
11111111111110001110
00000000000110100111
00000000000011011010
11111111111101100101
11111111111111011101
00000000000000001000
00000000000110111111
00000000000000110011
00000000000000000100
00000000000000100111
00000000000101100000
00000000000001001000
11111111111011111001
00000000000001110000
11111111111010100011
00000000000011001100
00000000000001000010
11111111111111101010
11111111111100100110
11111111111101000000
00000000000110110000
00000000000011011110
00000000000010010011
11111111111010001011
00000000000010000000
11111111111010010111
00000000000101111010
00000000000001101111
00000000000001100111
11111111111101011101
11111111111010000110
00000000000010000101
00000000000101001100
11111111111101000101
11111111111111010100
00000000000001100101
00000000000101010011
11111111111011010010
00000000000110000100
00000000000101111110
00000000000100000101
11111111111011010110
11111111111111000110
00000000000010111101
11111111111100100110
11111111111101011101
11111111111010001101
00000000000001010011
00000000000010010101
00000000000000110011
11111111111110000110
11111111111101000111
11111111111001010001
11111111111111010101
00000000000010100000
00000000000000110000
11111111111010010000
11111111111101110101
11111111111100001011
11111111111010001111
11111111111111111011
11111111111110110110
00000000000110011100
11111111111100001001
00000000000101110101
00000000000100010100
00000000000100010011
11111111111110111111
11111111111100111100
11111111111111111111
00000000000101101101
11111111111110010101
11111111111110001011
00000000000100101001
11111111111010100011
00000000000110011100
00000000000101010111
00000000000101110000
11111111111010011010
00000000000000000000
00000000000000000000
00000000000000000000
00000000000000000000
00000000000000000000
00000000000000000000
00000000000000000000
00000000000000000000
00000000000000000000
00000000000000000000
00000000000000000000
00000000000000000000
00000000000000000000
00000000000000000000
00000000000000000000
00000000000000000000
00000000000000000000
00000000000000000000
00000000000000000000
00000000000000000000
00000000000000000000
00000000000000000000
00000000000000000000
00000000000000000000
00000000000000000000
11111111110101011011
11111111111101101001
00000000001010010000
00000000000001011011
00000000000011101010
00000000001001011100
00000000000100111101
00000000001001001011
00000000001101011110
00000000001111110110
00000000000100000000
00000000000111001111
00000000000011000101
00000000000011001001
00000000001000001011
11111111111100100110
11111111110010101100
11111111110000010010
11111111110111100011
00000000000011111000
00000000000000111001
11111111111100101010
11111111110000111111
11111111110111100110
11111111110111101001
00000000000000110101
00000000000100010011
11111111111110011110
00000000000011001000
00000000001011010111
00000000000000100110
00000000000001101101
00000000000000000000
00000000001011001111
00000000001111111100
11111111110101100110
11111111110111111100
00000000000000100010
00000000000110000000
00000000001001100110
11111111111111010100
11111111111000110011
11111111111101111000
11111111110110000011
11111111111001110011
00000000001000000111
11111111111101011110
11111111111110000100
11111111110110000101
11111111111010100010
00000000000010011001
00000000001011100000
00000000001010011010
00000000000101101111
11111111111001011101
00000000000101010010
00000000000011100001
11111111111101100110
11111111111000001101
11111111111010110100
00000000000001001100
00000000000001100010
00000000000000100001
11111111110111111100
11111111111001011100
00000000000000100100
11111111111010000110
11111111111011101010
11111111111011000100
00000000000011111001
11111111111111000001
11111111111000000010
11111111111011000110
00000000001001101001
00000000000010000010
00000000001000001111
00000000000110011011
00000000000000111100
00000000000111100000
11111111111101101110
00000000001000001001
00000000000001100001
00000000000011101110
00000000000110010000
11111111111101111001
11111111111000001011
11111111111011101001
11111111111111110001
00000000000010101111
11111111111011111101
11111111111000101010
11111111111010011111
11111111110110100010
11111111111111101101
11111111111011000100
00000000000111101111
00000000000010111011
00000000000100110000
00000000000101100010
00000000000010100001
00000000000000110010
00000000000110111111
00000000001001101011
00000000001011000101
00000000000000010110
11111111110110111001
00000000000011110110
00000000001101001000
00000000010000111110
11111111111111111101
11111111111110110011
11111111111000010000
00000000000000010100
11111111111110100000
00000000000010001100
11111111110111011001
11111111111110000100
00000000000101100000
11111111111111011110
11111111111001001110
00000000000100110010
00000000000000101100
00000000000100011100
11111111111001011111
11111111111111000001
00000000000000000000
00000000000000000000
00000000000000000000
00000000000000000000
00000000000000000000
00000000000000000000
00000000000000000000
00000000000000000000
00000000000000000000
00000000000000000000
00000000000000000000
00000000000000000000
00000000000000000000
00000000000000000000
00000000000000000000
00000000000000000000
00000000000000000000
00000000000000000000
00000000000000000000
00000000000000000000
00000000000000000000
00000000000000000000
00000000000000000000
00000000000000000000
00000000000000000000
