11111111110111111111
11111111111001011111
00000000000001000110
00000000001001101011
11111111111010001001
11111111110111001000
11111111111111011110
00000000000111110000
00000000001001010000
11111111111011100110
00000000001001000010
11111111110111100010
11111111111000110010
11111111111111011001
11111111111000000011
00000000000111011001
11111111111100101110
00000000000100111011
11111111110110000101
00000000000010101110
00000000001001100001
00000000001010011001
11111111111011110010
11111111111000111100
11111111111011001111
11111111111101010111
11111111111011101001
00000000000111100011
11111111111100110010
11111111111110010001
00000000000000100100
00000000001001000100
00000000001000010000
00000000001010011100
00000000000011110110
00000000000011100100
11111111111001011111
00000000001010110011
00000000000110010101
11111111111101001100
11111111111111000011
00000000001010100100
11111111110111011111
11111111111000011010
11111111111101011000
00000000000000100101
00000000000100100000
11111111111000100001
00000000000000111101
11111111111111011110
11111111111000111110
00000000001001000101
00000000001000110111
00000000000110000101
11111111111100101100
11111111111110011110
00000000001011101010
11111111111110001111
00000000000001001110
11111111111110111000
00000000000111010011
00000000000001110111
00000000000101001110
11111111111110011000
11111111110111100010
00000000000101011101
00000000000100101111
00000000000100010011
00000000001001011110
00000000000110000001
00000000001000111011
11111111111111011011
00000000000001001001
11111111110101111110
00000000001000110000
11111111110110110110
11111111111011000001
00000000000101100111
11111111111010101010
11111111111111110101
00000000001011011110
11111111111011111111
11111111110101111000
00000000001010111101
11111111110010100111
00000000000111001110
00000000000111111010
11111111110101100011
11111111111010011001
00000000001000111101
00000000000101100100
00000000000100100010
00000000000111111100
11111111111010001111
00000000000100010100
11111111111001110111
11111111110100100001
11111111110101000011
11111111110111101010
11111111110101010100
00000000001011011011
00000000000011100110
11111111111100000001
00000000000010000001
11111111111111001111
00000000001001001010
00000000001010100000
11111111111000001111
00000000000010001110
00000000001000101010
11111111111010111100
00000000000101001111
11111111111111001101
00000000000001011100
00000000000100111110
00000000000111011000
11111111110101111101
00000000000010000001
11111111111011110001
11111111111011011000
