00000000000111111101
11111111110110001110
11111111111010001000
11111111111111000100
11111111111001000100
11111111111101010100
00000000000110111010
11111111111110000000
11111111111100000000
11111111111101011100
11111111111101000011
00000000000001101100
11111111111111100101
00000000000100000100
11111111110110110001
00000000000111111000
11111111111011110011
11111111111110100110
11111111111000011101
00000000000110110101
11111111110110000000
11111111111110111011
00000000001000101100
00000000000011011101
00000000000010000010
00000000001010000101
11111111111111010111
00000000000101101101
00000000000000110011
00000000000110110011
00000000000110000111
00000000000101011010
11111111110110000011
11111111111000010001
00000000000000011110
11111111111000100011
11111111111001011001
11111111110101110010
11111111111001101000
11111111111101101011
11111111111101001101
11111111111110001001
11111111110101010101
11111111111101011011
00000000000011101110
00000000000000000010
11111111111111011100
11111111111001010001
11111111111011010110
11111111111000001010
11111111110110000101
00000000000111111100
00000000000000111000
11111111111000000101
11111111111111111001
11111111111000010011
11111111111101111111
11111111111001111111
00000000001010001011
00000000000110101000
11111111111101100111
00000000000001111000
11111111111000101101
00000000000110101101
11111111110111111101
00000000001001001110
11111111111000110010
00000000000010011110
11111111111110001101
00000000000001101010
00000000001010111110
00000000001000000110
00000000000100110111
11111111111000000111
00000000000000110011
00000000000000011000
11111111110101010010
00000000000100010010
00000000001001011001
11111111111010100111
00000000001000000101
11111111110110111001
11111111111101000110
00000000001000101100
11111111110111000110
00000000000101111111
00000000000011110001
11111111111100010011
11111111111100011010
00000000000011100011
00000000001001011101
00000000000001010110
11111111110111001101
11111111111111100101
11111111111111010010
11111111111011011110
00000000000001101111
11111111111110110111
00000000001000000101
11111111111100010111
00000000001010110101
11111111111110101000
11111111111100000011
00000000000111111100
11111111111101110000
00000000000111011011
00000000000111100101
11111111111101010101
00000000000010100011
00000000000010111011
11111111110100111100
00000000000110000011
11111111111000001101
11111111111110010101
11111111110111011010
00000000000011101010
00000000000100010110
00000000001000000000
00000000001001000101
00000000001001100111
