11111111111010111101
00000000001000101010
11111111111111110110
00000000000001010010
11111111111001000100
11111111111010001001
00000000000111101010
00000000001001010000
11111111111010000001
00000000001001010001
11111111110101001010
11111111110110001110
11111111110111111101
00000000000111101001
00000000000000110110
11111111111111101010
11111111111000001010
11111111110111101011
00000000000000100111
11111111111001001011
11111111111111010101
11111111111101100010
11111111111001111010
11111111111100110110
00000000000110010101
00000000000010110000
00000000001010100110
11111111111011001001
00000000000110101110
11111111111001010001
11111111111010010001
00000000000011000101
11111111110101110100
00000000000001010110
11111111110101111110
11111111111100111001
00000000001010000101
00000000000111011111
11111111110111010101
00000000000100000010
11111111111010101010
00000000000011001001
11111111110101001101
00000000000000000010
11111111111110011101
11111111111011111101
11111111111011110110
11111111110110111010
00000000000000000111
11111111111001100000
11111111110110110011
00000000000001000111
00000000001001110010
11111111111000010111
11111111111111100101
00000000000011000110
00000000000110010000
00000000001001010000
11111111111001101100
11111111111110111010
11111111111101001001
00000000000001110100
00000000001010100010
11111111110111111000
11111111111100110100
11111111111011001001
00000000000101110111
11111111111010011000
11111111111111010111
00000000000110010100
11111111111001110011
11111111110111000111
00000000000011100010
11111111111010100000
00000000000110111010
00000000000111011101
00000000001010011010
11111111110111001100
00000000000100001110
11111111111100001000
00000000000100100111
11111111111011101100
11111111111010010001
11111111110111100111
00000000000010011110
00000000000100111101
11111111111011110100
00000000000001111100
11111111111010001000
11111111111111101000
00000000000111101001
11111111110110100100
00000000001000101111
00000000000001110011
00000000000001100011
00000000000100011100
11111111111100110111
00000000001000001001
11111111111110100011
11111111110111010111
00000000001000111010
00000000000010000100
00000000000111101100
00000000000010101100
00000000000010100100
00000000000001100110
11111111110110000010
00000000001000100100
11111111110101011010
11111111111111011001
00000000001000110000
11111111111111010010
11111111111101011000
00000000001000110001
11111111111000000111
11111111111101011101
11111111111100010001
11111111111011011100
11111111111110010010
11111111110101101101
