11111111111010000111
11111111111110011000
00000000000111101100
11111111101110101010
11111111111100000100
11111111111110100010
11111111111001111101
11111111110111001000
00000000001111111001
11111111101111111101
00000000001011000000
00000000000001000110
00000000010011011010
11111111111100000010
11111111110011100000
11111111111110111101
00000000000111111101
11111111110000011011
11111111111011000111
00000000000110010001
11111111111111101010
00000000001101111000
00000000000110001111
11111111111100100101
00000000001011100000
11111111110001011101
00000000010001010000
11111111110100010100
11111111111001000101
11111111110001000110
11111111101100110110
11111111110110000001
11111111111001111011
11111111111111010011
00000000000111100101
11111111111001100101
11111111101100001010
00000000001010110011
00000000000011011001
00000000001000110011
00000000000010110100
11111111110101001111
11111111110011010001
11111111110010001111
00000000000101001000
00000000001111011100
00000000000111000110
00000000000001111100
11111111111000111101
00000000001001010110
11111111100110100101
00000000001011101110
00000000001010110100
11111111110110011000
11111111111110100010
00000000001001010110
00000000001011100010
00000000001100111011
11111111110000011010
00000000000100010011
00000000001001011000
00000000001000101001
11111111110011110010
00000000000001001001
00000000001101100110
11111111110110101111
00000000000111100001
11111111110110101110
00000000001001010010
00000000000101100111
00000000001010110010
11111111101100001011
00000000001010110110
11111111101101100000
00000000000000010110
00000000011001000110
11111111110111011000
11111111110001111000
11111111111010001101
00000000000000001110
11111111110111100101
11111111110110010110
00000000000011110000
11111111111110001001
