00000000000101110000
00000000000000100110
00000000000111001110
00000000001011101100
11111111111111001010
11111111111000011011
11111111110101001110
00000000001000011110
00000000000010100110
00000000000100100010
11111111111110110000
11111111111000101011
00000000000000001101
00000000000001111111
11111111110111100111
11111111111100100111
11111111111111011001
11111111111001000011
00000000000010100001
00000000000101111010
00000000000000100101
11111111110111001111
11111111110111101010
11111111110110100111
00000000000011001011
00000000000101011001
00000000000010100011
00000000001010111011
11111111111011011111
00000000001001101111
11111111111100101010
11111111111011101111
11111111111010110011
11111111111110111110
11111111110101110101
11111111111001010010
11111111111100110000
00000000001000111011
00000000000000100001
11111111111010110001
00000000000010010010
11111111111001010101
00000000001010000110
11111111111001011101
00000000000001000010
11111111110111101111
00000000000001100101
00000000001010001010
11111111111101010111
00000000000111100110
11111111111010110111
00000000000010101100
11111111111100001001
00000000000111111010
11111111110011110111
11111111110110000010
00000000001000100100
00000000000110111010
00000000000001110110
00000000001011011011
00000000001000111111
11111111111011011010
00000000000100001101
00000000000100100110
00000000000110000110
00000000000011001011
00000000000011110010
11111111111101101001
11111111111011011101
11111111111111110000
11111111111010110111
11111111111110111100
00000000000110010010
11111111111001101110
00000000000010111101
11111111111101000101
11111111111100100111
11111111111000101110
11111111111100001100
00000000001001010101
11111111111000110001
00000000000010010101
11111111111001101010
11111111110101100010
11111111110100000100
00000000000100000110
11111111111111011001
00000000001011011011
00000000000110111001
00000000000111100000
00000000001001111001
11111111110111101000
11111111111100010100
11111111111010111010
00000000000111110100
11111111111000000100
11111111111001010011
11111111111110011010
00000000000101000110
11111111111110110111
00000000001010010010
00000000000011011101
00000000000011000000
11111111110110011110
00000000000011111101
11111111111110011000
11111111111010001010
00000000000101100110
00000000001000111011
11111111111111000110
00000000000101011001
11111111111011000011
00000000000100000010
11111111111110110100
00000000001001000000
00000000000110000010
00000000001100111111
11111111111011001001
11111111111011001111
11111111111000100000
