00000000000001100001
11111111110110110100
00000000000010001100
00000000000011100110
00000000000100001100
00000000000111111000
00000000000111101110
11111111111111100101
11111111111101000010
00000000001000001110
00000000000101100001
00000000001000000011
00000000000001110010
11111111111000010101
11111111110100010110
00000000000011101011
00000000001000111111
00000000001010001101
00000000001100011010
11111111111010010100
00000000000101110011
11111111111010011011
11111111111010010111
11111111111100011111
00000000001001100111
00000000000111101001
11111111111110010001
00000000000101001101
00000000000001011111
11111111111011110100
11111111111000010110
11111111110111110000
11111111110101111010
00000000001010011101
00000000000001000110
00000000000000111000
11111111110110001100
11111111110110001000
00000000000101011011
00000000000011011101
00000000001000010110
00000000000001001111
11111111111110010110
00000000000100000100
00000000001001101010
11111111111111111011
00000000000110110011
11111111110101110100
11111111111010111111
00000000000100111110
00000000000000000000
11111111111000000110
11111111111101001010
00000000000101111110
11111111110110101000
11111111111101111100
00000000001011100000
11111111110111100100
11111111111111111100
11111111111101101010
11111111110110110110
00000000000101100100
11111111111101000001
11111111110111011011
11111111111011011001
00000000001010111001
00000000000010111011
11111111111000111001
11111111111101011110
11111111111000011110
11111111111110111101
11111111111100110110
11111111111111000100
11111111111001000101
11111111111100000001
11111111111101101011
00000000000011001100
00000000000001010000
11111111111111111101
00000000001001011001
00000000000010000000
00000000001100000110
00000000000011000101
00000000001000100101
11111111111000111010
00000000000111001100
00000000001000111010
00000000001000010110
11111111111110010011
00000000000110101100
00000000000101011011
11111111111111111101
00000000000001010001
11111111111101001001
00000000000111101110
11111111110111011001
00000000000100010000
11111111111011100100
11111111111101101000
00000000000100000100
00000000001001000100
00000000000111011100
00000000000100001100
00000000000010010010
00000000000110000001
00000000000100001000
11111111110011111110
00000000001000110110
00000000000111110010
00000000001001101111
11111111111011111000
11111111111010011000
11111111111000101111
11111111111101101110
00000000001000001111
00000000000101111001
00000000000110001110
11111111111001001101
11111111111011111110
11111111111011001011
