00000000001011111110
00000000001000100001
11111111110101010011
00000000001000000011
00000000001010110100
00000000000010111111
11111111111101010110
00000000000011001111
11111111111000100001
00000000000000110110
11111111111011110011
11111111111011001110
11111111111100100000
11111111110011111010
11111111111100111011
00000000000011110010
00000000001000011011
11111111111100100101
00000000000011110011
11111111111101011011
11111111110101101011
00000000000101111100
00000000001000000101
00000000000001011100
00000000001000111100
00000000000101101000
11111111111001011010
11111111111011000111
00000000000011110110
11111111110110010111
00000000000100001101
11111111110110101010
00000000000001100111
00000000001000011111
11111111110101111101
00000000000111000010
00000000001001001100
11111111111001000010
00000000001000000101
00000000001100001011
11111111110111001111
11111111110111000010
11111111111100100111
00000000000111101100
00000000000010010011
11111111111011011000
00000000001011001001
00000000000111100001
11111111111110011100
11111111111011111011
00000000000101101111
00000000001100001110
11111111111101000011
00000000000011111001
11111111110110010110
11111111110101010000
00000000001000000010
00000000001010011000
00000000000010101000
11111111110101010101
00000000000111010111
11111111111000101000
11111111111001000101
11111111110101111111
00000000000011000110
00000000001001100010
11111111111100011010
11111111111111011110
00000000001001001001
11111111111110110010
00000000001000110010
00000000000001001000
00000000000101101110
11111111111110100000
11111111111010100100
00000000000001000011
00000000000110000001
00000000000111101111
00000000001000001001
00000000000001011111
11111111111000011001
11111111110111110010
00000000000001011011
11111111111101001110
00000000000001110000
11111111110100111101
11111111111111101101
00000000000001101100
00000000001101010100
11111111110111100100
11111111111010001101
11111111111100011100
00000000000011101110
11111111111101100100
11111111111011000011
11111111111100111100
00000000001000001111
00000000000001010010
11111111110110010111
00000000000110110000
00000000001001010011
11111111111100011111
11111111111101100001
11111111110101110000
11111111111111010011
00000000000101010111
00000000001100100001
11111111111001010111
11111111110100110100
00000000000011110000
11111111110110100110
00000000000010000010
00000000000110110010
00000000000001000001
11111111111000110100
00000000001001111010
11111111111100110011
11111111111101110000
11111111110111011100
00000000001001010000
