11111111111100101010
00000000000111001100
11111111111001111111
11111111111101011011
11111111110111000100
11111111111001110111
11111111111100011101
11111111110100011010
11111111110100111101
11111111110111101001
11111111110101110110
11111111111000101111
11111111110110110010
11111111110101110001
11111111111100100111
11111111110100100101
11111111111011010111
00000000000001010111
11111111111000010111
11111111111101100111
00000000001000010100
11111111110111001000
00000000001011011101
11111111111111111001
00000000000101010011
00000000000110110111
11111111111010000011
00000000000110010100
00000000000010101100
11111111111101110010
00000000000011110001
11111111110101000011
00000000000101011111
00000000000100100000
00000000000101000011
11111111111001001010
11111111111101001100
00000000000011000110
00000000000111011111
00000000001010100101
00000000001000011101
00000000001001000100
00000000000100010110
00000000000101111001
11111111110110100100
11111111111100000011
11111111110101010111
11111111111100011010
00000000000001010110
00000000001100000100
00000000000101001001
00000000000110011100
11111111110101111101
00000000001010111011
00000000000111001010
00000000000000111000
11111111111001010010
11111111111000101001
00000000001011110010
11111111111100100101
11111111111100010111
00000000001100001010
11111111110101011101
11111111111010011011
11111111110110010111
11111111111001011010
00000000000101000110
11111111111111011010
00000000000100011001
11111111111101010010
00000000000111011101
00000000001000101101
11111111110111110001
00000000000000110101
00000000000101011010
11111111111111100000
00000000000111001110
11111111111000101110
00000000000000000010
11111111110111110000
11111111111110111001
11111111111000111100
11111111111111011110
00000000000000001010
00000000000111001111
00000000001011011110
11111111111100001101
11111111111101011101
11111111111100011000
00000000000000100010
00000000000010100100
11111111110101001111
00000000001001110111
11111111111011000010
11111111111001001101
11111111111001001001
00000000001011011001
00000000000111001001
00000000001000000000
00000000000110011100
00000000000000110101
00000000000111000001
00000000001001101010
00000000000001110101
11111111111011011110
11111111111000110001
00000000000100100000
00000000001000011011
00000000001100011001
00000000000010100001
00000000000111011111
00000000000110011110
11111111111100101110
00000000000111100000
11111111110111010101
11111111111111011110
11111111110111011110
11111111111000001000
11111111111100001011
11111111111001101100
