00000000000010001001
11111111111100011100
00000000000011101111
11111111111010000101
00000000000100100011
11111111111010111010
00000000000000110101
00000000000000001011
00000000000001010001
11111111110101010010
11111111111011110001
11111111111100011110
00000000000111101000
00000000001010101110
11111111111001101010
11111111111011111101
00000000000111110001
11111111111001001011
11111111111110001110
11111111111000101110
11111111111001110111
00000000000010100110
00000000000110111011
11111111111110101110
11111111111101101001
00000000000111111010
11111111111110011101
11111111111001001110
00000000000111011100
11111111110110011110
11111111111000101010
11111111111001100001
00000000000100011010
00000000000110010100
00000000000101101111
00000000000011100110
11111111111000000001
00000000001010001101
11111111111101100011
00000000000110111110
00000000000010111101
00000000000000100001
00000000001000010110
11111111111001110000
00000000000011000101
00000000000011011101
00000000000001010110
11111111110101011001
11111111110101010000
00000000000111011001
11111111111111001101
11111111111111010010
11111111110111011011
00000000001001000001
11111111111101101111
00000000000101101000
11111111111111010111
11111111111100000010
00000000001010010000
00000000000011000010
11111111111011100101
11111111111010000000
00000000001000000110
11111111110111101010
11111111111111000010
11111111110110011110
11111111111111011001
11111111111101100110
11111111110100011111
11111111111000011010
00000000001001111000
11111111111001010011
00000000001001011101
00000000000011001000
00000000000111100010
00000000000101011010
11111111110110101011
11111111111111111000
11111111111101100101
00000000001010000001
11111111111100011000
00000000000100110110
11111111111001100010
00000000000110010011
00000000000011000001
11111111110110011100
11111111111110111110
00000000000110010101
00000000000010100101
00000000000100010110
11111111111101100101
00000000000000010111
11111111111101111101
11111111111111111011
00000000000111110101
11111111111111100011
00000000001001010000
00000000000011111111
00000000000000000110
11111111110111100111
00000000001001000000
11111111110111011110
11111111111111000011
11111111110110010110
00000000001000101110
11111111111110010011
00000000001011111101
11111111111100101001
11111111111111100001
00000000000011001100
11111111111011001001
11111111111001010100
11111111110110000000
00000000001000001111
00000000000010110111
11111111111101001001
00000000000110110001
00000000000000111000
11111111111011110101
00000000000010010011
