00000000001000001100
11111111111101100101
00000000001000101010
00000000000101000010
00000000000010101001
11111111110110010111
11111111111100011010
11111111111000011000
11111111111001110010
11111111110110010000
11111111111011010010
11111111111000101010
11111111111101000110
11111111110111001101
11111111111110011100
11111111111110000010
00000000000101100101
11111111111010101000
00000000001000001100
00000000000111011000
11111111111001110100
00000000000100101000
00000000001010010010
00000000000111011111
00000000000101011010
11111111111010000010
11111111111110101001
00000000000011010000
00000000000101101100
11111111111000010011
00000000000001010010
00000000001010010001
00000000000101000101
11111111110111111100
00000000001010010011
11111111110101111000
00000000000010100010
11111111110100111000
00000000000111111010
00000000000110001101
11111111110110011101
11111111110101010110
00000000000111011000
00000000000111110100
00000000000000000001
11111111111111000100
00000000001100111011
11111111111100101011
11111111111100100111
11111111111100000101
11111111110111100011
00000000000101000000
00000000000110001000
00000000000110010011
11111111111110101010
00000000001100001110
11111111111000111110
11111111110111011000
00000000000001010100
00000000000100111010
11111111111010110100
00000000000111000101
00000000001000011011
11111111110110011001
00000000001011111011
00000000000101001010
00000000001001101001
00000000000000000110
00000000001001111111
11111111110111010001
11111111111001111010
11111111110110101100
00000000001001101000
00000000001000000000
11111111111000011110
00000000001000010111
11111111111000011000
00000000001001111001
11111111110111100011
11111111111111001001
00000000000011100110
11111111111110001100
11111111111110001110
00000000000011010101
00000000001000000111
11111111111011011000
11111111110110010010
11111111110111110000
11111111111101111001
11111111111010101110
11111111110111000011
00000000001000100111
00000000001000010110
00000000000110001011
00000000000100101100
11111111111001000011
00000000000001011110
00000000001010110110
00000000000010011101
11111111111101000011
00000000000011000111
00000000000001011010
11111111111000110111
11111111111011110000
11111111111100111010
00000000001001111000
11111111111011000011
11111111111111100001
00000000000111010110
00000000001011001000
11111111110101001000
11111111111101000000
11111111111111111000
11111111111101110010
11111111111111110000
00000000001001111000
00000000000011000011
00000000000011100000
11111111111111010011
00000000000000101101
