00000000000001001001
00000000000101101110
11111111110100000111
00000000000010010011
00000000000011101111
11111111110110100010
11111111111000000000
00000000001001110001
00000000001000010011
11111111111110101000
11111111111111011110
11111111111001110011
00000000000110001111
00000000000110010100
11111111111011011100
11111111111011011110
00000000000011000101
00000000000011010001
11111111111111111000
00000000001001111000
11111111111110101110
11111111111111110101
00000000000010110111
11111111111111010011
11111111111101001011
11111111111101010100
00000000001000100110
00000000001010100011
00000000000001101000
00000000000111000110
00000000000100000111
11111111111111110010
00000000000001101101
11111111111001111110
11111111110111101001
11111111111110111011
00000000001001010100
00000000000111001110
00000000000101100110
00000000001101100010
11111111111000101011
00000000000101110010
11111111111001010111
00000000000101110000
00000000001001101110
00000000000011100111
11111111110110100101
11111111110101101010
00000000000000001000
00000000000100011001
11111111111110001111
11111111111011101111
00000000000011000011
11111111111111001101
00000000000111100011
00000000000100011000
00000000000001101100
00000000000010111000
11111111111000110001
00000000001001010100
11111111111010001100
11111111111010000111
00000000000111010110
11111111111001011111
00000000000100011110
00000000001001101100
00000000000111100100
11111111110111100001
11111111111011101110
00000000001010111101
00000000000100100000
00000000000011000001
11111111111010010100
11111111110101111100
00000000000111011000
11111111110101100111
11111111111111010100
11111111111111110101
11111111111100001010
00000000000101100101
00000000000110111001
00000000000110111010
11111111110110101100
00000000000000110010
00000000000101000101
11111111111001010011
11111111110110011011
11111111111010000100
11111111110101001010
11111111110110111010
00000000000000110000
11111111111000101010
11111111111000110111
00000000000000100010
00000000000010011110
00000000000101100101
00000000000000101101
11111111111000011101
11111111111010001000
00000000001001111110
11111111110101100110
00000000000010101000
11111111111111000100
00000000000001001111
00000000000100000100
11111111110110001110
00000000001001011000
00000000000001110100
11111111110110110010
11111111111111111000
00000000001010111000
11111111111111010101
00000000000011001101
00000000001011010110
11111111111000011101
00000000001000001010
00000000001001010110
00000000000111000011
00000000000111001111
11111111111000000001
