00000000000110101000
00000000000000001011
00000000000110000111
11111111110101110100
00000000000000001001
11111111111001010010
00000000001000101101
00000000000001011101
11111111111100101010
11111111111100000011
11111111111011100110
11111111111010010111
11111111111100000010
00000000001010110101
00000000000011101010
11111111111110100001
11111111110110100000
11111111110111010100
00000000000010100001
00000000000111001001
00000000000110110100
11111111110111010110
00000000000110011000
11111111111110100000
11111111111100111000
00000000000011110000
11111111110101011101
00000000001001001011
00000000000001101011
00000000000011001110
11111111111000011111
11111111111011011000
11111111111011011111
11111111110100001011
00000000000000101100
00000000001010100000
11111111111010111100
00000000001000101011
11111111110101100111
00000000000110001110
00000000000011110100
11111111110110000010
00000000000111011010
00000000001001100001
11111111111111111000
11111111111111100111
00000000001010100101
00000000001010100001
00000000000100101111
00000000001000000010
00000000001011011010
00000000000101111000
00000000000101001101
00000000001001111111
00000000000101101011
00000000000101111011
00000000000001110101
00000000001010110001
11111111110110000111
00000000001100010000
11111111111011110010
11111111110111011110
11111111111110000111
00000000001010111100
00000000000100110001
00000000001011101001
00000000001001010100
00000000001000010000
11111111111101010100
00000000000000111001
11111111111111010101
00000000000111011100
11111111110101100001
00000000000010001010
00000000000111110010
11111111111011101101
00000000000110000000
11111111111110101000
00000000001010101001
00000000000001111111
11111111111111010110
11111111111000010111
00000000000001110000
00000000001101000011
00000000001001101000
11111111111001011000
11111111110101110000
00000000001010110110
11111111110111000000
11111111111011100011
11111111110111100110
00000000000101001000
11111111111110010101
11111111111011111001
00000000000001110000
00000000000001011110
11111111111000001100
00000000000111111000
00000000001010000010
00000000000111101100
00000000001010101101
00000000001000101111
00000000000011000100
00000000000001001100
11111111110111100111
00000000001010100011
00000000001010001111
00000000000100100010
11111111110101010111
11111111111000100010
00000000000100011101
00000000000100000100
11111111111111100101
11111111111100111110
11111111111111000011
11111111111110000101
00000000000011000010
11111111111111110010
11111111110111111111
00000000000010101000
