11111111111011011111
00000000001100100010
11111111111110111010
00000000000011110011
00000000000000000001
00000000001001010111
00000000000111010101
11111111110111001111
11111111111110001101
11111111111100001011
11111111111111000011
11111111111101000101
00000000000101000011
11111111111111010100
00000000001011111110
00000000000101010101
11111111111001010111
11111111110101110110
11111111110111100100
00000000001100010000
00000000000000000010
00000000001010111011
00000000001010111010
00000000001010001111
00000000000011010010
11111111111000111101
11111111110111100100
11111111111011100101
00000000000000011100
00000000000101001001
11111111110101111110
00000000000100110110
11111111110111100000
00000000001001111000
00000000000110001110
11111111111100101110
11111111111011111111
00000000000110000001
11111111110111101100
00000000001001101000
11111111111001001100
11111111111011100001
00000000000011010111
00000000001001001101
11111111111011001101
11111111111010011101
11111111111111110000
11111111111000100111
00000000000010101011
00000000000011010010
00000000000011011101
11111111111110010001
11111111110110011110
11111111111101101011
00000000001010011101
00000000000101110100
11111111111010001100
00000000000101011011
11111111110110011001
11111111110111111111
00000000000011110100
00000000001001100011
11111111111100111011
00000000000101111110
11111111111101011001
11111111111010100110
00000000001001011101
00000000000100010001
00000000000101011101
11111111111001101001
11111111111010100110
00000000000000000001
00000000000100011100
00000000000101001111
00000000000001011011
11111111110110111110
11111111111110111001
00000000000111011011
00000000001001010010
11111111111001000011
11111111111010011100
00000000000111111101
00000000001001100111
00000000000001001100
11111111111111111110
00000000001101001110
11111111111101111111
00000000000011010001
11111111111110101000
00000000001000011011
00000000000000011010
00000000001100001101
11111111110100011111
11111111111111101101
11111111111011111110
11111111110101100000
11111111111010001100
00000000000011001100
00000000000000010110
00000000000111011001
00000000000110101111
11111111110100111101
00000000001011011001
00000000000000001010
11111111111010111001
00000000000110111110
11111111111011010011
00000000000010000011
11111111111000001100
11111111111101011001
11111111111111010010
00000000000111111110
11111111110101001010
11111111111100101000
11111111111101011011
00000000001000110010
11111111111001000010
00000000001001000100
00000000001000101001
00000000000000011011
