00000000001001101011
11111111101011010100
11111111111000010000
11111111111100100110
00000000001110010011
00000000000010000000
11111111111100000101
11111111100111101100
11111111111101011110
11111111110110111010
11111111101011011110
00000000001001111100
00000000000011010011
11111111111100001100
00000000001001101111
11111111110110100010
00000000001111100100
00000000010010111111
00000000000010101100
11111111101001111000
11111111111110111111
11111111110010101111
00000000001101101011
11111111110100111000
00000000000001010000
00000000001111010001
00000000001010110011
00000000000011111101
00000000000101101010
00000000001101001100
11111111101101111111
00000000000000000111
11111111111001100111
11111111101110111110
00000000001011001000
00000000000010010101
11111111111011111010
00000000000111100111
11111111110010110111
00000000000110101111
11111111110110010100
00000000010100000111
00000000000111010111
11111111111111101110
00000000001101001011
11111111110111010101
00000000000010010111
11111111110111000100
11111111110001101111
11111111111011010110
11111111101101110111
00000000000100010111
00000000001110101101
00000000001001100110
11111111111101100001
11111111110001010101
11111111110000001000
11111111110010110011
11111111111010000000
00000000000100101000
11111111111001001001
00000000000000101110
00000000001010001010
00000000001101101101
11111111110110011110
11111111111101101110
11111111110000010100
00000000001101001101
00000000001001100001
00000000001000110110
00000000000000010000
00000000001011001000
00000000010001011110
00000000000011001000
00000000001110011011
11111111110101001101
00000000000101100001
11111111100111111111
00000000001010100110
00000000000111011100
00000000000010001010
00000000010010001101
11111111111111011100
00000000001010000001
