11111111110101010001
00000000000010001010
00000000000011100000
00000000000011001011
00000000000101010101
00000000001010011110
00000000001100011001
00000000000101110010
00000000001000010001
00000000000000100100
00000000000100000010
00000000000110111010
00000000000100010110
11111111111000011001
11111111110110010010
00000000001000110110
11111111111000000110
11111111111001010010
11111111110101001000
11111111111010000000
11111111110111011100
00000000000111111101
11111111111010110101
11111111110011100110
00000000000100001110
11111111110101100000
11111111111011111001
11111111111000100001
11111111111001000110
11111111111001100101
00000000000011011100
11111111111011101100
00000000000010010100
11111111111111100111
00000000001001000001
00000000000011111011
00000000000111000010
00000000000000010101
11111111111111001101
11111111111111011011
11111111110111000110
11111111110101001101
11111111111110000000
00000000000111011110
00000000000011011011
00000000000111100010
11111111110111010001
00000000001000101000
11111111111100100011
00000000000110001001
11111111110100110110
00000000000111111010
00000000000000111111
11111111111100100001
00000000000000100011
00000000000000001100
00000000000101000011
11111111111001101001
11111111111000101001
00000000000110111000
11111111111111100000
11111111110101110110
00000000001100011100
00000000001001101000
11111111110111001010
11111111110100110010
00000000001000011100
11111111110101000110
11111111111100100111
11111111111110010001
11111111110101011101
00000000001001101111
00000000000110110010
00000000001010001010
00000000000011101111
11111111110100100101
00000000000111101110
00000000000001011011
11111111110111010010
00000000001010111001
11111111110110001001
11111111110111110000
00000000000001111010
11111111110110100010
00000000000011011100
00000000000110111011
00000000001010000110
11111111110011001000
11111111111110111100
00000000000001110010
11111111111000010100
11111111110110010100
00000000000111000111
00000000000110011111
11111111111010011011
00000000000001110011
11111111111010000101
00000000000010101101
00000000001000001110
00000000001001011110
11111111111111100100
11111111110111100001
00000000001001011111
00000000000010100011
11111111111011100011
00000000001010000000
00000000000101101011
00000000000000111101
00000000000010101001
11111111111010010001
00000000000011100011
11111111111111101011
00000000001000111100
00000000001000000010
11111111111101101110
00000000001000100111
00000000000111000100
00000000000001000010
11111111111000010100
00000000001010110001
