11111111111111010100
11111111111011000010
11111111111100101100
11111111111011110111
00000000000101011101
11111111111101010110
11111111111110101111
00000000001010100011
11111111110101011100
11111111110110100010
00000000000000111010
11111111111100010000
11111111110100110001
00000000001011000010
11111111111110001100
11111111111100110000
11111111111000010111
11111111111000111001
11111111111101110110
00000000001000000011
00000000000011110000
11111111111110101001
00000000001000101010
11111111111101011100
00000000000010111110
11111111111011011111
11111111111001110001
11111111111110011111
00000000000100101110
11111111110101110001
11111111111100000000
00000000000010111100
00000000000111110101
11111111111100001110
11111111110111010110
11111111110011110011
00000000000101101011
00000000000010111111
00000000001001101101
00000000000101010011
11111111111100110010
11111111111010101111
00000000000010011001
11111111111011010110
00000000001010000001
00000000000100010011
00000000000111101100
11111111110011010100
00000000001011010111
11111111111001100010
11111111111000011100
11111111111110010010
11111111110111000001
00000000000000000011
11111111111000111010
11111111111000100101
11111111111010100010
00000000000011110100
11111111111001101000
00000000001000101010
11111111111101010011
00000000000001001101
11111111110111111111
11111111110111010010
00000000001000111011
11111111110101110100
11111111111110000010
00000000000111110001
00000000000100110001
00000000001010001110
11111111111010011110
11111111111011100111
11111111111011001101
11111111111010001100
00000000001011000111
11111111111110101011
00000000000111001101
11111111111110101100
00000000000110001000
00000000000000111111
11111111110111001100
11111111110111011010
11111111111000000000
00000000000001110010
00000000000000011011
00000000000111011001
11111111111010010101
00000000000100001011
00000000000100110111
11111111110110110101
00000000001011001100
00000000001001110000
00000000000001101010
11111111111011000111
00000000000100001001
00000000001000100101
00000000000110101000
11111111111101110000
11111111111100110001
11111111111111000101
11111111111011101001
11111111111101100000
11111111111010011111
00000000001001111110
11111111111001101010
11111111110011101110
11111111111010011001
00000000000010100010
00000000000110000111
11111111111100110110
00000000000111100100
00000000001000101111
00000000001010111011
11111111111101010001
00000000000100010110
00000000000010010001
00000000000010001011
00000000000010110010
00000000000110110011
11111111111010110011
