00000000000111011101
11111111111010110101
11111111110111100100
00000000000100111010
00000000001010001111
11111111110011110000
00000000000010001011
00000000001001111000
00000000000010110111
11111111111101101001
00000000000110011110
11111111111001011100
00000000001000100000
00000000000110100010
00000000000011001010
11111111110011101100
11111111111110010001
00000000000011101110
11111111110111110000
11111111111111011110
11111111111000010111
00000000001000001100
11111111111101000010
11111111110100101001
11111111111000000110
11111111111000110101
11111111111000100110
00000000001010100101
11111111110111110100
11111111111110101011
11111111111010000100
11111111111011101111
11111111110111110010
00000000000001101000
00000000000100110101
11111111111010100011
00000000000011100001
00000000000111000110
00000000000000110111
11111111110111100111
00000000000000010001
11111111111010110111
11111111111001011000
11111111111111001110
11111111111111100101
00000000001000101110
00000000000110111011
00000000000010000111
11111111110100000011
00000000000101001011
00000000000100110111
11111111110111010110
11111111111101011100
00000000000010010111
11111111110101000011
00000000001000110111
11111111111110100100
00000000000101000011
00000000001001100101
00000000000000101000
00000000000011000010
00000000000101000110
00000000001000101101
00000000000100000000
00000000001001101011
11111111110101100011
11111111110101010000
11111111110111001011
11111111111100111001
00000000000001000000
00000000000101110000
11111111111101010011
00000000000101011101
00000000000010111100
11111111110111010111
00000000000001111101
11111111111001000010
00000000000000010101
00000000000110001011
00000000001011001010
11111111110111000100
11111111111101110000
11111111111101011011
11111111111101100110
00000000000101000010
11111111110111101111
00000000000001011011
11111111111001010110
00000000001101101111
11111111110101001111
11111111111110100001
00000000000001000010
11111111111100101001
00000000001001001011
11111111111110110001
11111111111111011001
00000000001011001101
11111111110111101011
11111111111011010100
00000000000001100110
11111111111110010100
00000000000100010101
00000000000000101010
00000000001000000011
00000000000000110100
11111111111100000110
00000000000010000100
00000000001001111110
00000000001011100110
11111111111100000001
00000000000000101111
11111111110111101001
11111111111101110100
11111111111111010000
00000000000000001010
00000000000000101001
00000000000011111110
11111111111011111111
00000000000010110001
00000000000001010000
