00000000010001111101
00000000000010110110
11111111101011111000
11111111101101110100
00000000000010110000
11111111110110001111
00000000000011111001
11111111101111111100
11111111110001101101
11111111101111100110
00000000001111101000
11111111101100001001
00000000010010101000
00000000000011110100
00000000001000000001
11111111110111110110
11111111111001101000
00000000010011000100
11111111101011001011
00000000000101011000
11111111111110101010
11111111101100010110
11111111110011011110
11111111111110010101
11111111111001100001
11111111110000101010
00000000001110001010
00000000000110011101
00000000010010100111
11111111110000110010
11111111110100101110
00000000010010001101
11111111111011010100
11111111110110110011
11111111111010110001
00000000000110101101
00000000001010111110
11111111111110110110
11111111111011101000
00000000000010111100
00000000001111000010
11111111111011001000
11111111111000011001
11111111101010000010
00000000001101011110
00000000001010100011
11111111110000110100
11111111110010010100
11111111110101011101
00000000000000101011
00000000001000010000
11111111111110000101
00000000000110101010
00000000001100100001
11111111110111011001
11111111111111101111
11111111111000010000
11111111110110010111
11111111110111111101
11111111111111000111
11111111110110001101
00000000000011001000
11111111101110001011
00000000001011101011
11111111111111011111
00000000001001010100
00000000001010111100
11111111111101110101
00000000001010011001
11111111110010011111
00000000000000000110
11111111111011011011
00000000000001100111
00000000000011010001
11111111111110110101
00000000001111111010
00000000001101101110
00000000000111011110
11111111111101101010
11111111110100110101
11111111111100001100
00000000000100101001
00000000000100011100
00000000001001001100
