00000000000011011101
00000000001000110100
00000000000100110010
00000000001010100101
00000000000101001001
00000000000111010111
00000000001010000100
00000000000100000011
11111111110111001111
11111111111110111000
11111111111111000101
00000000001011001010
00000000000100000100
11111111111001110000
11111111111111101000
00000000000011010011
11111111110011101110
11111111111101101001
00000000001100100001
00000000001010010001
00000000000000110000
11111111111011011100
00000000000011000110
00000000000111110001
00000000000010011000
00000000000100011011
00000000000010100101
11111111110111001011
00000000001010001101
11111111111110001111
11111111111011010000
00000000000001111110
00000000000001001100
11111111111100111111
11111111110100110101
00000000000101010010
00000000000101101001
00000000001000000011
11111111111000110000
00000000000111100110
11111111111101011110
11111111111000101000
00000000001001111001
11111111111001110001
11111111111101100011
11111111111100000101
11111111111100010001
00000000000010001111
00000000001011011101
00000000001010001000
11111111111101001011
00000000000001000011
11111111111100111100
00000000001001110000
11111111111001011011
00000000001001100101
00000000001010000000
00000000001010000011
00000000000000111001
11111111111110001011
11111111110011000010
11111111111100000111
00000000001010010000
00000000000000101001
11111111110101101101
11111111110110101001
11111111111001100010
00000000000110100010
00000000000100111111
11111111111001100000
00000000001010011011
00000000000011001011
00000000000010001111
11111111110110010010
11111111110011101000
00000000000000101110
11111111111111100101
11111111110110000110
00000000000110011000
00000000001001011101
00000000000110000011
11111111110011111101
11111111111111000111
11111111111001010101
11111111111001111000
00000000000101010101
11111111110101111110
11111111110100011011
11111111110101111001
11111111111101011111
00000000001000011111
11111111110100000001
00000000001001100111
00000000000001100111
00000000000110001110
11111111111111001000
11111111111001110100
00000000000011101001
00000000001001010101
00000000000000100011
11111111111001001000
11111111111011111001
00000000000000110011
00000000001010000000
00000000000000100001
11111111111011100010
00000000001001101110
11111111110110001011
00000000000111110011
11111111111100011010
00000000000111000011
11111111110101110000
11111111111001011101
00000000000000000100
00000000000110101111
00000000000111101111
11111111111100110110
11111111111001010000
00000000000110110101
00000000000111111011
