11111111111111101101
11111111111100101100
00000000000011100011
11111111111110010000
00000000000101011010
11111111111000110101
00000000000000001010
00000000000000111110
00000000000010101010
00000000000001011110
11111111111100000001
11111111111101110100
00000000000100010000
11111111111110011001
00000000000000000011
11111111111101001000
00000000000100101011
11111111111101001111
11111111111000110110
00000000000100001111
00000000000101111110
00000000000110010100
00000000000101101001
11111111111010011001
00000000000100000100
11111111111010111011
11111111111100100111
11111111111001111001
11111111111011110001
11111111111111010100
00000000000010001101
11111111111001100001
00000000000001100001
11111111111001100111
11111111111010001100
11111111111010011110
00000000000000100100
11111111111101001011
00000000000110011001
00000000000110000000
00000000000000001111
00000000000010111110
00000000000000101011
00000000001000110011
00000000000111011011
11111111111011110010
11111111111000101001
11111111110111000000
11111111111111000001
00000000000100101011
00000000000100100101
11111111111010010011
00000000000011110100
11111111111101110001
00000000000101011010
00000000000101101011
00000000000011111001
00000000000001101101
11111111111010000000
00000000000011110101
11111111111100111110
00000000000010101110
00000000000001100000
00000000000110000110
11111111111010010000
11111111111100001100
11111111111010111110
00000000000100001111
11111111111100001000
00000000000110000001
11111111111011010110
11111111111101010110
11111111111101110010
11111111111010011000
00000000000110010011
00000000000110001110
00000000000100001001
11111111111011000101
11111111111100111000
11111111111111010010
11111111111111101110
11111111111010001100
00000000000011101010
00000000000101110111
11111111111110100001
00000000000101000100
11111111111101001100
11111111111111110010
00000000000001100000
11111111111111100111
00000000000100110101
11111111111111101001
00000000000001110000
11111111111110100001
00000000000011000001
00000000000011110111
00000000000011001011
00000000000010110011
00000000000011111010
00000000000000001110
11111111111101100110
11111111111010100001
11111111111001100101
11111111111101110000
00000000000010010010
00000000000110100001
00000000000010001001
00000000000101111011
00000000000110001110
00000000000110110101
00000000000100110011
11111111111010101100
11111111111110111001
00000000000110011010
00000000000011010011
00000000000101000111
00000000000101011000
00000000000000100000
11111111111111100101
11111111111100100000
11111111111110110011
00000000000010100000
11111111111100010000
00000000000110100000
11111111111110100100
00000000000000000000
00000000000000000000
00000000000000000000
00000000000000000000
00000000000000000000
00000000000000000000
00000000000000000000
00000000000000000000
00000000000000000000
00000000000000000000
00000000000000000000
00000000000000000000
00000000000000000000
00000000000000000000
00000000000000000000
00000000000000000000
00000000000000000000
00000000000000000000
00000000000000000000
00000000000000000000
00000000000000000000
00000000000000000000
00000000000000000000
00000000000000000000
00000000000000000000
00000000000011110111
00000000001011111011
00000000000111110011
11111111111101101110
11111111111100100110
00000000001001000110
00000000001011011000
11111111110111111100
11111111110000101111
00000000000010101010
00000000001111010001
00000000001000011010
11111111110101001011
11111111110111010010
11111111111111011110
00000000001010100010
00000000000001101100
11111111111010101110
11111111110100001110
11111111111011000011
00000000000100110100
00000000000011010000
11111111111001000000
00000000000001010010
00000000000001010011
00000000000111010000
11111111111101001110
00000000000101000011
00000000000100010101
11111111111100100100
00000000001011010101
00000000000111010000
00000000001001011100
00000000001100101100
00000000001001111101
00000000000111010110
00000000001010111000
00000000000100111110
00000000000111011000
00000000001000111110
11111111111010101110
11111111110010101110
11111111101111011101
11111111111100101110
00000000000010101011
11111111110101110010
11111111111100110110
11111111110001001000
11111111111011110101
11111111111010010000
11111111111011110100
00000000000101011011
11111111111001101100
00000000000000010011
11111111111110001101
11111111111100110011
00000000000011100001
00000000000001011010
11111111111010001001
11111111111110010010
00000000000100001101
00000000000100111100
11111111111111000100
11111111111111010110
00000000000101101111
11111111111011001110
11111111111101111011
00000000000001100111
00000000000000000100
11111111111010011010
11111111111111101001
00000000000000010100
11111111111111001101
11111111111010100111
11111111111110011011
00000000000001000001
00000000000110100100
00000000000011101010
11111111111010111010
11111111111111010001
00000000000011010100
00000000000100100110
00000000000100011001
11111111111001100111
11111111110110100011
00000000001110010000
00000000000110111101
00000000000011010010
11111111111101011001
11111111111100110001
00000000001000111011
00000000000011011010
00000000000111110110
11111111111010011100
11111111111001010011
11111111111010000110
11111111110111101110
11111111111011011101
00000000000000001001
11111111111111100001
00000000000010011000
11111111111101011110
00000000000111111001
00000000001000000000
11111111111010011001
00000000000100000011
00000000001000100011
00000000001010001101
00000000001001000000
11111111111100111000
11111111111101100010
11111111111101110000
11111111111111001010
00000000000110100000
11111111111011100011
11111111111101101101
11111111111100101010
11111111111000010000
00000000000011001100
11111111111011101111
11111111111111100111
00000000000011111110
11111111111011101000
11111111111010000011
00000000000001111010
00000000000000000000
00000000000000000000
00000000000000000000
00000000000000000000
00000000000000000000
00000000000000000000
00000000000000000000
00000000000000000000
00000000000000000000
00000000000000000000
00000000000000000000
00000000000000000000
00000000000000000000
00000000000000000000
00000000000000000000
00000000000000000000
00000000000000000000
00000000000000000000
00000000000000000000
00000000000000000000
00000000000000000000
00000000000000000000
00000000000000000000
00000000000000000000
00000000000000000000
11111111110101100011
00000000000101101110
00000000001101111111
00000000000010001101
11111111110101101110
00000000000011110110
00000000010010011001
00000000001110010001
11111111110101011000
11111111110110001011
11111111111101011001
00000000010010001010
00000000000001100010
11111111110110101110
11111111111001000010
00000000000101111000
00000000001000001100
11111111111011100000
11111111101110111110
11111111111001000010
00000000000110011010
00000000000000111110
00000000000010001001
11111111111110101010
11111111111010110100
11111111111111110111
00000000000111111100
00000000001000000100
00000000000010100010
11111111111001011001
00000000000011000001
00000000001000101101
00000000010000010110
00000000010000011111
00000000001010011011
00000000000100000110
00000000001101001001
00000000001100100010
00000000001011100101
00000000000111110110
00000000000100000010
11111111110100111101
11111111101111110111
11111111111000101001
11111111110101110100
11111111111000011111
11111111110111100010
11111111110110010000
11111111101111010110
11111111111111011001
11111111111100101100
11111111111100000001
11111111111010001100
00000000000101001000
11111111111001111101
11111111111110110001
00000000000000011111
11111111111010101000
00000000000000011011
11111111111111001000
11111111111011110111
11111111111011001010
00000000000011101100
11111111111011000010
11111111111110000001
00000000000110000100
11111111111101000110
00000000000110011101
11111111111010011111
11111111111101000110
11111111111010110001
00000000000100010010
11111111111011000000
11111111111010101100
11111111111011110110
11111111110111010000
11111111111010010001
00000000001001110000
00000000000100110011
11111111110101100001
00000000000110100110
00000000001100111010
00000000000010100110
11111111110111101010
11111111111010110111
00000000000001010100
00000000001111110001
11111111111111011010
00000000000001011101
11111111110111010110
00000000000110100101
00000000000110001001
00000000001001001001
00000000000001010010
00000000000001111101
11111111111110011111
00000000000101111101
00000000000011000000
00000000000111100011
11111111111110110010
11111111111111101001
00000000000001011011
00000000001100101100
00000000000111011111
11111111111110011100
11111111111000110011
11111111111111000110
00000000000010110001
00000000001101110110
00000000000110001010
11111111110110011111
11111111111101101111
00000000000110100001
00000000001001101111
11111111111100110111
00000000000110111110
00000000000010011010
11111111111100011010
11111111111011111000
00000000000001110010
00000000001000111000
00000000000001110111
00000000000001001000
11111111111100010100
00000000000011011001
00000000000000000000
00000000000000000000
00000000000000000000
00000000000000000000
00000000000000000000
00000000000000000000
00000000000000000000
00000000000000000000
00000000000000000000
00000000000000000000
00000000000000000000
00000000000000000000
00000000000000000000
00000000000000000000
00000000000000000000
00000000000000000000
00000000000000000000
00000000000000000000
00000000000000000000
00000000000000000000
00000000000000000000
00000000000000000000
00000000000000000000
00000000000000000000
00000000000000000000
00000000000001001110
00000000000111110110
00000000000101001110
00000000000110000110
00000000000100000000
00000000000000000101
00000000000110100111
00000000000100011100
11111111111010110010
11111111111111111101
11111111111110111001
11111111111011101110
11111111111011010110
11111111111001111000
00000000000011101000
00000000000010011101
11111111111100001111
11111111111100001111
00000000000000101101
11111111111110001110
00000000000010001110
00000000000001101101
00000000000001101011
11111111111101000101
00000000000010000110
00000000000101001111
11111111111011010101
11111111111100110001
11111111111001001100
11111111111001100011
11111111111011000000
00000000000010001110
11111111111101101110
00000000000100110101
00000000000011010000
11111111111001000111
00000000000010001010
00000000000101011011
11111111111110000011
11111111111011001101
11111111111100111001
11111111111001110001
11111111111010011100
11111111111001101101
00000000000100001111
11111111111001101011
11111111111101010101
11111111111110111110
00000000000010010101
11111111111111100001
00000000000000101101
11111111111011110011
11111111111011000101
11111111111111111111
00000000000100111101
11111111111110010111
00000000000011000110
11111111111001110001
11111111111001110101
11111111111110111101
00000000000110011110
00000000000011011110
00000000000100111010
00000000000101001100
00000000000001001111
11111111111010111000
11111111111101010011
00000000000001101010
11111111111110100111
11111111111011110000
00000000000011001010
00000000000100101110
00000000000000010001
00000000000100110110
11111111111111111111
00000000000010000010
00000000000010010011
11111111111001011010
11111111111010001101
11111111111111100101
00000000000000011001
00000000000011101101
11111111111011110000
11111111111011110100
11111111111011010111
11111111111110110101
00000000000100100010
11111111111011111100
00000000000000111101
00000000000000101010
11111111111100101100
11111111111011010000
00000000000001000011
11111111111001111011
00000000000011001001
11111111111101010010
00000000000101100001
11111111111011101011
11111111111001101010
00000000000100011000
00000000000100010000
00000000000110101111
11111111111100110101
11111111111001011100
00000000000000001000
11111111111111011000
11111111111100001111
11111111111110011011
00000000000011100010
11111111111100110001
00000000000100111110
11111111111001000101
00000000000000100101
11111111111001010011
00000000000000100101
11111111111010000001
11111111111101111101
11111111111001001111
11111111111110110010
11111111111111101011
00000000000101000101
00000000000000111011
11111111111010110101
00000000000011101011
00000000000100011010
00000000000000000000
00000000000000000000
00000000000000000000
00000000000000000000
00000000000000000000
00000000000000000000
00000000000000000000
00000000000000000000
00000000000000000000
00000000000000000000
00000000000000000000
00000000000000000000
00000000000000000000
00000000000000000000
00000000000000000000
00000000000000000000
00000000000000000000
00000000000000000000
00000000000000000000
00000000000000000000
00000000000000000000
00000000000000000000
00000000000000000000
00000000000000000000
00000000000000000000
00000000000001000101
00000000001001011011
00000000001000010001
00000000000000100100
11111111111101011001
11111111111100110101
00000000001001001001
11111111111100001010
00000000000000000100
11111111111110111100
00000000001100001111
00000000001110010101
11111111111000000100
11111111110011000100
00000000000110111100
00000000000100101011
00000000000110010111
11111111110111000001
11111111110100001110
11111111111100111001
00000000000100110111
00000000000100000011
00000000000000001010
11111111111110110111
00000000000010111000
11111111111011111001
00000000000001111011
00000000000101110001
11111111111001000011
11111111110111011011
00000000001000011101
00000000000100101101
00000000001011110000
11111111111110001001
11111111111111000111
00000000001010010100
00000000001101000000
00000000001001000001
00000000001001001101
00000000001011001001
00000000000001101101
11111111111100101011
00000000000000010000
11111111111010100111
11111111111101001111
11111111110100101101
11111111110010001010
11111111110010010001
11111111111111001000
00000000000001001101
00000000000110010010
00000000000110000011
11111111111100111000
11111111111010010011
00000000000100000001
11111111111100001010
00000000000100110111
11111111111100011001
11111111111111111000
11111111111011011100
11111111111001010110
11111111111101100111
11111111111010110000
00000000000011011011
00000000000110001001
00000000000001100010
11111111111011111000
11111111111101101011
00000000000011111000
11111111111001100110
11111111111111101111
00000000000010011111
00000000000001111000
11111111111010111110
00000000000101010011
00000000000001001011
00000000000101001110
00000000000010010001
00000000000100000101
00000000000011101100
00000000000010011000
11111111111110100001
11111111111101100110
11111111111100000011
11111111111010000110
00000000000111110111
00000000001000011000
00000000000001011010
11111111111101111010
11111111111110011100
00000000001001001100
11111111111110001111
00000000000010000010
11111111111011100001
11111111111111110011
00000000001000110110
11111111111110011000
11111111111100110000
11111111111100100011
00000000000100000011
00000000000011100001
00000000000011101110
00000000001001011010
00000000000010101101
00000000000011000111
00000000000001011100
00000000001001011110
00000000000000010111
00000000000000001110
11111111111010111000
11111111111011001111
00000000001000111101
11111111111111101110
00000000000000001001
00000000000111010011
11111111111000010100
11111111111100111010
11111111111001100111
00000000000110100000
00000000000000011100
11111111111111001100
00000000000011010011
11111111110111010110
11111111111000001110
00000000000100000111
00000000000000000000
00000000000000000000
00000000000000000000
00000000000000000000
00000000000000000000
00000000000000000000
00000000000000000000
00000000000000000000
00000000000000000000
00000000000000000000
00000000000000000000
00000000000000000000
00000000000000000000
00000000000000000000
00000000000000000000
00000000000000000000
00000000000000000000
00000000000000000000
00000000000000000000
00000000000000000000
00000000000000000000
00000000000000000000
00000000000000000000
00000000000000000000
00000000000000000000
00000000000000010011
00000000000101001011
00000000000100111001
00000000000101110110
11111111111100100101
00000000000101010110
00000000000001101011
11111111111111000010
00000000000001010011
00000000000011001011
00000000000011110110
11111111111011000100
11111111111100111010
00000000000011111010
11111111111011000010
00000000000010111010
11111111111010000110
11111111111100100110
11111111111011110101
11111111111001100111
00000000000101011101
00000000000100010001
00000000000000010101
11111111111110011011
11111111111100001100
11111111111010011101
11111111111111001000
00000000000101111010
00000000000010011111
00000000000100100000
00000000000101011101
00000000000011000001
11111111111110001001
00000000000000111011
00000000000101111011
00000000000000100110
00000000000100010010
11111111111100011111
00000000000011111100
11111111111010110010
00000000000010111001
00000000000101101100
00000000000110001100
00000000000000101110
11111111111101001011
00000000000010111000
11111111111111000001
11111111111010101001
00000000000110001001
11111111111010000000
00000000000000100010
11111111111101111110
00000000000110011101
11111111111111001111
00000000000011010010
00000000000100101001
00000000000000101111
11111111111011100000
00000000000011110010
11111111111011100101
00000000000011101100
00000000000000011110
00000000000010001010
00000000000100111000
11111111111101101011
11111111111100100010
00000000000001011100
00000000000011001101
11111111111010110100
00000000000110010001
11111111111100111011
00000000000000100101
00000000000101110010
00000000000011010011
11111111111011110010
11111111111110001101
00000000000001010101
11111111111110110010
11111111111111111100
11111111111100000000
00000000000011100110
00000000000100001011
00000000000110000010
11111111111011001001
11111111111011011101
00000000000010111001
11111111111101110110
11111111111001111001
11111111111101001010
00000000000101010111
11111111111111111100
11111111111010010000
00000000000001101001
00000000000000011011
00000000000011101010
00000000000001011100
00000000000001010101
11111111111011000011
11111111111010011111
11111111111111110000
11111111111010101000
11111111111101011111
11111111111111010101
11111111111101101101
00000000000100011011
00000000000000010100
00000000000010101101
11111111111001111000
00000000000100011001
00000000000010110001
11111111111010011101
00000000000010000011
11111111111110100100
00000000000001111110
11111111111001110011
00000000000001100011
00000000000011000010
00000000000010111100
11111111111011100011
00000000000011011000
11111111111110010011
00000000000101100100
11111111111001100111
00000000000011101011
00000000000001000001
00000000000000000000
00000000000000000000
00000000000000000000
00000000000000000000
00000000000000000000
00000000000000000000
00000000000000000000
00000000000000000000
00000000000000000000
00000000000000000000
00000000000000000000
00000000000000000000
00000000000000000000
00000000000000000000
00000000000000000000
00000000000000000000
00000000000000000000
00000000000000000000
00000000000000000000
00000000000000000000
00000000000000000000
00000000000000000000
00000000000000000000
00000000000000000000
00000000000000000000
