9.993741035461426
0.5848120450973511
0.0
0.0
7.507166385650635
0.0
7.5877838134765625
0.0
0.0
0.0
1.1481081247329712
0.0
2.9288060665130615
0.0
0.0
2.025446891784668
0.0
0.0
0.036090198904275894
0.0
0.0
0.0
2.0646891593933105
2.608137607574463
7.379893779754639
4.732751369476318
3.2899014949798584
0.0
0.0
2.5370051860809326
9.101993560791016
0.0
1.5985798835754395
5.429238319396973
0.0
0.6004140377044678
3.5613529682159424
10.146512031555176
0.5938897132873535
9.99091911315918
2.7002596855163574
0.0
9.615265846252441
0.0
6.247277736663818
1.7694346904754639
8.302936553955078
0.20713107287883759
6.458226680755615
6.554823398590088
0.0
2.4959912300109863
1.704642415046692
0.0
0.0
3.0363504886627197
0.0
3.238865852355957
0.0
0.0
0.0
2.2759974002838135
9.834869384765625
2.8099892139434814
7.027050495147705
0.0
2.2207651138305664
0.0
0.12446010112762451
0.0
0.0
0.0
2.440321922302246
0.0
1.471497654914856
1.4569814205169678
0.0
9.746806144714355
0.0
8.834794044494629
11.826924324035645
5.069422721862793
5.919013023376465
6.641378879547119
3.256808042526245
7.150033950805664
0.0
1.2342981100082397
0.0
6.752748012542725
14.516948699951172
0.0
0.0
0.0
2.6317107677459717
5.487449645996094
0.0
0.0
2.8025174140930176
0.0
9.558981895446777
0.0
11.122455596923828
0.0
0.0
3.6726179122924805
3.7506659030914307
0.0
6.3257060050964355
0.0
0.0
5.709652900695801
2.30045747756958
10.742263793945312
0.0
0.0
0.0
0.0
0.0
0.2017400860786438
