0.0445622019469738
0.0445622019469738
0.0445622019469738
0.0445622019469738
0.0445622019469738
0.0445622019469738
0.05387076362967491
0.04180791229009628
0.035857975482940674
0.035366032272577286
0.026501066982746124
0.04671746492385864
0.03786511719226837
0.027530735358595848
0.045660629868507385
0.02461019530892372
0.04370490089058876
0.031132522970438004
0.03724918141961098
0.03268244117498398
0.03161758556962013
0.04036235436797142
0.033104315400123596
0.03820129111409187
0.04171915352344513
0.04003310948610306
0.0445622019469738
0.0445622019469738
0.0445622019469738
0.0445622019469738
0.0445622019469738
0.0445622019469738
0.0445622019469738
0.0445622019469738
0.03868818283081055
0.03707577660679817
0.05279003083705902
0.1008618175983429
0.09445135295391083
0.017478808760643005
0.0
0.0
0.0
0.0
0.0
0.0
0.0
0.0
0.0
0.0
0.02903042361140251
0.04572528600692749
0.04002746194601059
0.0406070351600647
0.0445622019469738
0.0445622019469738
0.0445622019469738
0.0445622019469738
0.0445622019469738
0.0445622019469738
0.0445622019469738
0.0445622019469738
0.06392791122198105
0.11767567694187164
0.11081801354885101
0.0
0.0
0.0
0.0
0.0
0.0
0.0
0.0
0.0
0.0
0.0
0.0
0.0
0.0
0.0501854307949543
0.04084436967968941
0.04087924212217331
0.0445622019469738
0.0445622019469738
0.0445622019469738
0.0445622019469738
0.0445622019469738
0.0445622019469738
0.0445622019469738
0.0445622019469738
0.03801388666033745
0.018999453634023666
0.0647757276892662
0.0
0.0
0.0
0.0
0.0
0.0
0.0
0.0
0.0
0.0
0.0
0.0
0.0
0.0
0.038713488727808
0.04592328518629074
0.04413245618343353
0.0445622019469738
0.0445622019469738
0.0445622019469738
0.0445622019469738
0.0445622019469738
0.0445622019469738
0.0445622019469738
0.0445622019469738
0.060071393847465515
0.10543262958526611
0.06687699258327484
0.0
0.0
0.0
0.0
0.0
0.0
0.0
0.0
0.0
0.0
0.0
0.0
0.0
0.0
0.0
0.04714439436793327
0.04884130507707596
0.0445622019469738
0.0445622019469738
0.0445622019469738
0.0445622019469738
0.0445622019469738
0.0445622019469738
0.0445622019469738
0.0445622019469738
0.04504883661866188
0.09152878820896149
0.0
0.0
0.1847466379404068
0.1922515481710434
0.5276056528091431
0.9894307851791382
0.9455358982086182
0.983123242855072
0.9958178400993347
1.0517001152038574
0.9012715816497803
0.4152039885520935
0.31357118487358093
0.0
0.0
0.0
0.0397823341190815
0.041581638157367706
0.0445622019469738
0.0445622019469738
0.0445622019469738
0.0445622019469738
0.0445622019469738
0.0445622019469738
0.0445622019469738
0.0445622019469738
0.055474743247032166
0.25083714723587036
0.32505106925964355
0.507091224193573
0.7551652789115906
0.8931871056556702
0.8871564269065857
1.0884937047958374
1.1784619092941284
1.2308863401412964
1.1763969659805298
1.269662618637085
1.0489740371704102
0.8852037787437439
0.44203534722328186
0.17929679155349731
0.04432960972189903
0.0
0.056820422410964966
0.04656009003520012
0.0445622019469738
0.0445622019469738
0.0445622019469738
0.0445622019469738
0.0445622019469738
0.0445622019469738
0.0445622019469738
0.0445622019469738
0.04679912328720093
0.23689140379428864
0.262124627828598
0.4127867519855499
0.8441771864891052
0.959355890750885
1.026811957359314
1.2136470079421997
1.3317179679870605
1.2275421619415283
1.1900629997253418
1.1989002227783203
1.0658862590789795
0.8489254117012024
0.3344022333621979
0.36574792861938477
0.0698634684085846
0.0
0.05836984142661095
0.040678903460502625
0.0445622019469738
0.0445622019469738
0.0445622019469738
0.0445622019469738
0.0445622019469738
0.0445622019469738
0.0445622019469738
0.0445622019469738
0.041418373584747314
0.1745368391275406
0.3449038863182068
0.4687981903553009
1.091924786567688
0.9952894449234009
1.1793931722640991
1.091566801071167
0.8373988270759583
0.8455873131752014
0.7469167113304138
0.45853254199028015
0.728492259979248
0.957841157913208
0.5503377318382263
0.6690341234207153
0.3125598430633545
0.29928523302078247
0.0343271866440773
0.04391346126794815
0.0445622019469738
0.0445622019469738
0.0445622019469738
0.0445622019469738
0.0445622019469738
0.0445622019469738
0.0445622019469738
0.0445622019469738
0.05308688059449196
0.26027873158454895
0.2327544242143631
0.515632152557373
0.610899031162262
0.6280046701431274
0.3538293242454529
0.03889058902859688
0.10416656732559204
0.03510774299502373
0.17567946016788483
0.11437651515007019
0.3900076746940613
0.48135247826576233
0.6280120611190796
0.6494926810264587
0.36562374234199524
0.3438545763492584
0.04637061059474945
0.048227109014987946
0.0445622019469738
0.0445622019469738
0.0445622019469738
0.0445622019469738
0.0445622019469738
0.0445622019469738
0.0445622019469738
0.0445622019469738
0.03639764338731766
0.18852850794792175
0.3211720287799835
0.6118415594100952
0.5655773282051086
0.6639685034751892
0.35039258003234863
0.12449072301387787
0.032321855425834656
0.05708464980125427
0.0
0.11612942814826965
0.2205614298582077
0.42833879590034485
0.727572500705719
0.5237724781036377
0.36632606387138367
0.3116816282272339
0.0525033101439476
0.03688395768404007
0.0445622019469738
0.0445622019469738
0.0445622019469738
0.0445622019469738
0.0445622019469738
0.0445622019469738
0.0445622019469738
0.0445622019469738
0.05778961256146431
0.18496759235858917
0.3004799485206604
0.2513673007488251
0.3719765245914459
0.3459495007991791
0.10928981006145477
0.030749764293432236
0.07357977330684662
0.0
0.0
0.0
0.08679153025150299
0.26945027709007263
0.5687485933303833
0.3944523334503174
0.13764189183712006
0.062357377260923386
0.041713327169418335
0.04278639331459999
0.0445622019469738
0.0445622019469738
0.0445622019469738
0.0445622019469738
0.0445622019469738
0.0445622019469738
0.0445622019469738
0.0445622019469738
0.04305027797818184
0.03788043186068535
0.059930913150310516
0.060750532895326614
0.04804297536611557
0.13160210847854614
0.04029254987835884
0.06558875739574432
0.0
0.0
0.00796106830239296
0.11398641765117645
0.5081170201301575
0.6120854020118713
0.6915262937545776
0.4146483540534973
0.27983972430229187
0.07229629158973694
0.030490394681692123
0.045541100203990936
0.0445622019469738
0.0445622019469738
0.0445622019469738
0.0445622019469738
0.0445622019469738
0.0445622019469738
0.0445622019469738
0.0445622019469738
0.06035780906677246
0.06331092864274979
0.06424522399902344
0.07015087455511093
0.1438041478395462
0.02137765660881996
0.03848288580775261
0.0
0.0
0.0
0.08412588387727737
0.4830339848995209
0.7452698945999146
0.8520265817642212
0.7082229256629944
0.6237014532089233
0.36246463656425476
0.06196533143520355
0.05712360516190529
0.0637592226266861
0.0445622019469738
0.0445622019469738
0.04485490545630455
0.040245942771434784
0.04158731922507286
0.03749536722898483
0.04523685574531555
0.0440036915242672
0.042759865522384644
0.044645585119724274
0.044109418988227844
0.10967332124710083
0.027319619432091713
0.052593909204006195
0.0
0.0
0.0
0.10878920555114746
0.573762059211731
0.8106867671012878
1.0915486812591553
0.9604796171188354
0.8325492143630981
0.6424440741539001
0.3429553508758545
0.052519649267196655
0.03965034335851669
0.0445622019469738
0.0445622019469738
0.0445622019469738
0.04288043454289436
0.03433705121278763
0.04626360535621643
0.032889798283576965
0.04210574924945831
0.04161462560296059
0.04377105459570885
0.1131306141614914
0.10820557177066803
0.0
0.02407142147421837
0.0
0.0
0.0
0.18276742100715637
0.4590280055999756
0.8487169146537781
0.925489068031311
1.129004955291748
0.8218517303466797
0.6837427020072937
0.352618932723999
0.0669013261795044
0.07885242998600006
0.07762928307056427
0.04188569635152817
0.0445622019469738
0.0445622019469738
0.03403621166944504
0.050835125148296356
0.02976258657872677
0.03906291723251343
0.04740173742175102
0.039125509560108185
0.0972152054309845
0.016306251287460327
0.0
0.0
0.0
0.0
0.00018139928579330444
0.1624598503112793
0.5027633309364319
0.8250936269760132
0.8944178223609924
0.8319571018218994
0.6988363265991211
0.49525588750839233
0.13581731915473938
0.0
0.0
0.0
0.041751615703105927
0.03998192399740219
0.0445622019469738
0.0445622019469738
0.04039222374558449
0.038385264575481415
0.04764518886804581
0.026293572038412094
0.09487079083919525
0.09835774451494217
0.0
0.006133124232292175
0.0
0.0
0.0
0.0
0.1707863062620163
0.4824742376804352
0.6972547173500061
0.884914755821228
0.622169017791748
0.4048440456390381
0.23605264723300934
0.0
0.0
0.0
0.0
0.0
0.0
0.04336600750684738
0.0445622019469738
0.0445622019469738
0.0682794451713562
0.053962092846632004
0.05856829509139061
0.11460225284099579
0.025569744408130646
0.0
0.0
0.0
0.0
0.0
0.0
0.1791900396347046
0.46333035826683044
0.7657029032707214
0.6000731587409973
0.5008388757705688
0.1796841323375702
0.0
0.0
0.0
0.0
0.0
0.0
0.0
0.0
0.03884755074977875
0.0445622019469738
0.0445622019469738
0.037446871399879456
0.0647885873913765
0.04269557073712349
0.021967347711324692
0.11834366619586945
0.0
0.0
0.0
0.0
0.12039487063884735
0.4824276268482208
0.7454874515533447
0.7508088946342468
0.7502121925354004
0.620634138584137
0.38702067732810974
0.1850302666425705
0.0
0.0
0.0
0.0
0.0
0.0
0.0
0.0
0.041997648775577545
0.0445622019469738
0.0445622019469738
0.03848186880350113
0.06538063287734985
0.048205580562353134
0.099724680185318
0.07297614961862564
0.0
0.02083936706185341
0.0
0.19429825246334076
0.4712221622467041
0.7496888041496277
0.6822530627250671
0.7047808766365051
0.7631818056106567
0.8166781663894653
0.9148517847061157
0.8993807435035706
0.9140235185623169
0.9118276834487915
0.9009278416633606
0.7535179853439331
0.546590268611908
0.47932276129722595
0.16137677431106567
0.0
0.041063327342271805
0.0445622019469738
0.0445622019469738
0.06446607410907745
0.04491722583770752
0.08435620367527008
0.06191687658429146
0.03212723135948181
0.2899201810359955
0.528626561164856
0.6160070896148682
0.8819191455841064
0.9229100346565247
0.886400580406189
0.9791194796562195
0.9559013843536377
1.056536078453064
0.9777746200561523
1.1346744298934937
1.1715673208236694
1.1569502353668213
1.1756356954574585
1.1656945943832397
1.1769633293151855
0.9531699419021606
0.8910993337631226
0.5574319362640381
0.2986976206302643
0.04417486488819122
0.0445622019469738
0.0445622019469738
0.054740890860557556
0.057287175208330154
0.05177885666489601
0.2762046456336975
0.3228481411933899
0.6390253305435181
0.9106658697128296
1.1665312051773071
1.1585010290145874
1.1519886255264282
1.161150574684143
1.0867836475372314
1.1763547658920288
1.1555825471878052
1.2041411399841309
1.2399734258651733
1.2448378801345825
1.2479668855667114
1.253779649734497
1.2495750188827515
1.231017827987671
1.1015115976333618
0.9619520902633667
0.6628342866897583
0.33925244212150574
0.06228821724653244
0.0445622019469738
0.0445622019469738
0.061522774398326874
0.07562484592199326
0.05815202742815018
0.2067258208990097
0.3394431471824646
0.634390652179718
0.9556450247764587
1.2529720067977905
1.2558220624923706
1.247371792793274
1.2495367527008057
1.2413091659545898
1.3411320447921753
1.2416304349899292
1.2265602350234985
1.220327377319336
1.2129956483840942
1.214593768119812
1.2225558757781982
1.2348929643630981
1.2223788499832153
1.0913108587265015
0.8521096110343933
0.6445183157920837
0.3279195725917816
0.04467736557126045
0.0445622019469738
0.0445622019469738
0.04988798499107361
0.05463888496160507
0.05757724866271019
0.20311178267002106
0.44568344950675964
0.6357485055923462
0.9402357339859009
1.221144437789917
1.2144371271133423
1.2216137647628784
1.2264152765274048
1.0947061777114868
0.845994234085083
0.6580754518508911
0.35391589999198914
0.06395210325717926
0.07438300549983978
0.068110890686512
0.04405280947685242
0.06023239344358444
0.06697986274957657
0.057284172624349594
0.07816366851329803
0.07025642693042755
0.04783981293439865
0.04682067409157753
0.0445622019469738
0.0445622019469738
0.04993680119514465
0.059502437710762024
0.06388246268033981
0.055455878376960754
0.0670677199959755
0.07258118689060211
0.0591118186712265
0.06341510266065598
0.06811107695102692
0.06251299381256104
0.05997934564948082
0.06507998704910278
0.07167249917984009
0.06148836761713028
0.055394820868968964
0.056380193680524826
0.04832714423537254
0.05648535490036011
0.06228253245353699
0.057586051523685455
0.06933773308992386
0.07438766956329346
0.05921751260757446
0.06186242029070854
0.060371510684490204
0.0445622019469738
0.0445622019469738
0.0445622019469738
0.0445622019469738
0.0445622019469738
0.0445622019469738
0.0445622019469738
0.0445622019469738
0.0445622019469738
0.0445622019469738
0.0445622019469738
0.0445622019469738
0.0445622019469738
0.0445622019469738
0.0445622019469738
0.0445622019469738
0.0445622019469738
0.0445622019469738
0.0445622019469738
0.0445622019469738
0.0445622019469738
0.0445622019469738
0.0445622019469738
0.0445622019469738
0.0445622019469738
0.0445622019469738
0.0445622019469738
0.0445622019469738
0.0445622019469738
0.0445622019469738
0.0445622019469738
0.0445622019469738
0.0445622019469738
0.0445622019469738
0.0445622019469738
0.0445622019469738
0.0445622019469738
0.0445622019469738
0.0445622019469738
0.0445622019469738
0.0445622019469738
0.0445622019469738
0.0445622019469738
0.0445622019469738
0.0445622019469738
0.0445622019469738
0.0445622019469738
0.0445622019469738
0.0445622019469738
0.0445622019469738
0.0445622019469738
0.0445622019469738
0.0445622019469738
0.0445622019469738
0.0445622019469738
0.0445622019469738
0.0445622019469738
0.0445622019469738
0.0445622019469738
0.04158547520637512
0.04158547520637512
0.04158547520637512
0.04158547520637512
0.04158547520637512
0.04158547520637512
0.09197371453046799
0.10492470860481262
0.11668802052736282
0.1316719800233841
0.10945359617471695
0.10725937783718109
0.11828119307756424
0.1156260147690773
0.12045079469680786
0.11753635108470917
0.11462084949016571
0.12450269609689713
0.10871368646621704
0.11633563041687012
0.11042263358831406
0.08445189893245697
0.07941778004169464
0.059558555483818054
0.047083593904972076
0.043364860117435455
0.04158547520637512
0.04158547520637512
0.04158547520637512
0.04158547520637512
0.04158547520637512
0.04158547520637512
0.04158547520637512
0.04158547520637512
0.09655655175447464
0.10920216143131256
0.1692972481250763
0.36412522196769714
0.5391874313354492
0.7012807130813599
0.824510931968689
0.7849440574645996
0.7842540740966797
0.7853678464889526
0.7810307741165161
0.772950291633606
0.6006792783737183
0.4004325866699219
0.20952069759368896
0.07879459857940674
0.07271906733512878
0.06893907487392426
0.05921338126063347
0.04624835029244423
0.04158547520637512
0.04158547520637512
0.04158547520637512
0.04158547520637512
0.04158547520637512
0.04158547520637512
0.04158547520637512
0.04158547520637512
0.1057029515504837
0.35204172134399414
0.570115327835083
1.071061372756958
1.5404093265533447
1.9779173135757446
2.2737882137298584
2.4543559551239014
2.4713387489318848
2.4675819873809814
2.4301812648773193
2.4654829502105713
2.141759157180786
1.5411750078201294
0.8761112689971924
0.38932913541793823
0.05185229331254959
0.06885817646980286
0.056240830570459366
0.04126438498497009
0.04158547520637512
0.04158547520637512
0.04158547520637512
0.04158547520637512
0.04158547520637512
0.04158547520637512
0.04158547520637512
0.04158547520637512
0.10108695924282074
0.6773682832717896
1.287826657295227
2.4105637073516846
3.392483711242676
4.038407325744629
4.386623382568359
4.501543045043945
4.465857028961182
4.49444580078125
4.494777679443359
4.490458965301514
4.027544975280762
2.8824691772460938
1.7929352521896362
0.7617955207824707
0.22533512115478516
0.08392661064863205
0.05051843076944351
0.04516681283712387
0.04158547520637512
0.04158547520637512
0.04158547520637512
0.04158547520637512
0.04158547520637512
0.04158547520637512
0.04158547520637512
0.04158547520637512
0.09349620342254639
1.194828748703003
2.3602848052978516
3.939490556716919
5.0024495124816895
5.5928449630737305
5.667095184326172
5.464630603790283
5.2958197593688965
5.329408168792725
5.394423961639404
5.628007411956787
5.3518829345703125
4.128322601318359
2.547384738922119
1.2825068235397339
0.4442965090274811
0.030213426798582077
0.06486470252275467
0.0404672734439373
0.04158547520637512
0.04158547520637512
0.04158547520637512
0.04158547520637512
0.04158547520637512
0.04158547520637512
0.04158547520637512
0.04158547520637512
0.07707905769348145
1.598132848739624
3.089108943939209
4.589737892150879
5.434531211853027
5.664910316467285
5.651586532592773
5.258082866668701
4.8655924797058105
4.711307525634766
5.049824237823486
5.5446906089782715
5.872078895568848
4.998566150665283
3.3412089347839355
1.6865028142929077
0.7108168601989746
0.2150738388299942
0.05153786018490791
0.03998478502035141
0.04158547520637512
0.04158547520637512
0.04158547520637512
0.04158547520637512
0.04158547520637512
0.04158547520637512
0.04158547520637512
0.04158547520637512
0.05331321805715561
1.7505481243133545
3.452975273132324
4.674172878265381
5.084293365478516
4.479898452758789
4.0434489250183105
3.395989418029785
2.8219006061553955
2.845823049545288
3.607746124267578
4.638157367706299
5.670015335083008
5.56234073638916
4.097458839416504
2.334606885910034
0.959965705871582
0.2579576373100281
0.06080741435289383
0.04241182655096054
0.04158547520637512
0.04158547520637512
0.04158547520637512
0.04158547520637512
0.04158547520637512
0.04158547520637512
0.04158547520637512
0.04158547520637512
0.04920339584350586
1.7448937892913818
3.248678207397461
3.9898319244384766
3.854161500930786
2.7599172592163086
2.114614725112915
1.4231901168823242
1.1281267404556274
1.1459509134292603
2.530705690383911
4.099960803985596
5.28887414932251
5.748638153076172
4.204225540161133
2.587465286254883
0.8465789556503296
0.3436606228351593
0.04644293338060379
0.04583791643381119
0.04158547520637512
0.04158547520637512
0.04158547520637512
0.04158547520637512
0.04158547520637512
0.04158547520637512
0.04158547520637512
0.04158547520637512
0.053986240178346634
1.5360691547393799
2.7320828437805176
3.01511287689209
2.506439685821533
1.3746533393859863
0.7633601427078247
0.5157868266105652
0.30105990171432495
0.5300920009613037
2.072504997253418
3.836663007736206
5.528175354003906
5.4686784744262695
4.0357232093811035
2.279097557067871
0.7325537204742432
0.008189134299755096
0.0544695220887661
0.043577250093221664
0.04158547520637512
0.04158547520637512
0.04158547520637512
0.04158547520637512
0.04158547520637512
0.04158547520637512
0.04158547520637512
0.04158547520637512
0.08051002025604248
1.212099552154541
1.841897964477539
1.792014241218567
1.3396574258804321
0.27557656168937683
0.0
0.10645779222249985
0.3221220374107361
0.8933683633804321
2.5169951915740967
4.290112018585205
5.5519232749938965
5.2559814453125
3.465461254119873
1.7763615846633911
0.38346874713897705
0.0
0.06746160238981247
0.032463639974594116
0.04158547520637512
0.04158547520637512
0.04158547520637512
0.04158547520637512
0.04158547520637512
0.04158547520637512
0.04158547520637512
0.04158547520637512
0.0906262919306755
0.6940869092941284
0.8265088796615601
0.9790118932723999
0.5449419021606445
0.178516685962677
0.0
0.2909112572669983
0.8693331480026245
1.938666582107544
3.7458534240722656
4.989625930786133
6.1103057861328125
4.882941246032715
3.1396379470825195
1.3712691068649292
0.3411262035369873
0.0
0.06559710204601288
0.05213504284620285
0.04158547520637512
0.04158547520637512
0.04158547520637512
0.04158547520637512
0.04158547520637512
0.04158547520637512
0.04158547520637512
0.04158547520637512
0.10156849026679993
0.2651795446872711
0.3679649531841278
0.31909695267677307
0.3142037093639374
0.0
0.32051602005958557
0.8632720708847046
1.9051063060760498
3.593877077102661
4.763909816741943
5.964707374572754
5.992157459259033
4.562557220458984
2.796687126159668
1.0722044706344604
0.2649039626121521
0.10482635349035263
0.05387631803750992
0.045286066830158234
0.04158547520637512
0.04158547520637512
0.04158547520637512
0.04158547520637512
0.04158547520637512
0.04158547520637512
0.04158547520637512
0.04158547520637512
0.09244495630264282
0.09283052384853363
0.13636577129364014
0.11786751449108124
0.13487161695957184
0.3619951605796814
0.8702107667922974
1.9143447875976562
3.575172185897827
4.75368595123291
5.9686689376831055
6.0447611808776855
5.672170162200928
3.8991751670837402
2.148726463317871
0.8687059879302979
0.06628070771694183
0.1182001382112503
0.06441714614629745
0.04252726957201958
0.04158547520637512
0.04158547520637512
0.04158547520637512
0.04158547520637512
0.04158547520637512
0.04158547520637512
0.04158547520637512
0.04158547520637512
0.07145123183727264
0.09714476764202118
0.12165842205286026
0.13693872094154358
0.33745864033699036
0.9030601978302002
1.9241372346878052
3.595299482345581
4.725776672363281
5.961506366729736
6.009671211242676
5.691989421844482
4.465724945068359
2.640407085418701
1.461125135421753
0.2886323034763336
0.006469909101724625
0.10594326257705688
0.06159809231758118
0.03085247427225113
0.04158547520637512
0.04158547520637512
0.05359327793121338
0.054760079830884933
0.052853334695100784
0.03994601592421532
0.047508224844932556
0.04634948819875717
0.065955251455307
0.08659444749355316
0.11953973770141602
0.33135390281677246
0.8816913366317749
1.937211513519287
3.597825288772583
4.7646355628967285
5.762739181518555
5.822019100189209
5.509433746337891
4.316224098205566
2.858654022216797
1.6110658645629883
0.445064514875412
0.1499832570552826
0.0
0.05254264920949936
0.04613538831472397
0.04158547520637512
0.04158547520637512
0.04158547520637512
0.07404336333274841
0.08387323468923569
0.06567186862230301
0.0628833919763565
0.05517128109931946
0.05699542164802551
0.07062104344367981
0.31038543581962585
0.5012447834014893
1.0193434953689575
2.049187183380127
3.5195765495300293
4.760875701904297
5.987112998962402
5.653091907501221
5.293690204620361
3.970655679702759
2.5155346393585205
1.4402087926864624
0.39544445276260376
0.17129603028297424
0.0
0.11270890384912491
0.08488629013299942
0.03016011416912079
0.03999578580260277
0.04158547520637512
0.04158547520637512
0.10851895064115524
0.10575345903635025
0.09977521002292633
0.06966861337423325
0.09615994244813919
0.08389493823051453
0.3105030059814453
0.838103175163269
1.370347261428833
2.5290822982788086
3.7742435932159424
4.9022722244262695
5.949372291564941
6.217010021209717
5.579538822174072
4.432110786437988
2.9822003841400146
1.8694658279418945
0.9712296724319458
0.792914867401123
0.41755545139312744
0.38801684975624084
0.18582361936569214
0.03664812818169594
0.049555692821741104
0.046686507761478424
0.04158547520637512
0.04158547520637512
0.10867539048194885
0.13434894382953644
0.11039367318153381
0.10487309843301773
0.3346458375453949
0.5225584506988525
1.0329179763793945
2.033841133117676
3.052786111831665
4.25394868850708
5.269879341125488
5.98886251449585
6.191842079162598
6.4019951820373535
5.2935895919799805
4.422780990600586
3.3097336292266846
2.7016189098358154
2.426764726638794
2.2830116748809814
2.1141316890716553
1.517581582069397
0.8357760906219482
0.3413417339324951
0.0
0.043369218707084656
0.04158547520637512
0.04158547520637512
0.13118183612823486
0.1386568695306778
0.15848034620285034
0.34741631150245667
0.9111112356185913
1.4385645389556885
2.5731358528137207
3.7830007076263428
4.7253851890563965
5.685428619384766
6.015366554260254
6.174758434295654
6.389404296875
6.20646858215332
5.655195713043213
5.141207218170166
4.526144981384277
4.340820789337158
4.47919225692749
4.493290901184082
3.9799885749816895
2.8488376140594482
1.7344484329223633
0.691531777381897
0.18032489717006683
0.03833969682455063
0.04158547520637512
0.04158547520637512
0.13534501194953918
0.15908430516719818
0.15311168134212494
0.7190312147140503
1.7935494184494019
3.0330617427825928
4.381890773773193
5.2580366134643555
5.971290588378906
6.166869163513184
6.379560470581055
6.215789794921875
6.209829807281494
6.223152160644531
6.055236339569092
5.886146545410156
5.702430725097656
5.547384738922119
5.700772285461426
5.706328392028809
5.2641448974609375
3.884587287902832
2.2974228858947754
1.0727204084396362
0.24683991074562073
0.04882550984621048
0.04158547520637512
0.04158547520637512
0.14228256046772003
0.1668064147233963
0.1622389256954193
1.212367057800293
2.813701629638672
4.247807025909424
5.627925872802734
6.0310564041137695
6.185749053955078
6.372059345245361
6.2611541748046875
6.02100133895874
5.839537620544434
5.650089740753174
5.543162822723389
5.602725982666016
5.623991012573242
5.604729175567627
5.618790149688721
5.613337516784668
5.474384784698486
3.939100503921509
2.495927333831787
0.8680863380432129
0.32050004601478577
0.0452084019780159
0.04158547520637512
0.04158547520637512
0.14013178646564484
0.15616130828857422
0.14602802693843842
1.4337303638458252
2.8499722480773926
4.493941307067871
5.312988758087158
5.764868259429932
5.578320026397705
5.600392818450928
5.605459690093994
5.290238857269287
4.881852626800537
4.374795436859131
4.0912861824035645
3.9502413272857666
3.93376088142395
3.9458303451538086
3.9389288425445557
3.967282772064209
3.9524219036102295
2.8812804222106934
1.6967840194702148
0.615976095199585
0.0
0.04392930865287781
0.04158547520637512
0.04158547520637512
0.11153556406497955
0.12545990943908691
0.1281527876853943
1.2353769540786743
2.339413642883301
3.4304537773132324
4.018835544586182
3.9212379455566406
3.925532817840576
3.9241762161254883
3.9480514526367188
3.4350697994232178
2.838196039199829
2.3316221237182617
1.9369200468063354
1.878597617149353
1.884859323501587
1.8605482578277588
1.8625532388687134
1.9014769792556763
1.9260871410369873
1.3219599723815918
0.7758110761642456
0.12661081552505493
0.0
0.03199346736073494
0.04158547520637512
0.04158547520637512
0.07477070391178131
0.126793771982193
0.08630433678627014
0.6990985870361328
1.2079136371612549
1.8062260150909424
2.007368803024292
1.8526740074157715
1.8650941848754883
1.8606047630310059
1.8744416236877441
1.4281280040740967
1.1263388395309448
0.696668267250061
0.658939003944397
0.6433461904525757
0.6209639310836792
0.6513687372207642
0.6478785276412964
0.6787897348403931
0.6868000030517578
0.5510878562927246
0.26622194051742554
0.08836682140827179
0.0
0.041696272790431976
0.04158547520637512
0.04158547520637512
0.05631712079048157
0.07489602267742157
0.07316674292087555
0.219111829996109
0.4507886469364166
0.5960953235626221
0.7901662588119507
0.6096963882446289
0.6244000196456909
0.640630841255188
0.6311463117599487
0.49832683801651
0.2421940565109253
0.09254100918769836
0.0
0.06344512850046158
0.06344738602638245
0.053451597690582275
0.061674170196056366
0.07574526965618134
0.09184732288122177
0.07473830878734589
0.08248912543058395
0.031022250652313232
0.043796561658382416
0.040322769433259964
0.04158547520637512
0.04158547520637512
0.046184390783309937
0.053842220455408096
0.049429625272750854
0.05032827705144882
0.05660371482372284
0.047904688864946365
0.05417866259813309
0.05354219675064087
0.04170267656445503
0.05068796128034592
0.05540302023291588
0.057401955127716064
0.05073884502053261
0.03995322808623314
0.048955243080854416
0.04082050919532776
0.04484688118100166
0.05182034149765968
0.05153786391019821
0.05240040272474289
0.05906500667333603
0.04958459362387657
0.04905398190021515
0.051633916795253754
0.032746534794569016
0.04158547520637512
0.04158547520637512
0.04158547520637512
0.04158547520637512
0.04158547520637512
0.04158547520637512
0.04158547520637512
0.04158547520637512
0.04158547520637512
0.04158547520637512
0.04158547520637512
0.04158547520637512
0.04158547520637512
0.04158547520637512
0.04158547520637512
0.04158547520637512
0.04158547520637512
0.04158547520637512
0.04158547520637512
0.04158547520637512
0.04158547520637512
0.04158547520637512
0.04158547520637512
0.04158547520637512
0.04158547520637512
0.04158547520637512
0.04158547520637512
0.04158547520637512
0.04158547520637512
0.04158547520637512
0.04158547520637512
0.04158547520637512
0.04158547520637512
0.04158547520637512
0.04158547520637512
0.04158547520637512
0.04158547520637512
0.04158547520637512
0.04158547520637512
0.04158547520637512
0.04158547520637512
0.04158547520637512
0.04158547520637512
0.04158547520637512
0.04158547520637512
0.04158547520637512
0.04158547520637512
0.04158547520637512
0.04158547520637512
0.04158547520637512
0.04158547520637512
0.04158547520637512
0.04158547520637512
0.04158547520637512
0.04158547520637512
0.04158547520637512
0.04158547520637512
0.04158547520637512
0.04158547520637512
0.034071311354637146
0.034071311354637146
0.034071311354637146
0.034071311354637146
0.034071311354637146
0.034071311354637146
0.05427098274230957
0.054288677871227264
0.08231192827224731
0.12058049440383911
0.17093737423419952
0.11823294311761856
0.11591276526451111
0.08921800553798676
0.12059742212295532
0.11745132505893707
0.14006349444389343
0.11507386714220047
0.11991699784994125
0.1142471432685852
0.12520813941955566
0.12375794351100922
0.0789976418018341
0.07762262225151062
0.06290662288665771
0.04846075922250748
0.034071311354637146
0.034071311354637146
0.034071311354637146
0.034071311354637146
0.034071311354637146
0.034071311354637146
0.034071311354637146
0.034071311354637146
0.05640055984258652
0.079483762383461
0.1443609893321991
0.10215383023023605
0.16038064658641815
0.21274173259735107
0.56617671251297
0.9360762238502502
0.9528165459632874
0.9602991938591003
0.9493836760520935
0.9281747937202454
1.0100421905517578
0.9820451736450195
0.861677348613739
0.534915030002594
0.1468481868505478
0.08698343485593796
0.06626909971237183
0.051987893879413605
0.034071311354637146
0.034071311354637146
0.034071311354637146
0.034071311354637146
0.034071311354637146
0.034071311354637146
0.034071311354637146
0.034071311354637146
0.059248022735118866
0.02280593477189541
0.13371878862380981
0.24945206940174103
0.9438386559486389
1.8440016508102417
2.4077651500701904
2.848100185394287
2.8439910411834717
2.8770532608032227
2.829677104949951
2.871568202972412
2.8690848350524902
2.638145923614502
2.003776788711548
1.335873007774353
0.5430552363395691
0.08725372701883316
0.07946600764989853
0.0641883835196495
0.034071311354637146
0.034071311354637146
0.034071311354637146
0.034071311354637146
0.034071311354637146
0.034071311354637146
0.034071311354637146
0.034071311354637146
0.057626113295555115
0.010227784514427185
0.46023499965667725
1.4921461343765259
2.735276937484741
4.072569847106934
4.507271766662598
5.0711894035339355
5.126284122467041
5.140193462371826
5.121208667755127
5.135149955749512
4.778136730194092
4.612510681152344
3.6292569637298584
2.4972894191741943
0.9656742215156555
0.1157299131155014
0.10438172519207001
0.056641194969415665
0.034071311354637146
0.034071311354637146
0.034071311354637146
0.034071311354637146
0.034071311354637146
0.034071311354637146
0.034071311354637146
0.034071311354637146
0.06846035271883011
0.3568154573440552
1.0989853143692017
2.70709228515625
4.419427394866943
6.2616047859191895
6.674650192260742
7.110128879547119
7.048728942871094
6.912769317626953
6.618136882781982
6.338819980621338
6.3682122230529785
6.046291351318359
5.013341426849365
3.377490282058716
1.9050076007843018
0.523377001285553
0.08750031143426895
0.05652822181582451
0.034071311354637146
0.034071311354637146
0.034071311354637146
0.034071311354637146
0.034071311354637146
0.034071311354637146
0.034071311354637146
0.034071311354637146
0.06231945753097534
0.6922847628593445
1.7399566173553467
3.655020236968994
5.6672282218933105
7.684978485107422
7.645794868469238
7.447174072265625
7.077497959136963
6.526097774505615
6.169448375701904
6.420425891876221
7.035184860229492
6.794648170471191
6.351579666137695
4.511504650115967
2.8233516216278076
0.9068235158920288
0.10200875997543335
0.059181131422519684
0.034071311354637146
0.034071311354637146
0.034071311354637146
0.034071311354637146
0.034071311354637146
0.034071311354637146
0.034071311354637146
0.034071311354637146
0.03885899484157562
0.7607926726341248
2.0999250411987305
4.3258233070373535
6.045507907867432
7.283298015594482
6.32903528213501
5.162285327911377
4.869450092315674
4.626317501068115
4.4180498123168945
4.825709342956543
5.965028285980225
7.074361324310303
6.96919584274292
5.417786598205566
3.41487979888916
1.5211278200149536
0.09540437161922455
0.05852724611759186
0.034071311354637146
0.034071311354637146
0.034071311354637146
0.034071311354637146
0.034071311354637146
0.034071311354637146
0.034071311354637146
0.034071311354637146
0.0313870906829834
0.7410642504692078
2.1676535606384277
3.9126205444335938
5.342329025268555
5.749343395233154
4.279202938079834
2.907851457595825
2.5647730827331543
2.38466477394104
2.639449119567871
3.50258731842041
5.191407203674316
6.88924503326416
7.208374500274658
5.824419021606445
3.464465618133545
1.495290994644165
0.0884363055229187
0.06235532835125923
0.034071311354637146
0.034071311354637146
0.034071311354637146
0.034071311354637146
0.034071311354637146
0.034071311354637146
0.034071311354637146
0.034071311354637146
0.03323047235608101
0.827325701713562
2.14817476272583
3.1504759788513184
3.722881555557251
3.587325096130371
2.3214893341064453
1.2990540266036987
0.9217778444290161
0.6060848832130432
1.3386257886886597
2.6406800746917725
4.945367813110352
7.0265703201293945
7.160816192626953
5.599450588226318
3.207733392715454
1.232373833656311
0.08848262578248978
0.05543059855699539
0.034071311354637146
0.034071311354637146
0.034071311354637146
0.034071311354637146
0.034071311354637146
0.034071311354637146
0.034071311354637146
0.034071311354637146
0.04044945165514946
0.8540859818458557
1.4279283285140991
2.251161575317383
2.2445027828216553
2.0211503505706787
0.6721411943435669
0.14050325751304626
0.048530563712120056
0.0983080342411995
1.3308866024017334
3.1932249069213867
5.605313301086426
6.884190082550049
6.85314416885376
4.987010955810547
2.771817922592163
0.6488080620765686
0.11575041711330414
0.07273611426353455
0.034071311354637146
0.034071311354637146
0.034071311354637146
0.034071311354637146
0.034071311354637146
0.034071311354637146
0.034071311354637146
0.034071311354637146
0.04454074054956436
0.5003230571746826
0.8435733318328857
1.3180160522460938
1.2858645915985107
0.984276533126831
0.3228699564933777
0.06331608444452286
0.10845369845628738
0.8956450819969177
2.5320615768432617
4.738498687744141
6.433592796325684
7.106532096862793
6.544177055358887
4.48832368850708
2.3806874752044678
0.31071197986602783
0.11517868936061859
0.06531214714050293
0.034071311354637146
0.034071311354637146
0.034071311354637146
0.034071311354637146
0.034071311354637146
0.034071311354637146
0.034071311354637146
0.034071311354637146
0.07053244113922119
0.13759653270244598
0.4320564270019531
0.5033702254295349
0.508353054523468
0.2979722023010254
0.08844710886478424
0.11856568604707718
0.9251641631126404
2.4263012409210205
4.400171279907227
6.075135707855225
7.499583721160889
7.35281229019165
6.1331257820129395
3.848998546600342
1.6541818380355835
0.1949758380651474
0.13905534148216248
0.07583501935005188
0.034071311354637146
0.034071311354637146
0.034071311354637146
0.034071311354637146
0.034071311354637146
0.034071311354637146
0.034071311354637146
0.034071311354637146
0.06740853190422058
0.07464665174484253
0.10954796522855759
0.13530249893665314
0.16034328937530518
0.1034783348441124
0.13383570313453674
0.900306761264801
2.4213850498199463
4.440160751342773
6.061637878417969
7.531411170959473
8.12210750579834
7.104865550994873
5.230249881744385
2.8796608448028564
1.297497272491455
0.1941145360469818
0.1262526959180832
0.0575905367732048
0.034071311354637146
0.034071311354637146
0.034071311354637146
0.034071311354637146
0.034071311354637146
0.034071311354637146
0.034071311354637146
0.034071311354637146
0.04764758422970772
0.07037210464477539
0.11322629451751709
0.13947793841362
0.09890467673540115
0.11088436096906662
0.9090385437011719
2.4652278423309326
4.450324058532715
6.073149681091309
7.466500282287598
8.135773658752441
7.486735820770264
5.90398645401001
3.709737539291382
1.9912279844284058
0.6803169846534729
0.1433199942111969
0.15277042984962463
0.044593166559934616
0.034071311354637146
0.034071311354637146
0.03787768632173538
0.03876562416553497
0.056272558867931366
0.06008271872997284
0.036608994007110596
0.03934495896100998
0.04320143908262253
0.07207225263118744
0.10081084817647934
0.03614616394042969
0.11319761723279953
0.9217308163642883
2.471017837524414
4.45827054977417
6.138618469238281
7.443801403045654
8.047224044799805
7.1648077964782715
5.565573692321777
3.954941511154175
2.3570170402526855
0.9725138545036316
0.30747777223587036
0.12214246392250061
0.10624101012945175
0.034071311354637146
0.034071311354637146
0.034071311354637146
0.06021810322999954
0.0870204046368599
0.09397412836551666
0.06857308745384216
0.04257979989051819
0.05240153148770332
0.06329342722892761
0.007344845682382584
0.09495267271995544
0.16492706537246704
1.2318402528762817
2.8413310050964355
4.410120487213135
6.055954456329346
7.515456676483154
7.789387226104736
6.930373668670654
5.332827091217041
3.549567461013794
2.2962284088134766
0.952251136302948
0.3015463948249817
0.16406483948230743
0.15072622895240784
0.09345211088657379
0.044992826879024506
0.034071311354637146
0.034071311354637146
0.08165743947029114
0.10560163110494614
0.09619282186031342
0.09882333129644394
0.0653112381696701
0.08399912714958191
0.009596921503543854
0.06938506662845612
0.5190415382385254
1.7928460836410522
3.401021957397461
4.794748783111572
6.043527126312256
7.415173530578613
7.755763530731201
7.280832767486572
5.757963180541992
4.307408332824707
2.49271821975708
1.724453330039978
1.1483819484710693
0.9708375930786133
0.8538467884063721
0.5030851364135742
0.09420439600944519
0.045600950717926025
0.034071311354637146
0.034071311354637146
0.0983421579003334
0.11094631999731064
0.14889493584632874
0.1321401447057724
0.02741861157119274
0.13318568468093872
0.20979754626750946
1.2459229230880737
2.44571852684021
3.9792399406433105
5.201047420501709
6.593975067138672
7.402921199798584
8.074843406677246
7.498420715332031
6.878775119781494
5.766163349151611
4.603701591491699
3.2731261253356934
2.9881606101989746
2.824777126312256
2.626619577407837
1.9409092664718628
1.2787930965423584
0.47538095712661743
0.0510132759809494
0.034071311354637146
0.034071311354637146
0.10445339232683182
0.14965322613716125
0.15568555891513824
0.1111166700720787
0.1459941565990448
0.5508766770362854
1.8423573970794678
3.432729721069336
4.770962715148926
5.673672199249268
6.995142459869385
7.705096244812012
8.03903865814209
8.21202278137207
7.776483058929443
7.160090446472168
6.324126243591309
5.625718116760254
5.106858253479004
5.139369487762451
4.740782260894775
4.5849103927612305
3.5722434520721436
2.438105344772339
0.8891156315803528
0.06871916353702545
0.034071311354637146
0.034071311354637146
0.08165203779935837
0.16726374626159668
0.18908731639385223
0.09571411460638046
0.8639885783195496
1.7866358757019043
3.692744255065918
5.238419055938721
6.650546550750732
7.35793399810791
8.03516674041748
8.154858589172363
8.216859817504883
8.20919418334961
8.157087326049805
7.841312885284424
7.515135288238525
7.195102691650391
7.052928447723389
7.053499698638916
6.7297468185424805
6.084814071655273
4.929348468780518
3.221616506576538
1.5011664628982544
0.06475730240345001
0.034071311354637146
0.034071311354637146
0.12393155694007874
0.14924655854701996
0.20014339685440063
0.44773411750793457
1.4940017461776733
3.09468412399292
4.991539478302002
7.085825443267822
7.721733570098877
8.067420959472656
8.198172569274902
8.266178131103516
8.243938446044922
8.146467208862305
7.805464267730713
7.39398193359375
7.452676773071289
7.472727298736572
7.466721057891846
7.4495344161987305
7.370560169219971
6.399664878845215
5.081449031829834
3.0922868251800537
1.418786883354187
0.07591623812913895
0.034071311354637146
0.034071311354637146
0.13075625896453857
0.12564823031425476
0.19144566357135773
0.8732359409332275
1.9096962213516235
3.8558452129364014
5.59311056137085
7.307521343231201
7.415122032165527
7.427402496337891
7.423776626586914
7.474979877471924
7.132997035980225
6.536546230316162
5.944199085235596
5.543004989624023
5.554443359375
5.537789821624756
5.554647445678711
5.551599025726318
5.561557292938232
4.812661170959473
3.871690034866333
2.413677453994751
1.1878365278244019
0.05950123816728592
0.034071311354637146
0.034071311354637146
0.09781349450349808
0.13123400509357452
0.14158880710601807
0.9412884712219238
1.8396331071853638
3.3016550540924072
4.447556018829346
5.5552897453308105
5.535075664520264
5.512059688568115
5.55397367477417
5.175507068634033
4.91381311416626
4.303374290466309
3.850919485092163
3.253774881362915
3.2482471466064453
3.2522501945495605
3.243049383163452
3.2793354988098145
3.2699830532073975
2.8845441341400146
2.231985330581665
1.3845270872116089
0.5794646739959717
0.0488147959113121
0.034071311354637146
0.034071311354637146
0.07850620895624161
0.12006594240665436
0.10978734493255615
0.5282700657844543
1.1678558588027954
2.0224504470825195
2.733215808868408
3.2311270236968994
3.2519240379333496
3.2363860607147217
3.236912965774536
2.8937933444976807
2.560699224472046
2.077017068862915
1.6311336755752563
1.2846676111221313
1.2723380327224731
1.2895501852035522
1.2734185457229614
1.3044770956039429
1.3209198713302612
1.2779172658920288
0.9594489336013794
0.5798441171646118
0.2278316169977188
0.03683827817440033
0.034071311354637146
0.034071311354637146
0.05107683315873146
0.06982334703207016
0.08166690170764923
0.14224237203598022
0.45841801166534424
0.7983548641204834
1.1037378311157227
1.2582889795303345
1.264189600944519
1.2692159414291382
1.2670186758041382
1.223510503768921
0.9140853881835938
0.5576493144035339
0.23559296131134033
0.08116216957569122
0.07285407185554504
0.0727093294262886
0.0634114071726799
0.06737524271011353
0.10475718975067139
0.10341157019138336
0.09597291052341461
0.07289115339517593
0.056052759289741516
0.03530917689204216
0.034071311354637146
0.034071311354637146
0.04276249557733536
0.04599510505795479
0.05375156179070473
0.05228124558925629
0.0532388836145401
0.05725344642996788
0.0570407509803772
0.05679050832986832
0.049705870449543
0.048051998019218445
0.05606342852115631
0.05897768214344978
0.059959378093481064
0.05012106895446777
0.04417319968342781
0.04325651377439499
0.03994522988796234
0.043143048882484436
0.052018679678440094
0.05451211333274841
0.05663721635937691
0.06178293377161026
0.05564897134900093
0.052360013127326965
0.042736366391181946
0.034071311354637146
0.034071311354637146
0.034071311354637146
0.034071311354637146
0.034071311354637146
0.034071311354637146
0.034071311354637146
0.034071311354637146
0.034071311354637146
0.034071311354637146
0.034071311354637146
0.034071311354637146
0.034071311354637146
0.034071311354637146
0.034071311354637146
0.034071311354637146
0.034071311354637146
0.034071311354637146
0.034071311354637146
0.034071311354637146
0.034071311354637146
0.034071311354637146
0.034071311354637146
0.034071311354637146
0.034071311354637146
0.034071311354637146
0.034071311354637146
0.034071311354637146
0.034071311354637146
0.034071311354637146
0.034071311354637146
0.034071311354637146
0.034071311354637146
0.034071311354637146
0.034071311354637146
0.034071311354637146
0.034071311354637146
0.034071311354637146
0.034071311354637146
0.034071311354637146
0.034071311354637146
0.034071311354637146
0.034071311354637146
0.034071311354637146
0.034071311354637146
0.034071311354637146
0.034071311354637146
0.034071311354637146
0.034071311354637146
0.034071311354637146
0.034071311354637146
0.034071311354637146
0.034071311354637146
0.034071311354637146
0.034071311354637146
0.034071311354637146
0.034071311354637146
0.034071311354637146
0.034071311354637146
0.03415152058005333
0.03415152058005333
0.03415152058005333
0.03415152058005333
0.03415152058005333
0.03415152058005333
0.061287425458431244
0.029407721012830734
0.045592039823532104
0.037233076989650726
0.009117664769291878
0.03838765248656273
0.04043901711702347
0.042079225182533264
0.027345629408955574
0.02848711982369423
0.04028715938329697
0.0270701814442873
0.02951764315366745
0.05182858183979988
0.005773602053523064
0.031067272648215294
0.03422657400369644
0.026575375348329544
0.02872663363814354
0.03153590112924576
0.03415152058005333
0.03415152058005333
0.03415152058005333
0.03415152058005333
0.03415152058005333
0.03415152058005333
0.03415152058005333
0.03415152058005333
0.04074346274137497
0.04153379425406456
0.05307486653327942
0.19947956502437592
0.18177619576454163
0.31279605627059937
0.15147490799427032
0.05444692075252533
0.0739758163690567
0.06601826846599579
0.05918033793568611
0.07496368885040283
0.0
0.0
0.0
0.0
0.02379891835153103
0.03580189496278763
0.031757570803165436
0.03201405704021454
0.03415152058005333
0.03415152058005333
0.03415152058005333
0.03415152058005333
0.03415152058005333
0.03415152058005333
0.03415152058005333
0.03415152058005333
0.06272967904806137
0.1861717402935028
0.16971974074840546
0.41901376843452454
0.31545668840408325
0.13373009860515594
0.11971229314804077
0.07236699759960175
0.043128978461027145
0.057448457926511765
0.0585082583129406
0.06605929881334305
0.0
0.0
0.0
0.0
0.0
0.034529127180576324
0.027872934937477112
0.03332782909274101
0.03415152058005333
0.03415152058005333
0.03415152058005333
0.03415152058005333
0.03415152058005333
0.03415152058005333
0.03415152058005333
0.03415152058005333
0.0415898934006691
0.3269965350627899
0.3760591745376587
0.5655995011329651
0.28020328283309937
0.03009791299700737
0.0
0.0
0.0
0.0
0.0
0.0
0.0
0.0
0.0
0.0
0.0
0.018121901899576187
0.03867632523179054
0.03458552435040474
0.03415152058005333
0.03415152058005333
0.03415152058005333
0.03415152058005333
0.03415152058005333
0.03415152058005333
0.03415152058005333
0.03415152058005333
0.05099755525588989
0.5205726027488708
0.4256393313407898
0.30661001801490784
0.0
0.0
0.03498954325914383
0.006729342043399811
0.0640038475394249
0.04068397730588913
0.2374432235956192
0.42605358362197876
0.28349369764328003
0.0
0.0
0.0
0.0
0.0
0.0271415077149868
0.03260864317417145
0.03415152058005333
0.03415152058005333
0.03415152058005333
0.03415152058005333
0.03415152058005333
0.03415152058005333
0.03415152058005333
0.03415152058005333
0.031586650758981705
0.514865517616272
0.3230031430721283
0.10630673170089722
0.0
0.0
0.0
0.0
0.0
0.0
0.17144128680229187
0.05838422104716301
0.24843746423721313
0.0
0.0
0.0
0.0
0.0
0.02899935282766819
0.03622230142354965
0.03415152058005333
0.03415152058005333
0.03415152058005333
0.03415152058005333
0.03415152058005333
0.03415152058005333
0.03415152058005333
0.03415152058005333
0.03322553262114525
0.4972144067287445
0.11834888160228729
0.0
0.0
0.0
0.0
0.0
0.0
0.10222280025482178
0.2976571321487427
0.3355521857738495
0.20967914164066315
0.0798279196023941
0.0
0.0
0.0
0.0
0.043530918657779694
0.030351530760526657
0.03415152058005333
0.03415152058005333
0.03415152058005333
0.03415152058005333
0.03415152058005333
0.03415152058005333
0.03415152058005333
0.03415152058005333
0.04020571708679199
0.5099366307258606
0.0
0.0
0.0
0.0
0.0
0.016832273453474045
0.12868934869766235
0.007959071546792984
0.275775283575058
0.08898395299911499
0.13466577231884003
0.0
0.0
0.0
0.11204607784748077
0.05017970874905586
0.027721405029296875
0.031462784856557846
0.03415152058005333
0.03415152058005333
0.03415152058005333
0.03415152058005333
0.03415152058005333
0.03415152058005333
0.03415152058005333
0.03415152058005333
0.038537561893463135
0.342418909072876
0.0
0.0
0.0
0.0
0.0
0.0
0.0
0.20339196920394897
0.2755765914916992
0.149958536028862
0.0
0.0
0.0
0.0
0.0850890725851059
0.12519852817058563
0.0342223159968853
0.038611844182014465
0.03415152058005333
0.03415152058005333
0.03415152058005333
0.03415152058005333
0.03415152058005333
0.03415152058005333
0.03415152058005333
0.03415152058005333
0.05825178325176239
0.20848381519317627
0.0
0.0
0.11654618382453918
0.28851670026779175
0.17208610475063324
0.02788783609867096
0.21200662851333618
0.30132022500038147
0.6864371299743652
0.0
0.0
0.0
0.0
0.0
0.12329983711242676
0.17100805044174194
0.018842333927750587
0.030474921688437462
0.03415152058005333
0.03415152058005333
0.03415152058005333
0.03415152058005333
0.03415152058005333
0.03415152058005333
0.03415152058005333
0.03415152058005333
0.04469343647360802
0.0
0.0
0.0
0.07416322827339172
0.17288635671138763
0.02232230454683304
0.21900759637355804
0.2968668043613434
0.7412706613540649
0.16689421236515045
0.0
0.0
0.0
0.0
0.0
0.00023181363940238953
0.01816154643893242
0.04314887896180153
0.029656462371349335
0.03415152058005333
0.03415152058005333
0.03415152058005333
0.03415152058005333
0.03415152058005333
0.03415152058005333
0.03415152058005333
0.03415152058005333
0.05898626521229744
0.002616237848997116
0.0
0.0
0.04762399196624756
0.022913508117198944
0.21405281126499176
0.2856108844280243
0.7449045777320862
0.20405004918575287
0.0
0.0
0.0
0.0
0.0
0.11783109605312347
0.06594926118850708
0.002257648855447769
0.02384200505912304
0.031237009912729263
0.03415152058005333
0.03415152058005333
0.03415152058005333
0.03415152058005333
0.03415152058005333
0.03415152058005333
0.03415152058005333
0.03415152058005333
0.03399770334362984
0.03273102641105652
0.0496516115963459
0.04891567677259445
0.03165102005004883
0.20839743316173553
0.2739434838294983
0.7615317106246948
0.19024822115898132
0.0
0.0
0.0
0.0
0.0
0.037758927792310715
0.15671730041503906
0.09028768539428711
0.05238817259669304
0.03385281562805176
0.044087253510951996
0.03415152058005333
0.03415152058005333
0.03415152058005333
0.03415152058005333
0.03415152058005333
0.03415152058005333
0.03415152058005333
0.03415152058005333
0.041034914553165436
0.018442615866661072
0.03314774110913277
0.023993445560336113
0.20713800191879272
0.2959136962890625
0.742262601852417
0.20712390542030334
0.0
0.0
0.0
0.0
0.0
0.0
0.16899260878562927
0.2732452154159546
0.15240195393562317
0.01630955934524536
0.02711658738553524
0.03350842744112015
0.03415152058005333
0.03415152058005333
0.032505787909030914
0.046053752303123474
0.021510951220989227
0.031373944133520126
0.03520271182060242
0.03411431983113289
0.04090524837374687
0.04090893268585205
0.03421928733587265
0.19505104422569275
0.28696057200431824
0.7527781128883362
0.19389839470386505
0.0
0.0
0.0
0.0
0.0
0.0
0.0
0.1776656210422516
0.16292859613895416
0.03738788142800331
0.05115308612585068
0.05112375319004059
0.03415152058005333
0.03415152058005333
0.03415152058005333
0.04706164449453354
0.014460543170571327
0.038049668073654175
0.026731323450803757
0.04023522883653641
0.032113902270793915
0.034878943115472794
0.1994127631187439
0.15837907791137695
0.4565114974975586
0.5707979202270508
0.1167692095041275
0.0
0.0
0.0
0.0
0.0
0.0
0.029838500544428825
0.19368714094161987
0.1906885802745819
0.019255436956882477
0.0
0.03321731463074684
0.024042176082730293
0.03212552145123482
0.03415152058005333
0.03415152058005333
0.014817001298069954
0.043901607394218445
0.02099614590406418
0.04037079960107803
0.04192593693733215
0.03266886621713638
0.213128924369812
0.2710466682910919
0.5274300575256348
0.358415812253952
0.16873835027217865
0.0
0.0
0.0
0.0
0.0
0.0
0.06929777562618256
0.24252116680145264
0.2178332656621933
0.0
0.0
0.0
0.0
0.034712739288806915
0.032106686383485794
0.03415152058005333
0.03415152058005333
0.02358965203166008
0.04984646290540695
0.04799996316432953
0.03258805349469185
0.22033420205116272
0.16338302195072174
0.4328884780406952
0.5647804141044617
0.14804397523403168
0.08134664595127106
0.0
0.0
0.0
0.0
0.0
0.0
0.0
0.06851999461650848
0.07348740100860596
0.05808614194393158
0.0
0.0
0.0
0.0
0.0
0.03296700492501259
0.03415152058005333
0.03415152058005333
0.03838186338543892
0.02831018529832363
0.054279107600450516
0.1901615560054779
0.294819176197052
0.5282159447669983
0.36930981278419495
0.14312510192394257
0.0
0.0
0.0
0.0
0.0
0.0
0.0
0.24306337535381317
0.2315710186958313
0.08439652621746063
0.0
0.0
0.0
0.0
0.0
0.0
0.0
0.03361184895038605
0.03415152058005333
0.03415152058005333
0.03758341073989868
0.026398751884698868
0.032396964728832245
0.3139401376247406
0.5872172713279724
0.42783042788505554
0.16909022629261017
0.0
0.0
0.0
0.0
0.0
0.0
0.0
0.0
0.08874878287315369
0.20912249386310577
0.19532762467861176
0.19133232533931732
0.17428423464298248
0.20973265171051025
0.0
0.0
0.0
0.0
0.02921281009912491
0.03415152058005333
0.03415152058005333
0.02574840560555458
0.044916097074747086
0.014924367889761925
0.5604873895645142
0.4086048901081085
0.18845847249031067
0.05173270031809807
0.0
0.0
0.0
0.0
0.0
0.0
0.0
0.0
0.0
0.0
0.0
0.0
0.0
0.0
0.0
0.0
0.18775033950805664
0.0629693865776062
0.030865198001265526
0.03415152058005333
0.03415152058005333
0.027330290526151657
0.019405405968427658
0.03338328376412392
0.33763524889945984
0.15434959530830383
0.0
0.0
0.0
0.0
0.0
0.0
0.0
0.0
0.0
0.0
0.0
0.0
0.0
0.0
0.0
0.0
0.0
0.13142843544483185
0.21563175320625305
0.1275995671749115
0.04291856288909912
0.03415152058005333
0.03415152058005333
0.032682839781045914
0.049283500760793686
0.03276853263378143
0.20658616721630096
0.0
0.0
0.0
0.0
0.0
0.0
0.0
0.0
0.0
0.0
0.0
0.0
0.0
0.0
0.0
0.00022991374135017395
0.0
0.03702475503087044
0.30432069301605225
0.33260291814804077
0.16914090514183044
0.03320782259106636
0.03415152058005333
0.03415152058005333
0.02424866147339344
0.03710438683629036
0.017069682478904724
0.0
0.0
0.0
0.0
0.0
0.0
0.0
0.0
0.019254136830568314
0.124121755361557
0.033424608409404755
0.0
0.0
0.0
0.0
0.0
0.0
0.0
0.0
0.0
0.04588089883327484
0.023449420928955078
0.035320430994033813
0.03415152058005333
0.03415152058005333
0.034156013280153275
0.03391830623149872
0.022983018308877945
0.021206006407737732
0.0
0.0
0.0
0.0
0.0
0.0
0.0
0.0
0.0
0.04211459308862686
0.014215134084224701
0.027256034314632416
0.03466632962226868
0.033747099339962006
0.03158074989914894
0.036555979400873184
0.026055950671434402
0.02693166583776474
0.04072246700525284
0.041143208742141724
0.04242723435163498
0.034075863659381866
0.03415152058005333
0.03415152058005333
0.031472399830818176
0.033170416951179504
0.025019170716404915
0.02893254905939102
0.0341181717813015
0.024999503046274185
0.025358136743307114
0.03251757472753525
0.033606838434934616
0.028560547158122063
0.024024417623877525
0.02976609580218792
0.02941461093723774
0.03070160374045372
0.034293033182621
0.031064527109265327
0.03235000744462013
0.03312337026000023
0.025661475956439972
0.027254709973931313
0.032662488520145416
0.023997751995921135
0.02789478190243244
0.03480493649840355
0.03362191468477249
0.03415152058005333
0.03415152058005333
0.03415152058005333
0.03415152058005333
0.03415152058005333
0.03415152058005333
0.03415152058005333
0.03415152058005333
0.03415152058005333
0.03415152058005333
0.03415152058005333
0.03415152058005333
0.03415152058005333
0.03415152058005333
0.03415152058005333
0.03415152058005333
0.03415152058005333
0.03415152058005333
0.03415152058005333
0.03415152058005333
0.03415152058005333
0.03415152058005333
0.03415152058005333
0.03415152058005333
0.03415152058005333
0.03415152058005333
0.03415152058005333
0.03415152058005333
0.03415152058005333
0.03415152058005333
0.03415152058005333
0.03415152058005333
0.03415152058005333
0.03415152058005333
0.03415152058005333
0.03415152058005333
0.03415152058005333
0.03415152058005333
0.03415152058005333
0.03415152058005333
0.03415152058005333
0.03415152058005333
0.03415152058005333
0.03415152058005333
0.03415152058005333
0.03415152058005333
0.03415152058005333
0.03415152058005333
0.03415152058005333
0.03415152058005333
0.03415152058005333
0.03415152058005333
0.03415152058005333
0.03415152058005333
0.03415152058005333
0.03415152058005333
0.03415152058005333
0.03415152058005333
0.03415152058005333
0.11350224912166595
0.11350224912166595
0.11350224912166595
0.11350224912166595
0.11350224912166595
0.11350224912166595
0.1385074108839035
0.14501211047172546
0.13088247179985046
0.1542634665966034
0.1253644824028015
0.1327734738588333
0.1647782027721405
0.12022741883993149
0.14269378781318665
0.139150008559227
0.1437857449054718
0.13044491410255432
0.14056962728500366
0.1374015063047409
0.13531863689422607
0.12174666672945023
0.12753741443157196
0.1158376932144165
0.11184445768594742
0.10868697613477707
0.11350224912166595
0.11350224912166595
0.11350224912166595
0.11350224912166595
0.11350224912166595
0.11350224912166595
0.11350224912166595
0.11350224912166595
0.14081372320652008
0.15386399626731873
0.17310133576393127
0.11670023947954178
0.2347351759672165
0.17848816514015198
0.1736396849155426
0.033613502979278564
0.003057539463043213
0.004089087247848511
0.021271608769893646
0.005790121853351593
0.09722647070884705
0.0
0.0
0.0
0.1153007298707962
0.12868428230285645
0.12283343821763992
0.11198770999908447
0.11350224912166595
0.11350224912166595
0.11350224912166595
0.11350224912166595
0.11350224912166595
0.11350224912166595
0.11350224912166595
0.11350224912166595
0.17028075456619263
0.11563145369291306
0.28511422872543335
0.24603354930877686
0.29944849014282227
0.3320913314819336
0.5859743356704712
0.5370339751243591
0.5677788257598877
0.5205450057983398
0.521221399307251
0.5376231670379639
0.5378081202507019
0.5339491367340088
0.14421428740024567
0.0
0.0
0.13246044516563416
0.12416701018810272
0.10717450827360153
0.11350224912166595
0.11350224912166595
0.11350224912166595
0.11350224912166595
0.11350224912166595
0.11350224912166595
0.11350224912166595
0.11350224912166595
0.1423865258693695
0.08207397162914276
0.39691394567489624
0.994236946105957
1.542385220527649
1.5282455682754517
1.9277085065841675
1.9085155725479126
1.9255735874176025
1.927104115486145
1.918982982635498
1.9075584411621094
1.5369219779968262
1.2471894025802612
0.7420685887336731
0.2202455848455429
0.0
0.13409432768821716
0.11607305705547333
0.11298835277557373
0.11350224912166595
0.11350224912166595
0.11350224912166595
0.11350224912166595
0.11350224912166595
0.11350224912166595
0.11350224912166595
0.11350224912166595
0.18331016600131989
0.5576406121253967
1.1582906246185303
1.94902765750885
3.0854272842407227
3.0398216247558594
3.2046966552734375
3.2676103115081787
3.083042621612549
3.085047960281372
3.246156692504883
3.3728203773498535
2.9974074363708496
1.845710039138794
1.2824121713638306
0.5034356117248535
0.0
0.0
0.13248896598815918
0.11670288443565369
0.11350224912166595
0.11350224912166595
0.11350224912166595
0.11350224912166595
0.11350224912166595
0.11350224912166595
0.11350224912166595
0.11350224912166595
0.14639301598072052
0.9401777982711792
2.0661582946777344
3.1585896015167236
4.293979644775391
4.476996898651123
4.785975933074951
5.123878002166748
5.033463954925537
4.790327072143555
4.564478874206543
5.023528099060059
4.788486957550049
3.362464189529419
2.019878625869751
1.0270357131958008
0.1397753357887268
0.0
0.11763683706521988
0.10592103004455566
0.11350224912166595
0.11350224912166595
0.11350224912166595
0.11350224912166595
0.11350224912166595
0.11350224912166595
0.11350224912166595
0.11350224912166595
0.1495669186115265
1.3874969482421875
3.025378465652466
4.100098609924316
4.9402241706848145
4.610164165496826
4.359960556030273
4.163351535797119
3.887918472290039
4.080511093139648
3.9571542739868164
4.441152572631836
4.995760917663574
4.394864082336426
2.745481252670288
1.5554465055465698
0.7058233022689819
0.0
0.12942172586917877
0.11377131193876266
0.11350224912166595
0.11350224912166595
0.11350224912166595
0.11350224912166595
0.11350224912166595
0.11350224912166595
0.11350224912166595
0.11350224912166595
0.11013120412826538
1.3709810972213745
3.1315176486968994
3.4611456394195557
4.2332892417907715
3.6774349212646484
3.140247106552124
2.787823438644409
2.273186206817627
2.506516218185425
3.2511730194091797
4.101597785949707
4.634422302246094
4.8830695152282715
3.0985708236694336
1.7946044206619263
0.8529698848724365
0.026676960289478302
0.13441281020641327
0.11185821890830994
0.11350224912166595
0.11350224912166595
0.11350224912166595
0.11350224912166595
0.11350224912166595
0.11350224912166595
0.11350224912166595
0.11350224912166595
0.11317940801382065
1.4627008438110352
2.9535202980041504
3.085740566253662
3.0816738605499268
2.4511537551879883
1.9674556255340576
1.5272107124328613
1.013166069984436
1.003421664237976
2.2677693367004395
3.40230131149292
4.328247547149658
5.202101230621338
3.497314691543579
1.969484806060791
0.8917362689971924
0.25916850566864014
0.11575735360383987
0.11197646707296371
0.11350224912166595
0.11350224912166595
0.11350224912166595
0.11350224912166595
0.11350224912166595
0.11350224912166595
0.11350224912166595
0.11350224912166595
0.12132015824317932
1.497856855392456
2.400886058807373
2.063047170639038
1.658774733543396
0.7615244388580322
0.29548507928848267
0.16864340007305145
0.06010502204298973
0.27073460817337036
1.628749966621399
3.222625732421875
4.095455169677734
4.493899345397949
3.2047393321990967
1.7366927862167358
0.5114349722862244
0.2763638198375702
0.12559428811073303
0.10660992562770844
0.11350224912166595
0.11350224912166595
0.11350224912166595
0.11350224912166595
0.11350224912166595
0.11350224912166595
0.11350224912166595
0.11350224912166595
0.12744219601154327
1.0199319124221802
1.6951823234558105
1.3423200845718384
1.0591707229614258
0.6205235123634338
0.3459210991859436
0.06708995997905731
0.26999491453170776
0.7644219994544983
2.1842145919799805
3.5270798206329346
4.426706314086914
4.079334259033203
2.664374589920044
1.5599877834320068
0.3250267505645752
0.30629944801330566
0.13359349966049194
0.11017486453056335
0.11350224912166595
0.11350224912166595
0.11350224912166595
0.11350224912166595
0.11350224912166595
0.11350224912166595
0.11350224912166595
0.11350224912166595
0.17230364680290222
0.6313912868499756
0.6933349370956421
0.6377992630004883
0.48382699489593506
0.35420554876327515
0.07253243029117584
0.23413468897342682
0.750230073928833
1.713470697402954
2.9581003189086914
3.992079019546509
4.632138729095459
3.3991711139678955
2.202119827270508
1.2164151668548584
0.23507720232009888
0.15321451425552368
0.12266724556684494
0.11411136388778687
0.11350224912166595
0.11350224912166595
0.11350224912166595
0.11350224912166595
0.11350224912166595
0.11350224912166595
0.11350224912166595
0.11350224912166595
0.1527559459209442
0.16647975146770477
0.17662584781646729
0.20401829481124878
0.17183464765548706
0.10239695757627487
0.2725425362586975
0.7354112863540649
1.7063878774642944
2.9771807193756104
4.037119388580322
4.676522731781006
4.755305767059326
3.5767626762390137
1.9651294946670532
1.0853177309036255
0.3355855345726013
0.17168240249156952
0.11820650845766068
0.1112007424235344
0.11350224912166595
0.11350224912166595
0.11350224912166595
0.11350224912166595
0.11350224912166595
0.11350224912166595
0.11350224912166595
0.11350224912166595
0.16648651659488678
0.1770809441804886
0.18005874752998352
0.19466431438922882
0.1133536621928215
0.2752000689506531
0.7197495698928833
1.70509672164917
2.9602019786834717
3.989717483520508
4.6599016189575195
4.743767261505127
4.422235012054443
3.0122947692871094
1.7274188995361328
0.7925511598587036
0.31487932801246643
0.20650285482406616
0.12875643372535706
0.12443916499614716
0.11350224912166595
0.11350224912166595
0.1254991888999939
0.1079002320766449
0.11574235558509827
0.10111027956008911
0.11162769794464111
0.11433611810207367
0.12182788550853729
0.1500050127506256
0.16721126437187195
0.07217985391616821
0.2723041772842407
0.7825048565864563
1.7111138105392456
2.9952640533447266
4.109539031982422
4.488940715789795
4.830613613128662
4.431678771972656
3.663090944290161
2.182929277420044
1.1857327222824097
0.6372511982917786
0.31189829111099243
0.14557191729545593
0.10104455053806305
0.11350224912166595
0.11350224912166595
0.11350224912166595
0.11539697647094727
0.1284184604883194
0.12043530493974686
0.11524881422519684
0.11501435935497284
0.11416541785001755
0.1333918422460556
0.06194804236292839
0.27726244926452637
0.1902194619178772
0.7430034875869751
1.5417121648788452
2.983285903930664
4.006091117858887
4.668772220611572
4.650232315063477
4.186936378479004
3.211893320083618
2.2695720195770264
1.1311891078948975
0.6469863653182983
0.35059571266174316
0.18967384099960327
0.15397241711616516
0.13423624634742737
0.10844812542200089
0.11350224912166595
0.11350224912166595
0.15085552632808685
0.1399814933538437
0.1467173993587494
0.10751225799322128
0.12910781800746918
0.1376807689666748
0.03101915866136551
0.24685658514499664
0.24023810029029846
0.9883107542991638
1.7747540473937988
2.8881866931915283
4.034922122955322
4.574678421020508
4.372030258178711
4.132333278656006
3.2620186805725098
1.5872093439102173
0.9845873117446899
0.4094730615615845
0.28344178199768066
0.0
0.0
0.0
0.11266587674617767
0.11139316856861115
0.11350224912166595
0.11350224912166595
0.17348891496658325
0.14964929223060608
0.1462518274784088
0.12597990036010742
0.04219934344291687
0.23065821826457977
0.1693664789199829
0.7445724606513977
1.0481113195419312
1.960513949394226
3.298163890838623
4.00759220123291
4.550986289978027
4.84970235824585
4.116858959197998
3.2773830890655518
2.4076671600341797
1.32941734790802
0.9305719137191772
0.6590681076049805
0.5241742134094238
0.5244263410568237
0.10502035915851593
0.0
0.0
0.11348815262317657
0.11350224912166595
0.11350224912166595
0.1648571789264679
0.201829731464386
0.18264025449752808
0.07035884261131287
0.29696208238601685
0.2781042456626892
0.9678478837013245
1.774503469467163
2.4412004947662354
3.4440460205078125
4.107854843139648
4.527034759521484
4.79910135269165
4.963763236999512
4.120447158813477
3.088602066040039
2.4530673027038574
2.041442394256592
1.919672966003418
1.8998876810073853
1.5068175792694092
1.217365026473999
0.7412121295928955
0.14024388790130615
0.0
0.1010022908449173
0.11350224912166595
0.11350224912166595
0.1625945270061493
0.18198361992835999
0.2214546799659729
0.07852686941623688
0.8208553791046143
1.3321219682693481
2.1746091842651367
3.251760959625244
3.957986354827881
4.529140949249268
4.767184257507324
4.931610107421875
4.970102787017822
4.9655303955078125
4.490377902984619
4.032242774963379
3.5992038249969482
3.3188905715942383
3.1644601821899414
3.168811321258545
2.788330078125
1.895857572555542
1.065130352973938
0.5337932109832764
0.0
0.11318493634462357
0.11350224912166595
0.11350224912166595
0.2078130543231964
0.19332949817180634
0.21628913283348083
0.5825337767601013
1.569844365119934
2.4800102710723877
3.78324556350708
4.143027305603027
4.494601249694824
4.8129963874816895
4.974835395812988
5.037729740142822
4.846226215362549
4.94837760925293
4.941891670227051
5.144578456878662
5.130514621734619
5.141246318817139
5.152618885040283
5.107682704925537
4.668393611907959
3.3218066692352295
1.9462281465530396
0.977934718132019
0.03506259620189667
0.11202599853277206
0.11350224912166595
0.11350224912166595
0.19934207201004028
0.2161739468574524
0.20524989068508148
1.086918592453003
2.439265489578247
3.581050395965576
4.814932823181152
4.933052062988281
5.088449478149414
5.10887336730957
5.156544208526611
5.115658760070801
5.041506290435791
4.781834125518799
4.534911632537842
4.649539470672607
4.665566921234131
4.643731117248535
4.679085731506348
4.672023773193359
4.642013072967529
3.3490798473358154
1.9719369411468506
1.102706789970398
0.24643468856811523
0.1107335314154625
0.11350224912166595
0.11350224912166595
0.17323175072669983
0.204301655292511
0.1666075438261032
1.5143887996673584
2.891653299331665
3.666109800338745
4.539647579193115
4.654656887054443
4.629342555999756
4.629666805267334
4.656074047088623
4.207961559295654
3.8662681579589844
3.662757635116577
3.2323153018951416
3.2465498447418213
3.2730395793914795
3.2381742000579834
3.2298195362091064
3.2911767959594727
3.253666400909424
2.3955376148223877
1.3567755222320557
0.7167852520942688
0.25058984756469727
0.12379179149866104
0.11350224912166595
0.11350224912166595
0.1678883135318756
0.20736002922058105
0.18555857241153717
1.0239027738571167
2.105839252471924
2.663652181625366
3.119361639022827
3.258211851119995
3.248685598373413
3.2519686222076416
3.242079973220825
2.8547728061676025
2.297976016998291
2.1018288135528564
1.956637978553772
1.96158766746521
1.9678356647491455
1.974386215209961
1.9785659313201904
2.014495372772217
2.0580925941467285
1.5520951747894287
1.019508719444275
0.5918244123458862
0.27746516466140747
0.11323148757219315
0.11350224912166595
0.11350224912166595
0.12577426433563232
0.16926802694797516
0.17172478139400482
0.6078537702560425
1.1249570846557617
1.5274016857147217
1.8024667501449585
1.9535276889801025
1.9626957178115845
1.9850525856018066
1.9882392883300781
1.5304863452911377
1.013452172279358
0.6116915345191956
0.33414560556411743
0.16032074391841888
0.14621487259864807
0.15174457430839539
0.14483559131622314
0.16723249852657318
0.18870028853416443
0.18237309157848358
0.1518537849187851
0.13888339698314667
0.1139196902513504
0.11478894203901291
0.11350224912166595
0.11350224912166595
0.1252135932445526
0.14414426684379578
0.1437915712594986
0.13447487354278564
0.14966118335723877
0.1550164818763733
0.1436425894498825
0.13563579320907593
0.13962705433368683
0.14920508861541748
0.14570994675159454
0.15073320269584656
0.14402343332767487
0.13149519264698029
0.12880997359752655
0.12626497447490692
0.12191089242696762
0.1400282382965088
0.14584974944591522
0.1390179991722107
0.15706530213356018
0.1529558002948761
0.1385512351989746
0.12969182431697845
0.12250912189483643
0.11350224912166595
0.11350224912166595
0.11350224912166595
0.11350224912166595
0.11350224912166595
0.11350224912166595
0.11350224912166595
0.11350224912166595
0.11350224912166595
0.11350224912166595
0.11350224912166595
0.11350224912166595
0.11350224912166595
0.11350224912166595
0.11350224912166595
0.11350224912166595
0.11350224912166595
0.11350224912166595
0.11350224912166595
0.11350224912166595
0.11350224912166595
0.11350224912166595
0.11350224912166595
0.11350224912166595
0.11350224912166595
0.11350224912166595
0.11350224912166595
0.11350224912166595
0.11350224912166595
0.11350224912166595
0.11350224912166595
0.11350224912166595
0.11350224912166595
0.11350224912166595
0.11350224912166595
0.11350224912166595
0.11350224912166595
0.11350224912166595
0.11350224912166595
0.11350224912166595
0.11350224912166595
0.11350224912166595
0.11350224912166595
0.11350224912166595
0.11350224912166595
0.11350224912166595
0.11350224912166595
0.11350224912166595
0.11350224912166595
0.11350224912166595
0.11350224912166595
0.11350224912166595
0.11350224912166595
0.11350224912166595
0.11350224912166595
0.11350224912166595
0.11350224912166595
0.11350224912166595
0.11350224912166595
8.272726518043783e-06
8.272726518043783e-06
8.272726518043783e-06
8.272726518043783e-06
8.272726518043783e-06
8.272726518043783e-06
0.0
0.0
0.0
0.0
0.0
0.0
0.0
0.0
0.0
0.003602842567488551
0.0
0.0
0.0
0.0
0.0
0.006057986058294773
0.0
0.0
0.004080678336322308
0.0002693578426260501
8.272726518043783e-06
8.272726518043783e-06
8.272726518043783e-06
8.272726518043783e-06
8.272726518043783e-06
8.272726518043783e-06
8.272726518043783e-06
8.272726518043783e-06
0.0
0.0
0.0
0.0
0.0
0.0
0.0
0.0
0.0
0.0
0.0
0.0
0.0
0.05840243026614189
0.044732850044965744
0.07958206534385681
0.0010677410755306482
2.439648233121261e-05
0.0003231941082049161
0.0
8.272726518043783e-06
8.272726518043783e-06
8.272726518043783e-06
8.272726518043783e-06
8.272726518043783e-06
8.272726518043783e-06
8.272726518043783e-06
8.272726518043783e-06
0.0
0.0
0.0
0.0
0.0
0.0
0.0
0.0
0.0
0.0
0.0
0.0
0.0
0.0
0.05370346084237099
0.0
0.09182348102331161
0.0019987269770354033
0.0
0.0020263432525098324
8.272726518043783e-06
8.272726518043783e-06
8.272726518043783e-06
8.272726518043783e-06
8.272726518043783e-06
8.272726518043783e-06
8.272726518043783e-06
8.272726518043783e-06
0.0
0.0
0.0
0.0
0.0
0.0
0.0
0.0
0.0
0.0
0.0
0.0
0.0
0.0
0.0
0.0
0.0
0.0
0.012370582669973373
0.0
8.272726518043783e-06
8.272726518043783e-06
8.272726518043783e-06
8.272726518043783e-06
8.272726518043783e-06
8.272726518043783e-06
8.272726518043783e-06
8.272726518043783e-06
0.0026435416657477617
0.0
0.0
0.0
0.0
0.0
0.0
0.0
0.0
0.0
0.0
0.0
0.0
0.0
0.0
0.11119785904884338
0.0
0.11131984740495682
0.0
0.0
8.272726518043783e-06
8.272726518043783e-06
8.272726518043783e-06
8.272726518043783e-06
8.272726518043783e-06
8.272726518043783e-06
8.272726518043783e-06
8.272726518043783e-06
0.0
0.0
0.0
0.0
0.0
0.0
0.0
0.0
0.0
0.0
0.0
0.0
0.0
0.0
0.0
0.0
0.0
0.0
0.0
0.00531749939545989
8.272726518043783e-06
8.272726518043783e-06
8.272726518043783e-06
8.272726518043783e-06
8.272726518043783e-06
8.272726518043783e-06
8.272726518043783e-06
8.272726518043783e-06
0.014696886762976646
0.0
0.0
0.0
0.0
0.0
0.0
0.0
0.0
0.0
0.0
0.0
0.0
0.0
0.0
0.0
0.010640355758368969
0.0
0.0
0.0
8.272726518043783e-06
8.272726518043783e-06
8.272726518043783e-06
8.272726518043783e-06
8.272726518043783e-06
8.272726518043783e-06
8.272726518043783e-06
8.272726518043783e-06
0.0
0.0
0.0
0.0
0.0
0.0
0.0
0.0
0.0
0.006521093659102917
0.0
0.0
0.0
0.0
0.0
0.0
0.21850058436393738
0.0
0.007054091431200504
0.0
8.272726518043783e-06
8.272726518043783e-06
8.272726518043783e-06
8.272726518043783e-06
8.272726518043783e-06
8.272726518043783e-06
8.272726518043783e-06
8.272726518043783e-06
0.0
0.0
0.0
0.0
0.04412340000271797
0.0
0.0
0.0
0.0
0.0
0.0
0.0
0.0
0.0
0.0
0.0
0.0
0.0
0.004202490672469139
0.0
8.272726518043783e-06
8.272726518043783e-06
8.272726518043783e-06
8.272726518043783e-06
8.272726518043783e-06
8.272726518043783e-06
8.272726518043783e-06
8.272726518043783e-06
0.0
0.0
0.10177595168352127
0.0
0.0
0.0
0.0
0.0
0.0
0.0
0.0
0.0
0.0
0.0
0.0
0.0
0.0
0.002098737983033061
0.0
0.006247200071811676
8.272726518043783e-06
8.272726518043783e-06
8.272726518043783e-06
8.272726518043783e-06
8.272726518043783e-06
8.272726518043783e-06
8.272726518043783e-06
8.272726518043783e-06
0.0
0.10460083931684494
0.1303512305021286
0.0
0.0
0.0
0.0
0.0
0.0
0.0
0.0
0.0
0.0
0.0
0.0
0.0
0.0
0.0
0.004916138015687466
0.0
8.272726518043783e-06
8.272726518043783e-06
8.272726518043783e-06
8.272726518043783e-06
8.272726518043783e-06
8.272726518043783e-06
8.272726518043783e-06
8.272726518043783e-06
0.0
0.1852811723947525
0.0
0.0
0.0
0.0
0.0
0.0
0.0
0.0
0.0
0.0
0.0
0.0
0.0
0.021132396534085274
0.0
0.0
0.0229144636541605
0.0
8.272726518043783e-06
8.272726518043783e-06
8.272726518043783e-06
8.272726518043783e-06
8.272726518043783e-06
8.272726518043783e-06
8.272726518043783e-06
8.272726518043783e-06
0.0
0.0
0.0
0.015389028005301952
0.0
0.0
0.0
0.0
0.0
0.0
0.0
0.0
0.0
0.0
0.0
0.0
0.0
0.0
0.0
0.002568040741607547
8.272726518043783e-06
8.272726518043783e-06
8.272726518043783e-06
8.272726518043783e-06
8.272726518043783e-06
8.272726518043783e-06
8.272726518043783e-06
8.272726518043783e-06
0.013216700404882431
0.0
0.0
0.0
0.0
0.0
0.0
0.0
0.0
0.0
0.0
0.0
0.0
0.0
0.0
0.0
0.0
0.013251199387013912
0.0
0.0
8.272726518043783e-06
8.272726518043783e-06
0.0
0.002131110755726695
0.0
0.00787816010415554
0.0
0.0
0.0
0.0
0.0
0.0
0.0
0.0
0.0
0.0
0.0
0.0
0.0
0.0
0.0
0.0
0.0
0.0
0.0
0.015716372057795525
0.00604862067848444
8.272726518043783e-06
8.272726518043783e-06
8.272726518043783e-06
0.0
0.0
0.009883026592433453
0.0
0.0
0.0
0.0
0.0
0.0
0.0
0.0
0.0
0.0
0.0
0.0
0.0
0.0
0.0
0.0
0.0
0.0
0.0
0.0
0.0
0.0
0.0032007622066885233
8.272726518043783e-06
8.272726518043783e-06
0.0
0.0
0.0
0.0
0.0
0.0013857341837137938
0.0
0.0
0.0
0.0
0.0
0.0
0.0
0.0
0.0
0.0
0.0
0.0
0.0
0.0
0.0
0.04682806506752968
0.03742259368300438
0.09603852778673172
0.005407227668911219
0.0
8.272726518043783e-06
8.272726518043783e-06
0.0
0.0
0.0
0.0
0.0
0.0
0.0
0.0
0.0
0.0
0.0
0.0
0.0
0.0
0.0
0.0
0.0
0.0
0.0
0.0
0.0
0.0
0.08047063648700714
0.0
0.11468404531478882
0.0
8.272726518043783e-06
8.272726518043783e-06
0.0
0.0
0.0
0.0
0.0
0.0
0.0
0.0
0.0
0.0
0.0
0.0
0.0
0.0
0.0
0.0
0.0
0.0
0.0
0.0
0.0
0.0
0.0
0.0
0.0
0.008359414525330067
8.272726518043783e-06
8.272726518043783e-06
0.0
0.0
0.0018010560888797045
0.0
0.0
0.0
0.0
0.0
0.0
0.0
0.0
0.0
0.0
0.0
0.0
0.0
0.0
0.0
0.0
0.0
0.0
0.0
0.0
0.05989393964409828
0.0
0.0
8.272726518043783e-06
8.272726518043783e-06
0.0
0.0
0.0
0.0
0.0
0.0
0.0
0.0
0.0
0.0
0.0
0.0
0.0
0.0
0.0
0.0
0.0
0.0
0.0
0.0
0.0
0.0
0.0
0.10190106183290482
0.0
0.0
8.272726518043783e-06
8.272726518043783e-06
0.0
0.0
0.0
0.0
0.0
0.0
0.0
0.0
0.0
0.0
0.0
0.0
0.0
0.0
0.0
0.0
0.0
0.0
0.0
0.0
0.0
0.0
0.0
0.0
0.0
0.001407833769917488
8.272726518043783e-06
8.272726518043783e-06
0.0
0.0
0.0
0.0
0.0
0.0
0.0
0.0
0.0
0.0
0.0
0.0
0.0
0.0
0.0
0.0
0.0
0.0
0.0
0.0
0.0
0.0
0.0
0.0
0.0
0.0
8.272726518043783e-06
8.272726518043783e-06
0.0019357403507456183
0.0
0.0
0.1028723195195198
0.1040421724319458
0.0
0.0
0.0
0.0
0.0
0.0
0.0
0.0
0.06622223556041718
0.0
0.0
0.0
0.0
0.0
0.0
0.0
0.0
0.0
0.0
0.0
0.0003094219136983156
8.272726518043783e-06
8.272726518043783e-06
0.0
0.009787098504602909
0.0
0.1785609871149063
0.15754838287830353
0.15422724187374115
0.0
0.0
0.0
0.0
0.0
0.0
0.0
0.0
0.0
0.0
0.0
0.0
0.0
0.008203412406146526
0.0
0.0031558305490761995
0.0
0.002696227515116334
0.0006864176248200238
0.0
8.272726518043783e-06
8.272726518043783e-06
0.000492031336762011
0.004473317880183458
0.0
0.0
7.32194384909235e-05
0.0009534184355288744
0.0
0.0
0.0
0.006099476013332605
0.0
0.0
0.0
0.0
0.0
0.0
0.0005755886668339372
0.005168786272406578
0.0008518064278177917
0.0
0.0021316956263035536
0.0
0.0
0.0
0.0
8.272726518043783e-06
8.272726518043783e-06
8.272726518043783e-06
8.272726518043783e-06
8.272726518043783e-06
8.272726518043783e-06
8.272726518043783e-06
8.272726518043783e-06
8.272726518043783e-06
8.272726518043783e-06
8.272726518043783e-06
8.272726518043783e-06
8.272726518043783e-06
8.272726518043783e-06
8.272726518043783e-06
8.272726518043783e-06
8.272726518043783e-06
8.272726518043783e-06
8.272726518043783e-06
8.272726518043783e-06
8.272726518043783e-06
8.272726518043783e-06
8.272726518043783e-06
8.272726518043783e-06
8.272726518043783e-06
8.272726518043783e-06
8.272726518043783e-06
8.272726518043783e-06
8.272726518043783e-06
8.272726518043783e-06
8.272726518043783e-06
8.272726518043783e-06
8.272726518043783e-06
8.272726518043783e-06
8.272726518043783e-06
8.272726518043783e-06
8.272726518043783e-06
8.272726518043783e-06
8.272726518043783e-06
8.272726518043783e-06
8.272726518043783e-06
8.272726518043783e-06
8.272726518043783e-06
8.272726518043783e-06
8.272726518043783e-06
8.272726518043783e-06
8.272726518043783e-06
8.272726518043783e-06
8.272726518043783e-06
8.272726518043783e-06
8.272726518043783e-06
8.272726518043783e-06
8.272726518043783e-06
8.272726518043783e-06
8.272726518043783e-06
8.272726518043783e-06
8.272726518043783e-06
8.272726518043783e-06
8.272726518043783e-06
