2.377781867980957
3.038405418395996
2.5193305015563965
2.2221736907958984
0.0
1.4278416633605957
4.687326431274414
6.664440631866455
5.3848443031311035
0.0
0.93284010887146
3.901634693145752
2.5354747772216797
1.9931985139846802
0.10634733736515045
2.1948673725128174
1.51143479347229
1.5421967506408691
0.413615882396698
0.0
4.575414180755615
5.434068202972412
5.705289363861084
3.9920735359191895
1.0070812702178955
0.0
0.0
2.2316339015960693
1.064984679222107
10.713310241699219
0.0
1.7390589714050293
1.5543732643127441
2.089765787124634
14.42605209350586
0.0
0.0
0.0
9.410163879394531
11.568056106567383
0.0
0.0
3.6965954303741455
10.13253116607666
7.201910018920898
0.0
3.421478271484375
8.209529876708984
5.344561576843262
8.210994720458984
0.7459219098091125
2.993748188018799
2.564927816390991
3.7034575939178467
5.049585342407227
0.30423733592033386
0.0
1.1062498092651367
4.673319339752197
3.289066791534424
0.1865677833557129
2.647200584411621
7.407537460327148
4.456507682800293
2.0914907455444336
2.7796831130981445
7.236617088317871
5.264219760894775
4.909109115600586
5.261760711669922
1.5384191274642944
1.2277799844741821
0.7839727401733398
0.9702819585800171
0.5915084481239319
1.7344701290130615
2.561635732650757
0.028224289417266846
0.03558862954378128
1.1407575607299805
0.0
0.0
3.991309642791748
5.504083156585693
0.04140694811940193
1.1360628604888916
7.856310844421387
10.204276084899902
0.9939504265785217
0.732614278793335
8.100234985351562
9.732586860656738
2.3745827674865723
3.08192777633667
5.3154988288879395
0.4751832187175751
0.0
0.0
0.0
0.0
2.3599562644958496
6.997685432434082
13.03416633605957
6.02032995223999
1.146189570426941
1.7554693222045898
4.495459079742432
3.348726749420166
1.949916958808899
5.478516101837158
0.0
0.0
0.0
3.9792537689208984
4.356387615203857
0.0
0.9772749543190002
4.682677268981934
3.4573287963867188
0.28841981291770935
10.614274978637695
18.519451141357422
21.416027069091797
18.60219955444336
11.137310981750488
3.2574574947357178
1.9178009033203125
2.828904151916504
1.1065782308578491
0.0
3.802337884902954
5.231205463409424
7.494082450866699
1.2858736515045166
0.0
2.2302372455596924
2.0579750537872314
0.48554059863090515
0.0
0.0
1.1672437191009521
0.0
0.0
0.0
0.0
5.436708450317383
4.7563276290893555
5.4806928634643555
4.862639427185059
1.3904794454574585
1.0452451705932617
6.719182014465332
5.760444641113281
5.168017387390137
0.44741857051849365
2.7414517402648926
3.76869797706604
0.22149555385112762
3.5674781799316406
0.0
1.2442469596862793
0.6102237701416016
6.107791900634766
5.108132362365723
0.0
2.480081558227539
7.822166442871094
8.799250602722168
0.6895856857299805
0.9208332300186157
7.492729187011719
7.697017669677734
2.220689058303833
1.6293225288391113
0.9509469270706177
0.0
0.0
0.0
0.0
0.0
0.0
0.0
0.0
0.0
0.0
0.0
0.0
0.0
0.0
0.0
0.0
0.0
0.0
0.0
0.0
0.0
0.0
0.0
0.0
0.0
0.0
2.1387104988098145
5.290882587432861
6.818645477294922
7.503189563751221
0.0
0.1107231006026268
0.0
3.4307782649993896
5.279007911682129
0.6430318355560303
0.48574602603912354
4.153013229370117
8.121143341064453
1.3157445192337036
1.444774866104126
5.899247169494629
9.541770935058594
6.624482154846191
5.652210235595703
0.6902971863746643
2.6154463291168213
1.463719367980957
1.903932809829712
3.0882468223571777
2.2607173919677734
3.548163414001465
4.64586877822876
3.5663647651672363
3.721071243286133
1.806915521621704
0.30480489134788513
4.183314800262451
4.3693928718566895
3.280439615249634
1.2338343858718872
3.4601879119873047
8.045202255249023
3.5972018241882324
2.002002239227295
4.089777946472168
8.454532623291016
6.403386116027832
4.514665126800537
4.64124870300293
3.698563814163208
3.0532279014587402
2.421215057373047
2.5186574459075928
0.7637770175933838
0.0
0.31496575474739075
4.626614093780518
6.796875953674316
9.279949188232422
0.0
1.109696388244629
0.827941358089447
3.3823208808898926
10.035860061645508
0.0
0.04325710982084274
0.7807473540306091
9.339496612548828
7.314350128173828
0.0
1.210405707359314
8.692631721496582
12.186211585998535
7.493002891540527
0.0
3.868791103363037
6.04187536239624
4.642478942871094
6.40480375289917
4.208438873291016
6.239505290985107
7.4558796882629395
3.69612193107605
1.137011170387268
1.9693549871444702
0.3809644877910614
2.1751058101654053
1.6302051544189453
1.208713412284851
0.015990588814020157
1.59539794921875
4.639043807983398
1.0320435762405396
0.4285022020339966
4.089781761169434
7.742563247680664
5.524690628051758
3.2859818935394287
2.014416217803955
7.005171775817871
5.757892608642578
5.265746116638184
4.587366580963135
1.3853182792663574
2.3970415592193604
3.4831418991088867
7.12933349609375
1.1617157459259033
0.17570984363555908
3.763792037963867
5.194732666015625
3.60382080078125
0.04879441112279892
1.5665202140808105
0.411119669675827
0.0
0.0
2.2981042861938477
1.9085988998413086
0.0
0.41295740008354187
1.3954122066497803
0.0
0.0
7.723769664764404
11.726308822631836
12.4068603515625
9.2960786819458
4.395814895629883
0.6296415328979492
3.936962127685547
5.287576198577881
2.7838330268859863
0.6835575103759766
1.4102532863616943
5.827931880950928
4.008824348449707
7.802703380584717
3.519817352294922
0.372818261384964
0.45942720770835876
2.988797664642334
7.812145233154297
2.1809279918670654
0.04131043329834938
2.526063919067383
7.142851829528809
3.888674736022949
0.38454240560531616
5.388982772827148
9.252540588378906
9.385697364807129
7.43828010559082
2.9793970584869385
0.4526187777519226
0.0
0.0
0.0
3.2237601280212402
0.013926447369158268
1.0027471780776978
4.334605693817139
4.058748722076416
3.689786672592163
2.0454673767089844
4.402232646942139
4.16845703125
1.2434524297714233
4.05839729309082
2.8276681900024414
2.8641183376312256
1.8197036981582642
5.298854351043701
5.609892845153809
0.0
0.0
0.0
0.0
0.16241005063056946
4.712447166442871
9.573088645935059
10.045151710510254
8.742744445800781
1.4509202241897583
0.6615314483642578
0.0
0.5756856203079224
2.54522442817688
0.499372273683548
0.0
1.528696060180664
4.253347396850586
0.917076587677002
0.3858858346939087
5.133662223815918
8.34250259399414
5.395785808563232
4.3363800048828125
1.1238605976104736
8.555825233459473
7.233108043670654
6.694931507110596
7.270736217498779
3.912597179412842
