0.0
3.0240490436553955
6.218783378601074
0.0
0.0
0.0
0.0
0.0
1.5018168687820435
0.0
3.6021316051483154
6.9733147621154785
0.0
0.0
5.464262962341309
2.4509904384613037
0.6440473794937134
1.472151756286621
3.5419750213623047
0.0
0.4791836142539978
0.6238595247268677
5.199479103088379
0.6295801401138306
2.546102523803711
1.7197657823562622
4.446042537689209
0.0
0.0
3.515054702758789
0.0
2.0783965587615967
3.200251340866089
6.636270046234131
0.21557749807834625
0.42034944891929626
0.9542391896247864
0.0
2.9536819458007812
0.8543731570243835
0.0
2.1968629360198975
0.15551766753196716
7.3058390617370605
0.0
4.8896803855896
0.0
0.0
0.0
0.0
3.1249260902404785
1.4217687845230103
0.0
2.2421176433563232
1.6222214698791504
0.0
4.71320104598999
6.121891975402832
1.2123005390167236
4.02266788482666
2.1192586421966553
0.0
0.0
1.9793776273727417
0.0
4.220548629760742
0.0
0.0
3.2080612182617188
3.2252936363220215
2.28928542137146
1.041153907775879
1.083892822265625
5.430330753326416
4.548116207122803
5.356786251068115
0.11449531465768814
5.176532745361328
1.6383183002471924
0.0
0.0
1.4702656269073486
3.485088348388672
0.0
