0.09324224293231964
1.3149621486663818
0.7283651828765869
0.0
0.0
1.1460669040679932
2.9127140045166016
0.8301222324371338
1.694974660873413
1.8472506999969482
1.9805231094360352
4.856509208679199
2.3949995040893555
0.17243535816669464
1.1931217908859253
0.21448171138763428
2.7746458053588867
4.231153964996338
0.0
0.0
4.630074501037598
0.9317548871040344
1.10426926612854
0.2918159067630768
0.0
0.02246233820915222
0.0
0.0
0.10765716433525085
1.0501368045806885
0.0
0.0
3.125779628753662
5.704898834228516
4.544874668121338
0.0
0.035852186381816864
4.616164684295654
7.456303119659424
4.092110633850098
0.0
1.9778499603271484
0.30484750866889954
8.959619522094727
2.316819190979004
0.0
0.20374634861946106
4.34860897064209
8.060388565063477
0.5167287588119507
0.009994888678193092
0.8096553087234497
4.083700656890869
4.523119926452637
4.327690124511719
0.17384344339370728
3.042670726776123
5.1266560554504395
2.5958690643310547
0.49870020151138306
1.696121335029602
1.134148120880127
1.170611023902893
2.922377109527588
0.47405797243118286
1.869612216949463
2.533799648284912
3.2983238697052
2.659036636352539
0.45567941665649414
0.1249672994017601
2.291534900665283
1.3901267051696777
0.12606143951416016
0.12910588085651398
0.2756178081035614
3.758183717727661
9.338451385498047
8.670555114746094
5.970067977905273
1.4284465312957764
4.773826599121094
1.5869197845458984
0.0
0.0
2.253021240234375
0.3972790539264679
0.0
1.5566790103912354
1.1007328033447266
2.8960330486297607
3.4803876876831055
4.610043525695801
0.36412233114242554
0.0
0.0
0.46064114570617676
0.0
0.0
0.1519693285226822
0.0
0.0
0.0
0.12439952790737152
0.32404613494873047
0.19363179802894592
0.45750927925109863
2.5743954181671143
8.800007820129395
9.724817276000977
0.3811725676059723
5.81270694732666
6.499619483947754
0.266644686460495
1.1741018295288086
0.11725742369890213
0.12145401537418365
1.7485400438308716
3.752699851989746
1.596901535987854
8.120644569396973
8.869043350219727
8.462385177612305
6.507734298706055
1.0121418237686157
0.9462986588478088
1.2969672679901123
0.0
0.0
0.0
2.3339338302612305
2.154141426086426
0.0
0.6960845589637756
1.4107754230499268
2.0517497062683105
4.085035800933838
0.912830114364624
0.0
0.7382645010948181
0.8158843517303467
0.7865203022956848
0.7758778929710388
0.0
0.15704888105392456
3.3169236183166504
1.707975149154663
0.4869384765625
0.557720422744751
0.9827733039855957
0.433962881565094
0.9263759255409241
1.392183542251587
1.8870368003845215
2.641596794128418
0.34220588207244873
5.033464431762695
5.49984073638916
2.0885632038116455
1.9601362943649292
1.3495068550109863
6.157430648803711
1.8535685539245605
0.0
0.0
4.611212730407715
2.136436939239502
1.33039391040802
0.0
0.04291321337223053
3.202587127685547
3.278348207473755
5.151735782623291
0.0
0.022009026259183884
0.0
0.0
0.0
0.0
0.0
0.0
0.0
0.0
0.0
0.0
0.0
0.0
0.0
0.0
0.0
0.0
0.0
0.0
0.0
0.0
0.0
0.0
0.0
0.0
0.0
0.30023273825645447
1.016937017440796
3.4380316734313965
5.029909133911133
5.3751220703125
0.048057883977890015
1.3929874897003174
6.69306755065918
2.5150043964385986
2.2408719062805176
0.0
0.9883421659469604
3.5422911643981934
2.965939998626709
0.22774595022201538
3.0697247982025146
2.3265609741210938
1.1206828355789185
4.642830848693848
0.6782261729240417
0.665695071220398
2.7664172649383545
4.3307085037231445
0.8011856079101562
0.04892754927277565
0.36252960562705994
1.781321406364441
3.4470295906066895
4.186270713806152
3.140333890914917
1.381295919418335
4.16502571105957
4.72199821472168
3.431917190551758
0.743194580078125
2.6479058265686035
3.165773391723633
1.8220109939575195
3.1419453620910645
0.5623142719268799
2.785074472427368
3.7825112342834473
3.247185230255127
2.5626180171966553
0.768991231918335
1.129412293434143
3.5407674312591553
1.8839564323425293
0.3803505301475525
0.7012203931808472
0.033159039914608
0.0
1.4015941619873047
3.600579261779785
4.534296035766602
0.0
0.0
4.806774139404297
4.579084396362305
3.8873865604400635
0.0
0.2440110445022583
6.5865678787231445
6.168875694274902
2.354830741882324
0.7503460049629211
3.0826737880706787
2.344127893447876
6.729687690734863
2.1016886234283447
0.4495915472507477
2.7469584941864014
5.3176188468933105
5.290459632873535
0.45291030406951904
0.36567068099975586
0.7935158014297485
1.4984006881713867
3.0809526443481445
2.046002149581909
2.079664945602417
4.786688804626465
2.9073753356933594
3.806894540786743
1.690155267715454
2.314103126525879
4.213675022125244
1.1200734376907349
0.26418957114219666
0.39139002561569214
1.4857183694839478
1.2324347496032715
1.9538304805755615
1.0087586641311646
1.239680528640747
3.939399003982544
5.279613494873047
2.6135473251342773
0.42626240849494934
0.6353805661201477
0.12115055322647095
0.0
0.0
0.0
0.0
0.8309730291366577
0.16665782034397125
1.7231037616729736
6.567233562469482
5.122725009918213
1.6157152652740479
5.234119892120361
1.7053475379943848
0.26384490728378296
1.1115185022354126
0.0
1.577747106552124
0.6274128556251526
0.9817863702774048
0.8975917100906372
4.592739105224609
3.365678310394287
4.274613380432129
2.8796677589416504
0.23806267976760864
0.15142479538917542
0.0
0.2098059505224228
0.4207225739955902
0.02657351642847061
0.06546203047037125
1.2411118745803833
3.7923598289489746
4.864047527313232
4.586437702178955
0.45183175802230835
6.335653781890869
4.911272048950195
1.819871425628662
2.476750373840332
0.5976102352142334
2.474900007247925
5.691070079803467
2.7588186264038086
0.0
4.80961275100708
2.831486225128174
4.299989223480225
1.9041554927825928
0.0271681509912014
0.9638166427612305
2.0887982845306396
4.186922550201416
4.385923385620117
2.3082597255706787
1.2275038957595825
0.509969174861908
0.1008867621421814
0.41815459728240967
0.08170715719461441
0.18791596591472626
0.004331509582698345
0.6797637343406677
4.730295181274414
2.9140450954437256
1.1654549837112427
3.3261454105377197
3.4739818572998047
2.287911891937256
0.7891092896461487
0.0
0.09099669754505157
0.0
0.8866169452667236
1.0702362060546875
0.03197071701288223
1.1175590753555298
2.574439525604248
3.5467028617858887
2.6397573947906494
1.7902390956878662
6.339039325714111
3.8539416790008545
4.309795379638672
3.6287589073181152
1.575605034828186
4.207720756530762
2.903414249420166
0.2405034452676773
0.0
1.7702534198760986
0.0
2.2154455184936523
0.9941549301147461
0.5194702744483948
6.442649841308594
8.034102439880371
2.6359500885009766
0.7007577419281006
0.2888006865978241
