0.010142351500689983
0.01651771180331707
0.06516055017709732
0.12979379296302795
-0.041976869106292725
0.09206436574459076
-0.07909125834703445
0.0865352675318718
-0.08585600554943085
0.08101492375135422
0.029289357364177704
0.08136361092329025
-0.005131907761096954
0.043606992810964584
-0.012739059515297413
0.025959789752960205
0.12624652683734894
0.030958101153373718
0.07227945327758789
0.04329772666096687
0.12609167397022247
0.12516875565052032
0.013020077720284462
0.14664797484874725
-0.0794091671705246
-0.04067262262105942
0.05904526263475418
0.08563752472400665
0.1420026272535324
0.15105080604553223
0.028173627331852913
-0.10539142042398453
-0.13696074485778809
0.025982266291975975
0.03172362595796585
-0.12960445880889893
-0.02551502175629139
0.0014698997838422656
-0.104404017329216
-0.08219555020332336
-0.053434163331985474
-0.13771475851535797
-0.028827913105487823
0.024928860366344452
0.00662397313863039
0.006542903836816549
-0.07143136858940125
-0.09149929881095886
0.008550243452191353
0.09957272559404373
0.06258819252252579
0.045636121183633804
-0.0863257497549057
-0.05654193088412285
0.057564627379179
0.07195597141981125
0.15277644991874695
0.009040570817887783
0.09837573021650314
0.15335069596767426
0.02888510748744011
-0.09025153517723083
-0.05062706768512726
-0.02737111784517765
0.03861065208911896
0.0890032947063446
0.05581159517168999
-0.06495624035596848
0.009815244004130363
0.017777057364583015
-0.024233130738139153
0.0007877855096012354
-0.06345099955797195
-0.04590143263339996
-0.04039478674530983
-0.05395185947418213
-0.18092398345470428
-0.046597883105278015
0.0947001576423645
0.034258607774972916
-0.09985852986574173
-0.02894720435142517
-0.10430006682872772
-0.15923763811588287
0.0305026788264513
0.028230993077158928
-0.12253858149051666
0.03851509839296341
0.10103791952133179
-0.10264093428850174
0.02699638344347477
-0.032896410673856735
0.13682259619235992
0.10990337282419205
-0.033598393201828
0.05357818305492401
-0.06375603377819061
0.06383106857538223
-0.029248207807540894
-0.11199022829532623
-0.035067521035671234
-0.00405459338799119
0.09615781158208847
-0.06716667115688324
-0.09747231751680374
0.0379084050655365
-0.05676557123661041
0.06598193943500519
0.052595969289541245
0.014333224855363369
0.014408128336071968
-0.07851582765579224
0.04165031015872955
0.03809216246008873
-0.0963805690407753
0.020200738683342934
-0.10116123408079147
-0.03555605560541153
-0.053296662867069244
-0.0450456328690052
-0.0321442075073719
0.07712513208389282
-0.019731560721993446
0.0767279639840126
-0.07025346159934998
-0.012521686032414436
0.011256669647991657
0.09314106404781342
0.06764619052410126
-0.042320068925619125
0.13194164633750916
0.04989183694124222
-0.057997629046440125
-0.07372181862592697
0.05868608132004738
0.006755501963198185
0.07965087890625
0.14935924112796783
-0.0720214769244194
-0.07789400219917297
0.032832447439432144
-0.07882412523031235
-0.017124129459261894
0.047457821667194366
-0.08720597624778748
-0.03827577084302902
-0.07426813989877701
0.014813724905252457
-0.05652160570025444
-0.004942020867019892
0.07231250405311584
-0.10472258925437927
-0.024591876193881035
-0.05230124667286873
0.06632070243358612
-0.10925314575433731
0.10887876898050308
-0.08691130578517914
-0.09538491815328598
0.008759667165577412
-0.136992409825325
-0.11385543644428253
-0.017847757786512375
0.02045607566833496
0.05349867790937424
-0.1312258243560791
0.12731337547302246
0.08998817205429077
0.09916660934686661
0.08123603463172913
0.0061954474076628685
-0.0672123059630394
0.1813657432794571
0.004662577528506517
0.08007550984621048
-0.04874075949192047
0.022191505879163742
-0.0567207857966423
0.03640514984726906
0.07132121920585632
-0.09364692866802216
-0.02793893963098526
0.0809071734547615
0.08647143095731735
0.008583408780395985
-0.03139233961701393
-0.005626962520182133
-0.03829450532793999
0.12077207863330841
-0.030444741249084473
0.07626613974571228
0.10170541703701019
-0.037821732461452484
0.11956345289945602
0.02063913829624653
0.09477614611387253
0.1856589913368225
0.06712139397859573
0.03946631774306297
0.013952676206827164
0.06677097082138062
0.05778548866510391
0.1610141545534134
0.17303726077079773
-0.06830473244190216
-0.04198462888598442
0.035323020070791245
-0.009338068775832653
0.1166110560297966
0.03378506749868393
-0.05276278406381607
0.03226662799715996
0.054447464644908905
-0.08069083094596863
-0.032939162105321884
-0.08272136747837067
-0.043339066207408905
0.10401223599910736
0.05769496038556099
0.03076140582561493
0.08262189477682114
0.07290418446063995
0.07802276313304901
0.019844304770231247
-0.05483235791325569
0.18470244109630585
0.0019161183154210448
0.10044259577989578
-0.01803707331418991
-0.014221886172890663
0.0429069846868515
0.11974535137414932
0.03319168835878372
-0.12290958315134048
0.07865443080663681
0.047043051570653915
-0.16879579424858093
0.09664126485586166
-0.14335985481739044
-0.15676307678222656
0.10468027740716934
-0.015487845987081528
0.07318861782550812
-0.07416120916604996
-0.027338355779647827
-0.0960879698395729
0.03147951513528824
0.04959173873066902
0.0557369664311409
-0.08600357174873352
-0.10281295329332352
-0.03374513238668442
0.007774317171424627
0.06826228648424149
-0.17114730179309845
-0.013320300728082657
-0.016902316361665726
0.03264601528644562
-0.035661354660987854
0.05498964712023735
-0.12179990857839584
-0.10847779363393784
-0.17818012833595276
-0.1077566146850586
-0.02996271662414074
-0.11169084906578064
-0.15020060539245605
-0.10976947844028473
-0.1323365569114685
-0.01112430915236473
-0.03377087041735649
-0.010790211148560047
-0.03334886580705643
-0.076607845723629
-0.002194433007389307
0.022519560530781746
0.07783667743206024
0.0833234116435051
0.03841026499867439
0.011918304488062859
-0.12381597608327866
0.11894150823354721
0.07016445696353912
0.03377268463373184
0.026585781946778297
-0.14685118198394775
-0.08980616182088852
0.09902752935886383
0.018976643681526184
0.09211426228284836
0.04779289290308952
-0.11122840642929077
-0.11831186711788177
-0.10104408115148544
-0.10130780190229416
-0.08508601039648056
-0.08864975720643997
-0.1206977590918541
-0.010140963830053806
0.033624667674303055
-0.0821652039885521
-0.07008905708789825
-0.06762756407260895
-0.037329673767089844
0.07875817269086838
0.01298015657812357
-0.08468865603208542
0.04937821999192238
-0.05059964209794998
0.0997384786605835
0.06988517940044403
0.12068478763103485
0.013869347982108593
0.09501346945762634
0.14355330169200897
0.14500154554843903
0.06183339282870293
0.13953764736652374
-0.07780355960130692
0.011378015391528606
-0.03370891511440277
-0.07061266899108887
0.05631460249423981
0.07513640820980072
-0.012957696802914143
-0.04007292538881302
0.05579272657632828
0.004743915982544422
-0.054310355335474014
-0.03652011230587959
-0.0328894779086113
-0.08359071612358093
-0.04613638296723366
0.10728468000888824
0.0019011551048606634
0.09789560735225677
0.05174922198057175
0.09257081896066666
0.02249324508011341
-0.015481282956898212
0.11378159373998642
-0.03540007025003433
0.10551299154758453
0.1309080421924591
0.023861350491642952
0.0653933435678482
0.1269538700580597
0.060123737901449203
-0.04776624217629433
-0.028864722698926926
-0.007414364255964756
0.08474171161651611
-0.00992639921605587
0.012039434164762497
0.01881762035191059
-0.04273008927702904
-0.0029345261864364147
-0.01685078628361225
-0.1361263543367386
-0.07658612728118896
0.06193716078996658
3.00810233966331e-06
-0.01789458841085434
0.006564369425177574
-0.15275588631629944
-0.14979594945907593
0.030774887651205063
-0.006622499320656061
-0.056787073612213135
-0.01815369725227356
0.08410713821649551
-0.10647116601467133
-0.006806404795497656
0.08928011357784271
0.08335233479738235
-0.020352104678750038
0.19423609972000122
0.1423782855272293
-0.059224504977464676
-0.010030367411673069
0.15644963085651398
-0.061361487954854965
0.036194346845149994
0.06554680317640305
-0.02427077107131481
0.06761337071657181
-0.07613157480955124
0.08030856400728226
-0.17442049086093903
-0.1330135613679886
0.053440969437360764
0.011614088900387287
-0.1047934740781784
-0.021017244085669518
-0.1291763186454773
-0.10559576749801636
0.05547843873500824
0.12728503346443176
0.06814838200807571
0.01969129405915737
-0.003233094699680805
-0.06463725864887238
-0.10959689319133759
0.0901377871632576
0.07303967326879501
0.08989699929952621
0.08703151345252991
0.046970922499895096
-0.06246787682175636
0.006331239826977253
-0.018805619329214096
0.03405481576919556
0.00023246053024195135
0.05842457339167595
-0.04254896193742752
-0.11509981006383896
-0.060056526213884354
0.009979034774005413
-0.07480721920728683
-0.07707248628139496
-0.07290158420801163
-0.09065737575292587
0.04027644172310829
-0.022443972527980804
-0.07173973321914673
-0.02168153040111065
-0.011121413670480251
-0.022607160732150078
-0.08658323436975479
-0.11404109746217728
0.07541092485189438
0.022212021052837372
-0.06466568261384964
-0.005759964231401682
-0.003210738068446517
0.04595575109124184
0.05242755636572838
0.05055052414536476
-0.08365977555513382
-0.08323472738265991
0.0698961541056633
0.03523678705096245
-0.06848569959402084
0.06083337962627411
0.0055588302202522755
-0.0974082425236702
-0.10632558166980743
-0.11594099551439285
-0.0878835991024971
0.029722684994339943
-0.04183025658130646
0.05996745079755783
-0.03759310767054558
0.04295259341597557
-0.10727250576019287
-0.09788461029529572
-0.011805659160017967
0.08117257803678513
-0.04883313179016113
-0.10492999851703644
-0.09938203543424606
0.07288511842489243
-0.08112858980894089
0.008975287899374962
-0.05154053866863251
0.07626102864742279
-0.051409460604190826
0.0018242803635075688
-0.03174157813191414
-0.06539575755596161
-0.053210701793432236
-0.019674280658364296
0.04499885067343712
-0.08486329764127731
0.04620412364602089
-0.08658957481384277
-0.14659550786018372
-0.10146737098693848
-0.07583224028348923
0.035076241940259933
-0.007180142216384411
0.042090028524398804
-0.12002446502447128
-0.11938466131687164
-0.056779950857162476
-0.06008259207010269
0.023323023691773415
0.06650993227958679
0.03108450584113598
-0.0042921407148242
-0.0725710391998291
0.08823253959417343
0.0018114850390702486
-0.08928731828927994
0.04415952041745186
0.05496303737163544
-0.056654080748558044
-0.055501699447631836
0.06703191995620728
-0.08289056271314621
0.08858158439397812
0.05506360903382301
0.004602054134011269
-0.03712383285164833
0.01720176823437214
-0.03615661337971687
0.11863967776298523
-0.08455029129981995
0.05834690108895302
0.007047481369227171
0.1001896932721138
-0.06362568587064743
0.05950788035988808
-0.010446574538946152
-0.07934947311878204
0.01538062933832407
0.07574070245027542
-0.04134461283683777
0.12297681719064713
0.042601101100444794
-0.018309785053133965
0.08610285073518753
0.06505265831947327
-0.012066761031746864
0.10206170380115509
-0.06262659281492233
-0.0018361113034188747
-0.026589367538690567
0.05506208911538124
0.09715099632740021
0.013767784461379051
-0.008097299374639988
0.003990895114839077
0.13605736196041107
-0.07767375558614731
0.08950656652450562
0.0229523666203022
-0.03392263129353523
0.037421464920043945
0.14243756234645844
0.029765816405415535
0.05677878111600876
0.01412463653832674
0.016226191073656082
0.0778786912560463
0.03427691012620926
0.09550126641988754
0.024402212351560593
0.0510832816362381
0.027983607724308968
0.09448759257793427
0.08088301867246628
-0.0799175426363945
0.10821254551410675
0.08185119926929474
0.04275685176253319
0.10766426473855972
-0.02859373390674591
-0.054845716804265976
-0.0007455212762579322
-0.047946684062480927
0.07244992256164551
-0.010666985996067524
-0.03284640982747078
0.042092178016901016
0.01817174069583416
-0.002602830994874239
0.015519782900810242
0.05545452982187271
-0.04860643297433853
0.023915478959679604
-0.057137228548526764
-0.039504412561655045
-0.0007331636734306812
0.04979781433939934
-0.07968571037054062
-0.0312977209687233
0.031397439539432526
-0.07633006572723389
-0.06264129281044006
-0.0392695888876915
0.03226732835173607
-0.08794869482517242
-0.014846746809780598
0.022740686312317848
0.1260826289653778
0.010169468820095062
-0.11782518774271011
0.005752189550548792
-0.04812955483794212
-0.05094307288527489
0.024728834629058838
-0.031045179814100266
-0.08429880440235138
0.003646514844149351
-0.03925750032067299
-0.0016366695053875446
0.07159461826086044
-0.08126250654459
0.0442134290933609
-0.0897175520658493
-0.04684704542160034
0.05256151407957077
0.09653045237064362
-0.08738154917955399
-0.04909035190939903
-0.004340948071330786
0.037949685007333755
-0.031084243208169937
-0.08564355224370956
-0.03840642049908638
0.07904447615146637
0.03185414522886276
0.07831602543592453
-0.013912823982536793
0.040990956127643585
0.012669241055846214
0.05764699727296829
0.03828234225511551
0.04929161071777344
0.13120177388191223
0.02523534931242466
-0.01066131517291069
-0.003657752647995949
-0.04724739119410515
0.0656721219420433
-0.06118633598089218
-0.006516905501484871
0.11619594693183899
0.014792576432228088
-0.030549800023436546
0.0945221558213234
0.02747790515422821
0.1044279932975769
-0.07897599041461945
-0.07201571017503738
0.029959222301840782
-0.047584421932697296
0.037800636142492294
0.0344134159386158
-0.08161148428916931
-0.10161666572093964
0.0816657692193985
-0.06281518936157227
-0.046344757080078125
0.06736422330141068
0.08611024171113968
-0.022565750405192375
0.00019450650142971426
0.10251306742429733
0.017674824222922325
0.04574830085039139
0.05495385825634003
0.1075267419219017
0.08745194971561432
0.041620731353759766
0.05718476325273514
0.09902416914701462
0.12894463539123535
0.05870017781853676
0.03393426537513733
-0.10055346041917801
-0.09334593266248703
-0.1011320948600769
-0.018998026847839355
0.05426744744181633
-0.07964938133955002
-0.004831190686672926
-0.009073583409190178
-0.04354249686002731
0.013109802268445492
-0.015844494104385376
0.07756859809160233
0.026176465675234795
-0.11684457212686539
-0.0006688848370686173
-0.08660749346017838
0.013317656703293324
-0.07669039815664291
0.04498673602938652
-0.10678281635046005
0.01614430733025074
-0.07101540267467499
-0.09342041611671448
-0.05403182655572891
0.046918220818042755
0.13886989653110504
0.058617763221263885
-0.059988219290971756
0.09398316591978073
0.0047519393265247345
0.052153874188661575
-0.025002621114253998
-0.08090924471616745
-0.020029017701745033
-0.0676981508731842
0.07955916225910187
0.010104182176291943
0.07821910083293915
0.00047683052252978086
-0.06672127544879913
-0.0779433622956276
-0.010441282764077187
0.0038479017093777657
-0.09684550017118454
-0.050123389810323715
-0.07736646384000778
0.05814604088664055
0.014243275858461857
-0.008805935271084309
0.038388241082429886
-0.05118647217750549
-0.06902708113193512
-0.03486870229244232
0.09273039549589157
0.008065517991781235
-0.018039878457784653
0.0671057179570198
-0.06295233964920044
-0.06598690152168274
0.08010485768318176
0.08383104205131531
-0.01993204653263092
-0.07462450861930847
0.047692276537418365
0.04399186745285988
-0.06816922873258591
-0.026754358783364296
0.12075555324554443
-0.06379061937332153
-0.04005727916955948
0.11624222248792648
0.028085140511393547
0.09720563143491745
0.047242671251297
-0.0175606869161129
-0.04230161011219025
-0.010949426330626011
0.09206188470125198
0.04438379034399986
0.08340881019830704
-0.034952547401189804
0.005510254763066769
0.04919102415442467
0.05173853039741516
-0.033728063106536865
-0.039686840027570724
0.03906421735882759
-0.009822406806051731
-0.0692574754357338
-0.077139712870121
-0.10400109738111496
-0.11082499474287033
-0.020478110760450363
0.06359436362981796
-0.10979001969099045
0.057483237236738205
-0.08819388598203659
-0.11122172325849533
-0.05695338919758797
-0.004157424438744783
-0.15906359255313873
-0.030300214886665344
0.00662505067884922
-0.19206452369689941
-0.03560822829604149
-0.07467909157276154
-0.029469486325979233
0.00549835292622447
0.03683560714125633
-0.0417897067964077
-0.09368615597486496
0.11301746219396591
0.011370562948286533
0.030157804489135742
-0.08144277334213257
-0.0285006295889616
-0.08793913573026657
0.17539438605308533
0.06003611907362938
0.013740025460720062
-0.0925762951374054
-0.0014532925561070442
-0.10949527472257614
0.0576959066092968
0.005097774788737297
0.05435803160071373
-0.1004408448934555
0.08580178767442703
-0.013951540924608707
0.03942502290010452
0.07427795231342316
-0.07919029891490936
0.057598311454057693
0.15545320510864258
-0.110094353556633
0.019470231607556343
0.028175024315714836
0.07975494116544724
0.06849893182516098
0.19298098981380463
-0.08868087828159332
0.14391544461250305
0.15692459046840668
0.08971773087978363
0.03983572870492935
0.07024923712015152
0.10467848926782608
0.11207099258899689
0.01259514782577753
0.027171947062015533
-0.049241699278354645
0.13531309366226196
-0.04452234506607056
0.10226303339004517
0.1562807410955429
0.03871390223503113
0.11387749016284943
0.10930795222520828
0.02314838021993637
-0.03297048062086105
0.11323860287666321
0.08535496890544891
0.005053446628153324
0.1158728152513504
0.06718304753303528
-0.030329596251249313
0.12362533807754517
-0.06765477359294891
-0.003792552277445793
0.09357248246669769
0.14901457726955414
0.14528055489063263
0.028827816247940063
-0.02585001289844513
-0.015409146435558796
0.04594307020306587
-0.005216994788497686
0.04375853016972542
0.007545932661741972
0.12118768692016602
-0.09035910665988922
-0.06357355415821075
0.0492827408015728
-0.001888920203782618
-0.019060079008340836
0.10046545416116714
0.05861284211277962
-0.14232835173606873
0.04720604792237282
-0.023899875581264496
-0.05748973786830902
0.12526622414588928
0.07236886769533157
-0.005702652968466282
0.1483178585767746
0.06700333207845688
-0.13085421919822693
0.06150350719690323
-0.04357699304819107
-0.09561432152986526
0.08608663827180862
-0.0269120205193758
-0.09985866397619247
-0.017741264775395393
-0.09357054531574249
-0.08468408137559891
-0.012563803233206272
-0.11412960290908813
-0.039208363741636276
-0.04969094693660736
0.006165103521198034
-0.02218334749341011
-0.026821432635188103
-0.08095891028642654
-0.019987503066658974
-0.06888297945261002
-0.10629255324602127
-0.11318014562129974
-0.14074191451072693
-0.007023061625659466
-0.02902623452246189
0.0009490126394666731
-0.0019253171049058437
0.0734233409166336
0.04283240810036659
-0.026901382952928543
0.08738020062446594
-0.05108470842242241
0.018461905419826508
0.009860088117420673
-0.06475891917943954
0.04080663621425629
0.014389187097549438
-0.10305937379598618
-0.07834315299987793
-0.022827651351690292
0.059923239052295685
-0.11859645694494247
-0.08187131583690643
-0.019712936133146286
0.04764701426029205
0.14832931756973267
0.06076575815677643
-0.036384303122758865
0.11900592595338821
0.07846583425998688
-0.04912348464131355
0.1799984574317932
-0.03780154138803482
0.12436793744564056
0.14845608174800873
-0.10648040473461151
-0.05692887306213379
0.007544316351413727
0.0149469505995512
0.06775938719511032
0.02426442876458168
0.03917759656906128
0.06802330166101456
0.08368958532810211
0.03707718476653099
0.10711158066987991
0.056309774518013
0.03559297323226929
0.02088877558708191
-0.04350355640053749
0.027579402551054955
0.06901150941848755
0.058871712535619736
-0.04596230760216713
-0.05552109330892563
0.1390591859817505
0.1559046506881714
-0.010796255432069302
0.1060408279299736
0.05398233234882355
-0.08891221880912781
0.11686301231384277
0.08163375407457352
0.07254844158887863
0.09390930831432343
0.03742433339357376
-0.0923103392124176
-0.04358954355120659
0.15884551405906677
0.016590429469943047
-0.022721635177731514
0.0624520443379879
0.008508124388754368
-0.07797755300998688
0.14760006964206696
-0.05507674813270569
-0.04739852994680405
0.11758580058813095
0.008279643952846527
-0.013797812163829803
-0.015610282309353352
-0.01940920576453209
0.10440868884325027
-0.0023390711285173893
0.006992198992520571
-0.13927683234214783
0.13359086215496063
-0.16749657690525055
0.02058279886841774
0.0747329518198967
0.019815444946289062
0.0017268476076424122
0.13657566905021667
-0.06740441173315048
-0.11395682394504547
0.1312275230884552
-0.06034278869628906
-0.17667290568351746
0.1277601569890976
-0.11641444265842438
-0.11558511108160019
0.06781337410211563
-0.05755996331572533
0.012202650308609009
0.07330528646707535
-0.14169253408908844
-0.068790964782238
0.11200203001499176
0.014345121569931507
-0.09861735254526138
-0.09155115485191345
0.05076953023672104
-0.10455217957496643
0.11010459810495377
-0.06256323307752609
-0.1505824476480484
-0.06270282715559006
-0.1588999330997467
0.022267993539571762
-0.05747952684760094
-0.0741332396864891
-0.022308718413114548
0.03235042095184326
-0.06710170209407806
0.07843879610300064
-0.09156108647584915
0.02620193548500538
0.0479549840092659
0.026040080934762955
-0.106745146214962
0.07219690084457397
-0.06173437088727951
0.03914341703057289
-0.05273515358567238
-0.07601896673440933
-0.030578985810279846
-0.0635460689663887
0.03086729906499386
-0.015544656664133072
-0.0994836837053299
-0.010451577603816986
0.06459461897611618
-0.008966642431914806
-0.06890156120061874
0.0543469600379467
0.01883309707045555
-0.14164265990257263
-0.025527480989694595
0.09732987731695175
-0.0977403074502945
0.047324176877737045
0.10441698133945465
-0.02329661138355732
-0.05139341205358505
0.1462770253419876
-0.0864541232585907
0.11053485423326492
0.06468848139047623
-0.01314682699739933
0.12468603998422623
-0.027174005284905434
0.0055635892786085606
0.0034870237577706575
0.11940127611160278
0.07465462386608124
0.02346058189868927
0.16263751685619354
-0.07311616092920303
-0.06410150229930878
-0.030696388334035873
-0.09844260662794113
0.015208205208182335
0.0006025271723046899
0.06051406264305115
0.04175557941198349
0.017282560467720032
-0.11317715793848038
-0.08181672543287277
0.04467238485813141
-0.04210513457655907
0.03814677149057388
-0.07460809499025345
0.05397401377558708
0.029678434133529663
-0.037794843316078186
0.014330118894577026
-0.02262561023235321
-0.00873703882098198
0.10920597612857819
-0.08899922668933868
0.06304632872343063
0.04678397998213768
-0.020106567069888115
0.08110561966896057
0.054187674075365067
-0.0855972096323967
0.049111414700746536
-0.0011156268883496523
-0.041743334382772446
-0.0016034129075706005
0.07794520258903503
-0.07817690819501877
0.0218354444950819
-0.012963281013071537
-0.08859168738126755
0.03474865108728409
0.007573847193270922
-0.05861765518784523
-0.057612281292676926
-0.1066662073135376
-0.05565574765205383
-0.029796171933412552
-0.022488752380013466
-0.2082304060459137
-0.022977609187364578
-0.06451825797557831
-0.06263735890388489
-0.13890139758586884
0.13478851318359375
-0.2419169843196869
-0.020088277757167816
-0.008603706955909729
0.030442653223872185
-0.18398089706897736
-0.009380446746945381
-0.17780041694641113
-0.14446105062961578
-0.08875861018896103
-0.09790463000535965
-0.20626574754714966
0.11896046251058578
-0.05828377231955528
-0.1482858806848526
-0.06608134508132935
-0.0049116117879748344
0.058936137706041336
0.10523678362369537
0.09770026803016663
-0.06852258741855621
0.07376040518283844
-0.14196693897247314
-0.07885760813951492
-0.13379447162151337
-0.14658714830875397
0.05607834458351135
-0.01895984448492527
-0.006958723068237305
-0.05984632298350334
-0.13153396546840668
-0.13060864806175232
0.04867227375507355
0.09300675243139267
-0.04759417474269867
0.015193168073892593
-0.1877351552248001
0.09144185483455658
-0.031426187604665756
0.046467479318380356
0.06723804026842117
0.06731661409139633
-0.11223918944597244
0.04869735613465309
0.07526882737874985
0.03908667713403702
0.05569300055503845
0.07811053842306137
0.1213620975613594
0.08250816911458969
0.1904413104057312
-0.09159254282712936
-0.037183959037065506
0.2625899314880371
0.034601908177137375
0.1552303433418274
0.18172550201416016
-0.062320396304130554
-0.01408625952899456
0.21036547422409058
-0.13661254942417145
0.16579516232013702
0.30979448556900024
-0.11795147508382797
-0.047975290566682816
0.20686852931976318
-0.062021177262067795
0.12329817563295364
0.25835877656936646
-0.05817064642906189
0.0009702035458758473
0.2018163502216339
0.0139346644282341
0.027133869007229805
0.13879825174808502
-0.011272900737822056
-0.051245562732219696
0.056871309876441956
0.07332153618335724
0.08869194984436035
0.02000109851360321
0.022070519626140594
-0.03340591862797737
0.13177864253520966
0.1409047394990921
0.017125394195318222
0.14356069266796112
0.001285308739170432
-0.07704999297857285
0.15408504009246826
0.22666804492473602
0.03231760859489441
0.07952704280614853
0.13237254321575165
-0.026315968483686447
0.013929408974945545
0.07929512113332748
-0.07925233244895935
0.0854102149605751
-0.0241289921104908
0.07325824350118637
0.05650632083415985
0.03508806973695755
-0.11297449469566345
-0.04562120884656906
0.021109363064169884
-0.09336859732866287
-0.10867728292942047
0.015093871392309666
-0.1885419636964798
0.04161129891872406
-0.006739937234669924
0.09947838634252548
-0.06440680474042892
-0.10526598244905472
-0.012416535057127476
0.09340672940015793
-0.07586798816919327
0.0046253143809735775
-0.007696237880736589
0.06402463465929031
0.24223098158836365
0.11179070174694061
-0.1013263612985611
0.013843470253050327
0.10268940776586533
-0.10517021268606186
0.1298747956752777
0.03748207911849022
0.08118521422147751
-0.09302269667387009
-0.12580418586730957
-0.009912724606692791
-0.12231355160474777
0.05528795346617699
-0.0809587687253952
-0.063774973154068
-0.19035352766513824
-0.03885676711797714
-0.014093366451561451
-0.03672860935330391
0.07582602649927139
0.1419580727815628
0.049407120794057846
-0.03095145896077156
0.07223790138959885
0.11211454123258591
-0.005308556370437145
0.09596247225999832
0.1981457620859146
0.07155473530292511
0.16623488068580627
0.06628350168466568
0.08870751410722733
0.0036267410032451153
-9.20648526516743e-05
0.10199259221553802
-0.09014055877923965
-0.006051778793334961
0.012745247222483158
0.0846940129995346
-0.1993003636598587
-0.1093345433473587
-0.19115141034126282
-0.15953490138053894
-0.0029368731193244457
-0.04155921936035156
0.06224700063467026
-0.01703604869544506
0.010381081141531467
0.008351103402674198
0.008661788888275623
0.10698270797729492
0.1483691930770874
0.04011484980583191
0.30352720618247986
0.09467355161905289
-0.05349232256412506
0.04089277982711792
0.03121645376086235
0.13332809507846832
0.17450520396232605
0.08164940029382706
0.0070939925499260426
-0.11849063634872437
-0.0033049348276108503
0.030387146398425102
-0.004702545702457428
-0.05042025074362755
0.12446831166744232
-0.1229240670800209
-0.17815107107162476
0.020969917997717857
0.014458000659942627
-0.09951163083314896
-0.004423723090440035
0.09875699877738953
0.11680939793586731
-0.0020077922381460667
0.09936115145683289
0.0586659237742424
-0.03662644699215889
-0.06213481351733208
0.03750535845756531
0.09496871381998062
0.12611380219459534
0.06946966052055359
0.07534021139144897
0.05142198130488396
0.002833056729286909
0.041165415197610855
-0.07638014107942581
-0.10157916694879532
-0.08793853223323822
-0.10588103532791138
0.06569365411996841
-0.07217568904161453
-0.12382335960865021
-0.04635351523756981
-0.10960036516189575
-0.014259970746934414
0.036797359585762024
-0.03070017695426941
-0.05003902688622475
0.05538546293973923
-0.07592295110225677
0.11414673924446106
0.07696555554866791
0.12820526957511902
0.10099507123231888
-0.09964770823717117
-0.07675564289093018
0.04093445837497711
0.06112048774957657
0.11062440276145935
-0.050110824406147
0.03701789304614067
0.023959344252943993
0.04697118327021599
0.08310993015766144
0.07272591441869736
-0.08052299916744232
-0.01977003924548626
0.017949752509593964
0.01941838674247265
0.04679272323846817
0.06296829134225845
-0.1224592849612236
-0.01556055061519146
0.025672849267721176
-0.08343378454446793
0.051902104169130325
-0.04940708354115486
-0.053015630692243576
-0.0619632825255394
0.005174990743398666
-0.06307303160429001
-0.030062558129429817
-0.04393462464213371
-0.05477379634976387
0.06606758385896683
0.08176545798778534
0.09965203702449799
0.15905627608299255
0.08106441795825958
0.17517492175102234
0.056738317012786865
-0.10432484745979309
-0.0179220512509346
0.1721135973930359
0.10500527918338776
0.015549673698842525
0.14425835013389587
-0.05648363009095192
-0.06025748699903488
0.08148963749408722
-0.0741511732339859
-0.06537628173828125
0.016113292425870895
0.034038618206977844
-0.02265072800219059
-0.02253846265375614
-0.13306072354316711
-0.12431082129478455
0.0025111446157097816
0.010088752955198288
0.09334089607000351
0.042389877140522
0.10050182044506073
0.01221355702728033
0.03339090198278427
0.08876677602529526
-0.0012102146865800023
0.16108065843582153
0.13485069572925568
0.025240929797291756
0.05299096181988716
-0.08633057028055191
-0.06824340671300888
0.06914784014225006
0.17869287729263306
0.058817002922296524
-0.012125426903367043
-0.04010497033596039
-0.036169201135635376
0.08525440841913223
0.13814695179462433
0.06776737421751022
0.09977477788925171
0.04046161472797394
0.023517481982707977
0.033002499490976334
0.03649500757455826
0.015247289091348648
0.00036790670128539205
0.02998914010822773
-0.08077335357666016
-0.09315841645002365
0.12568621337413788
-0.17896947264671326
-0.14682260155677795
0.016580138355493546
0.04538198560476303
-0.20294034481048584
-0.028195340186357498
-0.201377272605896
-0.13345195353031158
-0.03154440596699715
0.0695931613445282
-0.15093933045864105
0.08392160385847092
-0.06747880578041077
0.053470317274332047
0.06298904865980148
-0.05276424437761307
0.1445430964231491
0.04587313160300255
0.10943765938282013
-0.03990463539958
-0.08930479735136032
-0.0471479669213295
0.07603571563959122
-0.057147201150655746
-0.04002257063984871
-0.03860504552721977
0.12206581979990005
-0.034973207861185074
-0.01732044108211994
-0.12037152051925659
-0.18078331649303436
-0.028841223567724228
0.0756225436925888
-0.021358272060751915
0.000235674437135458
-0.054190002381801605
-0.030653947964310646
0.06839870661497116
-0.05307917669415474
-0.0024938255082815886
0.12787717580795288
-0.07690836489200592
0.047754187136888504
0.06646542996168137
-0.0669088363647461
-0.044248148798942566
0.07803785800933838
0.07782672345638275
0.02640441060066223
0.08467872440814972
-0.06745386868715286
-0.004946844186633825
-0.03614584356546402
0.043761711567640305
0.08368879556655884
-0.09984340518712997
0.044814836233854294
-0.07115322351455688
0.1412143111228943
-0.1273442506790161
0.15653063356876373
-0.007461795583367348
-0.016753841191530228
0.07159143686294556
0.11461875587701797
-0.06707773357629776
0.10750390589237213
0.01699724979698658
0.005735696759074926
-0.0852755680680275
0.04123428091406822
0.025672374293208122
-0.0709332823753357
0.09433035552501678
-0.0431569367647171
0.010301012545824051
-0.05527999624609947
0.03805089369416237
-0.06708458065986633
0.01318040769547224
0.07816023379564285
0.07367387413978577
-0.11601889878511429
-0.0790480524301529
0.008031286299228668
-0.06792723387479782
0.046557094901800156
0.1079687774181366
0.1323803961277008
0.13222701847553253
0.15523050725460052
-0.043996747583150864
-0.09340644627809525
0.008275718428194523
-0.007691645063459873
-0.022745225578546524
0.15799285471439362
0.0005461132968775928
-0.0974104255437851
-0.10822797566652298
-0.07608529180288315
-0.05190042778849602
-0.05538240447640419
-0.045227497816085815
-0.07647990435361862
0.07445589452981949
-0.1637183278799057
0.02415657415986061
0.010309915989637375
-0.10362197458744049
-0.0761512890458107
-0.059697721153497696
-0.04332684725522995
-0.0035579046234488487
-0.13012464344501495
-0.09170062094926834
0.030422715470194817
0.1428346037864685
-0.05044328793883324
0.1270921230316162
0.13877268135547638
0.062185946851968765
-0.09144306182861328
0.0692526176571846
0.10873450338840485
0.05635958909988403
0.050207577645778656
0.11511550843715668
0.012861760333180428
-0.016687899827957153
0.2328767031431198
-0.04730943217873573
0.060822147876024246
0.19520387053489685
-0.06856425106525421
-0.043572090566158295
0.11021675914525986
0.05157876014709473
0.13712382316589355
0.025645751506090164
0.0657462626695633
0.07843346893787384
0.09356403350830078
0.03553330898284912
0.0527578741312027
0.15648657083511353
-0.06966131925582886
-0.0769677460193634
0.05364520847797394
0.07395686954259872
0.07709886133670807
-0.09760741889476776
-0.03393504023551941
-0.022829992696642876
0.03247804567217827
0.16059614717960358
0.007301598787307739
0.009564954787492752
0.045809414237737656
-0.003418821142986417
0.19078786671161652
0.2116844803094864
0.1475432962179184
0.023881737142801285
-0.0828610211610794
0.09403857588768005
0.1340566724538803
0.05246010795235634
-0.06507871299982071
0.14480918645858765
0.10449393838644028
0.07347945123910904
-0.014299822971224785
0.0881681814789772
0.01569906622171402
0.14847832918167114
-0.062058381736278534
0.05223151668906212
-0.2057921141386032
0.08377406746149063
-0.11197619140148163
-0.16788208484649658
0.016086531803011894
0.007948329672217369
-0.2177973985671997
0.024288969114422798
-0.020587097853422165
-0.22203433513641357
0.050411731004714966
-0.05604017153382301
-0.2418765276670456
0.055400703102350235
-0.012139124795794487
-0.22870510816574097
0.13760608434677124
-0.08796234428882599
0.002406420884653926
0.07612419873476028
-0.14841923117637634
-0.1005115956068039
0.002616435056552291
-0.058987125754356384
0.016850106418132782
0.14541229605674744
0.06125840172171593
-0.165825754404068
-0.08349622786045074
-0.007516791112720966
0.0007328053470700979
0.019463639706373215
-0.1263047754764557
-0.10398666560649872
-0.07353907823562622
-0.03288090229034424
-0.13690008223056793
-0.1435820460319519
-0.0381031297147274
-0.025330083444714546
0.06165996938943863
-0.10229583829641342
-0.15478762984275818
-0.021928472444415092
-0.03706309199333191
0.003669984871521592
0.06297794729471207
-0.05686771497130394
-0.06539583951234818
-0.02634992077946663
-0.1023118868470192
0.08499343693256378
-0.08818819373846054
-0.09147088974714279
-0.07798977941274643
-0.07710444927215576
-0.02885202318429947
-0.012071809731423855
0.08928148448467255
-0.10191228240728378
-0.11524306982755661
-0.08725152909755707
-0.10117386281490326
-0.02622467279434204
-0.08967895060777664
-0.10039903223514557
-0.06031292676925659
0.04550167918205261
-0.0481247678399086
0.08239326626062393
0.015521933324635029
0.022895442321896553
-0.06206674128770828
-0.1263427436351776
0.008053082041442394
0.023872220888733864
0.06759141385555267
-0.08078211545944214
-0.0598955862224102
-0.13924559950828552
-0.0038234363310039043
-0.14101271331310272
-0.0025271358899772167
0.05887402221560478
-0.06358978897333145
-0.04520072415471077
-0.08499488979578018
-0.04254431277513504
0.04741818830370903
-0.010659849271178246
-0.0013075919123366475
-0.014538183808326721
0.04049993306398392
0.07342316210269928
0.005666350945830345
0.13010475039482117
0.0760360062122345
-0.11056782305240631
0.14831973612308502
0.12563267350196838
-0.05020392686128616
-0.012842330150306225
0.12324158847332001
-0.09232985973358154
0.10201805084943771
0.08119812607765198
0.002572797005996108
0.034952472895383835
-0.018338574096560478
-0.09616317600011826
0.034885890781879425
-0.04036610573530197
-0.06889574974775314
-0.009686551056802273
-0.0632968544960022
-0.0394098199903965
-0.05120095610618591
-0.03802802041172981
-0.056526802480220795
0.08344835788011551
0.05881549417972565
0.002001914894208312
0.047839537262916565
0.07821810245513916
0.07950211316347122
0.09573450684547424
0.0672590583562851
0.1141437441110611
0.09500209987163544
0.20512163639068604
0.04730084910988808
0.11364060640335083
0.2169671505689621
-0.017059050500392914
0.14578641951084137
0.018420252948999405
-0.06351657956838608
0.028010964393615723
0.03755718097090721
-0.051251281052827835
0.057063326239585876
0.10071209818124771
0.07564210146665573
-0.03889409080147743
-0.0500749871134758
-0.0427071712911129
0.036911673843860626
0.1381688117980957
-0.08560876548290253
-0.006716035306453705
0.0028970513958483934
0.008770461194217205
-0.1058335155248642
-0.06440774351358414
0.08930718153715134
-0.049222685396671295
-0.008269335143268108
0.021643368527293205
-0.028812918812036514
0.08123011142015457
0.03730092942714691
-0.026661230251193047
0.1542484015226364
0.05425911396741867
0.07474829256534576
-0.026536980643868446
-0.05579636991024017
-0.00651584891602397
0.1158771887421608
0.061010509729385376
0.05259157717227936
0.1542224884033203
-0.04589582234621048
0.10338196158409119
-0.012395056895911694
0.09237805753946304
0.00288455281406641
0.026143308728933334
0.09506040811538696
-0.073958620429039
-0.1468634009361267
-0.11419209837913513
-0.1759258359670639
-0.12511752545833588
-0.07630737870931625
0.025347961112856865
-0.0169094018638134
0.08771776407957077
-0.04334037005901337
-0.15745757520198822
0.03706224262714386
-0.08891602605581284
-0.11206507682800293
0.09520455449819565
-0.07900786399841309
-0.07353681325912476
0.09675638377666473
0.03334927558898926
-0.03333226591348648
0.1482723504304886
0.024448832497000694
-0.07594162970781326
0.08273840695619583
0.01990063302218914
-0.03917121887207031
0.019737528637051582
-0.08917364478111267
-0.13418498635292053
-0.07322388887405396
0.05938054621219635
-0.08175548911094666
0.05300481989979744
0.08020082861185074
0.013632213696837425
0.09649010747671127
0.0012345220893621445
-0.08888676017522812
-0.03492822125554085
0.05934268981218338
-0.03581313043832779
0.027183111757040024
0.06962551921606064
-0.13716068863868713
-0.10630672425031662
0.0072327228263020515
0.014170816168189049
0.005349811632186174
-0.02655583620071411
-0.0371016263961792
-0.03455951809883118
0.041752055287361145
-0.055883076041936874
0.09893468767404556
0.053094539791345596
-0.018043510615825653
-0.09367520362138748
-0.0334787555038929
-0.07164090126752853
-0.042243536561727524
0.06095154210925102
-0.11028299480676651
-0.03764960542321205
-0.08281807601451874
-0.07196446508169174
-0.09076852351427078
-0.039387430995702744
0.02950025163590908
-0.11526059359312057
0.027854539453983307
0.0839175209403038
0.08367712050676346
-0.050861332565546036
0.044966816902160645
-0.08992058038711548
-0.03245313838124275
-0.008470658212900162
-0.09420084953308105
0.012929137796163559
-0.10108848661184311
-0.045996394008398056
0.004343225620687008
-0.05883466824889183
0.05174095928668976
0.09894467145204544
-0.08977927267551422
0.08884897083044052
-0.061751365661621094
-0.01172084454447031
-0.05062044411897659
0.07464948296546936
0.055549342185258865
-0.09953834116458893
-0.03487969934940338
-0.032395780086517334
-0.005717066582292318
-0.08455846458673477
0.07218186557292938
-0.01993187516927719
-0.08676943182945251
0.010908231139183044
-0.07213980704545975
-0.03341658413410187
0.07695046812295914
-0.05266999453306198
0.08191424608230591
0.02636599726974964
-0.01634352095425129
-0.006805062294006348
-0.11117951571941376
-0.12987492978572845
-0.1148855984210968
0.0007063695229589939
-0.04254405200481415
0.08528316766023636
0.006962910760194063
-0.08959351480007172
-0.0950622707605362
-0.05139053240418434
-0.08308737725019455
-0.048517048358917236
-0.0008038473315536976
-0.06463874876499176
0.12549197673797607
0.003476688638329506
-0.10061365365982056
-0.013454744592308998
-0.04261607304215431
-0.01312918309122324
0.03841341659426689
0.05350658297538757
0.08452574163675308
0.036214668303728104
-0.007018656004220247
0.07050435990095139
-0.03501381352543831
-0.09282955527305603
0.008537349291145802
0.039269398897886276
-0.04303830862045288
-0.02451602928340435
0.0608874149620533
0.07383491098880768
-0.008668161928653717
-0.017641549929976463
0.08046969026327133
-0.06735128909349442
0.09385409206151962
0.05555527284741402
-0.02542833238840103
0.08346713334321976
-0.03403043746948242
0.13217416405677795
0.05347155034542084
0.10179000347852707
-0.0020087568555027246
-0.006806737743318081
-0.0201471745967865
-0.017639605328440666
-0.09842119365930557
0.03399157524108887
0.10021144896745682
0.06893674284219742
0.04489585757255554
0.03884391486644745
-0.10286136716604233
0.020463580265641212
-0.0244766678661108
-0.007905140519142151
-0.010138229466974735
0.018801657482981682
0.03640489652752876
0.11426742374897003
0.032565221190452576
0.0800359919667244
0.10524188727140427
0.12439817190170288
0.13923317193984985
0.0360787957906723
0.07008306682109833
-0.05292525514960289
-0.0507701113820076
0.06371158361434937
-0.10854840278625488
0.05787214636802673
0.06968338042497635
-0.08440947532653809
-0.011230005882680416
0.1351909637451172
0.058128368109464645
0.008250611834228039
0.05198429524898529
0.059821780771017075
-0.09339448064565659
0.08780490607023239
0.011276712641119957
0.024482399225234985
-0.01722455583512783
0.11536142230033875
0.06563818454742432
0.040161121636629105
-0.018294714391231537
0.015506893396377563
-0.0040225558914244175
0.07895749807357788
-0.012773493304848671
-0.010930651798844337
-0.041656456887722015
0.06402931362390518
0.045341406017541885
0.05142225697636604
0.0072058700025081635
0.0027985868509858847
-0.10978090018033981
-0.01269759051501751
-0.05159999057650566
-0.07738141715526581
-0.1284792572259903
-0.04662543907761574
-0.17797674238681793
-0.08784151822328568
0.07802145928144455
-0.12897786498069763
-0.1338403820991516
0.011197921819984913
-0.10530246794223785
-0.17021863162517548
0.004641877952963114
-0.011070618405938148
-0.12808087468147278
0.13036029040813446
-0.10909824073314667
-0.021952137351036072
0.014832033775746822
-0.03143160790205002
-0.1413550227880478
0.06549067795276642
-0.06824960559606552
0.05214707553386688
0.025802498683333397
0.00891790445894003
0.18579567968845367
0.03971650078892708
0.10844878107309341
0.06872234493494034
-0.04675252363085747
-0.013506161980330944
0.19287365674972534
-0.07158982008695602
0.017800457775592804
0.19241352379322052
-0.004861808381974697
-0.010642929933965206
0.13672325015068054
-0.03988217934966087
0.029810411855578423
0.04012984409928322
-0.007237480953335762
-0.05360789597034454
0.029310841113328934
-0.15370060503482819
0.06454576551914215
0.11554058641195297
-0.05827697366476059
-0.007916844449937344
-0.09266337007284164
-0.07335393875837326
-0.07003695517778397
0.04286148399114609
0.06362814456224442
-0.05733110010623932
-0.05789560824632645
0.1434837281703949
0.0025746517349034548
-0.059481181204319
-0.08313705772161484
-0.03159055858850479
0.15406860411167145
0.1950615644454956
0.03830726817250252
0.028792833909392357
-0.08189811557531357
0.027607202529907227
0.13003228604793549
0.0019528955454006791
-0.060797471553087234
-0.006720718927681446
-0.08409270644187927
-0.0616464726626873
-0.02220022678375244
-0.06084700673818588
0.04312029480934143
0.040788684040308
-0.055414389818906784
-0.09257754683494568
-0.029329536482691765
-0.12124893814325333
0.054000671952962875
-0.022304503247141838
-0.034949835389852524
0.034379467368125916
-0.13518355786800385
-0.015702202916145325
-0.14782781898975372
-0.023175641894340515
0.09612111747264862
-0.0960514172911644
0.0008942643762566149
0.07801353186368942
0.06542357802391052
-0.13363073766231537
0.06744066625833511
0.025035521015524864
-0.027515236288309097
0.15318721532821655
0.09693148732185364
-0.025325506925582886
-0.08181695640087128
0.012867726385593414
0.04069819301366806
0.13726545870304108
0.03705389425158501
0.0814351812005043
-0.004124604631215334
0.01524417195469141
-0.005389129277318716
-0.08770432323217392
-0.05191860347986221
0.10394839197397232
0.0906199961900711
-0.04463787376880646
-0.01568429358303547
-0.058575812727212906
-0.06532099843025208
-0.03453738987445831
0.001818695804104209
-0.051279518753290176
-0.15623852610588074
0.06857816874980927
-0.15508896112442017
-0.06810683012008667
-0.030173998326063156
0.09661108255386353
-0.05707681179046631
-0.0033624868374317884
-0.01570330187678337
-0.02202438749372959
0.06537159532308578
0.13120006024837494
-0.030276380479335785
0.13283061981201172
0.26297885179519653
0.061426758766174316
-0.08524516224861145
-0.10120929032564163
0.11381524056196213
0.08401890844106674
0.0828145295381546
-0.05191263556480408
0.0701657086610794
0.044112253934144974
-0.001340746763162315
0.003789248177781701
-0.11258761584758759
-0.010396881960332394
0.06214294210076332
-0.08678848296403885
-0.20987588167190552
-0.0033413635101169348
-0.10562918335199356
-0.0117208706215024
0.0006378087564371526
0.04488016292452812
0.006889481097459793
0.0323849655687809
0.05987699329853058
0.07541311532258987
-0.058957792818546295
0.003308097366243601
0.08741820603609085
-0.05818214267492294
0.2866159677505493
0.03545570373535156
0.003684427123516798
0.04565177112817764
0.09530545026063919
0.042644619941711426
-0.08062414824962616
0.053338706493377686
0.09315190464258194
-0.04703325405716896
-0.1472911834716797
-0.14867553114891052
-0.14290210604667664
-0.028004087507724762
0.06615855544805527
0.003960130270570517
-0.06614700704813004
-0.16617277264595032
-0.06082110479474068
-0.03455156087875366
0.044383224099874496
0.06147300824522972
0.1342538297176361
0.01621602103114128
0.27039453387260437
0.05584698170423508
-0.028516892343759537
0.014714706689119339
0.09134083986282349
0.035451777279376984
0.16969311237335205
0.017858564853668213
0.004869844764471054
0.013047167100012302
0.0033162760082632303
0.09611764550209045
-0.14728200435638428
-0.06519892811775208
-0.03691990301012993
0.018415501341223717
-0.10011494159698486
-0.12638026475906372
-0.04163108393549919
-0.12034837901592255
0.08343993872404099
0.08779820054769516
-0.02785428799688816
0.029996072873473167
0.15073232352733612
0.07442793250083923
-0.049416352063417435
0.10145718604326248
0.07531093060970306
-0.02190105989575386
0.2380591332912445
0.0414864644408226
-0.07143835723400116
0.07559309899806976
0.02404123730957508
-0.022641366347670555
0.05743543431162834
-0.0234031081199646
-0.08452436327934265
-0.049831002950668335
-0.09003656357526779
0.06513616442680359
-0.05218438059091568
-0.11119245737791061
0.00987155269831419
0.098459392786026
-0.0660867989063263
-0.05522216111421585
-0.03909676894545555
0.082240529358387
-0.08928990364074707
0.0546131432056427
-0.009742419235408306
-0.04299440607428551
0.09287998080253601
-0.0037744517903774977
-0.022662419825792313
0.033294301480054855
0.04657923802733421
0.09463707357645035
0.12288805097341537
-0.08086642622947693
-0.03775909170508385
-0.037829361855983734
-0.00352486758492887
0.007870751433074474
0.05781758576631546
0.032600052654743195
-0.050016723573207855
-0.03004721738398075
0.03529514744877815
0.0014319034526124597
0.03164520487189293
-0.0858386680483818
0.09642361849546432
-0.10503571480512619
-0.02114640548825264
-0.09719572961330414
-0.06706202775239944
-0.04778977110981941
-0.036217283457517624
0.04927663505077362
-0.09239982068538666
-0.07319647818803787
0.037774644792079926
0.06862561404705048
-0.08839059621095657
-0.09639600664377213
0.013720505870878696
-0.024414105340838432
-0.04687121510505676
0.015957968309521675
-0.06448430567979813
-0.016060953959822655
-0.041253186762332916
0.002149413339793682
-0.07740356773138046
-0.03449255973100662
-0.09472061693668365
-0.009396667592227459
0.05666729062795639
0.06642168015241623
-0.07632382214069366
0.08146079629659653
-0.04373534396290779
0.07272931933403015
-0.004393761046230793
-0.010503141209483147
-0.09259384870529175
-0.056724898517131805
-0.022565122693777084
-0.017296090722084045
-0.008006731979548931
-0.04087453335523605
-0.06397318840026855
0.025391383096575737
0.05654993653297424
-0.06281418353319168
-0.10493532568216324
-0.0837092399597168
-0.028684310615062714
-0.10077428817749023
-0.04214588180184364
-0.048231154680252075
-0.10816799104213715
0.04807295650243759
-0.027408704161643982
-0.04113279655575752
0.027756085619330406
-0.07602112740278244
-0.0904773622751236
-0.05621574819087982
-0.058611832559108734
-0.08885271102190018
0.0324384979903698
0.09133421629667282
-0.03569983318448067
-0.07349877804517746
-0.018191680312156677
0.052823495119810104
-0.07416361570358276
0.02285400964319706
0.010488202795386314
0.027011744678020477
-0.07454387098550797
-0.0700017511844635
0.04771288484334946
0.09400225430727005
0.0644153356552124
0.004216508474200964
-0.0460171177983284
-0.03441076725721359
-0.04743896424770355
-0.09346622228622437
0.015089976601302624
-0.1037178561091423
0.01594901643693447
-0.09588217735290527
-0.09081114083528519
-0.06451478600502014
-0.03158755600452423
-0.019992109388113022
-0.10111640393733978
0.005459972657263279
-0.007802602369338274
0.04483132064342499
0.13819965720176697
-0.06371553242206573
0.016750385984778404
-0.026063648983836174
0.024558285251259804
0.005974194500595331
0.11597473919391632
-0.08842487633228302
-0.06385904550552368
0.08728451281785965
0.018957417458295822
-0.05519494041800499
0.0629541426897049
-0.11135033518075943
-0.008637222461402416
0.07644736766815186
0.06264520436525345
-0.1045912355184555
-0.06725651025772095
-0.093100406229496
0.054883282631635666
-0.10345993936061859
0.08233974874019623
0.01597847230732441
0.055515170097351074
-0.02772250398993492
-0.0019594780169427395
-0.12025955319404602
-0.004800807684659958
0.09919118881225586
0.07013282179832458
0.07714523375034332
-0.052816152572631836
0.10442889481782913
-0.0700271725654602
0.032322678714990616
0.08478440344333649
0.12674525380134583
0.09045852720737457
0.08462987840175629
0.03901113569736481
0.0729660838842392
-0.003999680746346712
0.018059035763144493
-0.008124311454594135
-0.058788150548934937
-0.04057947173714638
0.003400639398023486
0.06926260888576508
-0.08032386749982834
-0.06556792557239532
0.1048005223274231
-0.04435872659087181
-0.06341315805912018
-0.015208584256470203
0.07818359136581421
0.0164315328001976
0.06340734660625458
