0000000000000000
0000000000000000
0000000000000000
0000000000000000
0000000000000000
0000000000000000
0000000000000000
0000000000000000
0000000000000000
0000000000000000
0000000000000000
0000000000000000
0000000000000000
0000000000000000
0000000000000000
0000000000000000
0000000000000000
0000000000000000
0000000000000000
0000000000000000
0000000000000000
0000000000000000
0000000000000000
0000000000000000
0000000000000000
0000000000000000
0000000000000000
0000000000000000
0000000000000000
0000000000000000
0000000000000000
0000000000000000
0000000000000000
0000000000000000
0000000000000000
0000000000000000
0000000000000000
0000000000000000
0000000000000000
0000000000000000
0000000000000000
0000000000000000
0000000000000000
0000000000000000
0000000000000000
0000000000000000
0000000000000000
0000000000000000
0000000000000000
0000000000000000
0000000000000000
0000000000000000
0000000000000000
0000000000000000
0000000000000000
0000000000000000
0000000000000000
0000000000000000
0000000000000000
0000000000000000
0000000000000000
0000000000000000
0000000000000000
0000000000000000
0000000000000000
0000000000000000
0000000000000000
0000000000000000
0000000000000000
0000000000000000
0000000000000000
0000000000000000
0000000000000000
0000000000000000
0000000000010100
0000000000000000
0000000000000000
0000000000100100
0000000000000000
0000000000110100
0000000000000000
0000000000000000
0000000000000000
0000000000011000
0000000000011000
0000000000000000
0000000000001100
0000000000000000
0000000000010100
0000000000100000
0000000000000000
0000000000000000
0000000000000000
0000000000000000
0000000000000000
0000000000000000
0000000000000000
0000000000000000
0000000000000000
0000000000000000
0000000000000000
0000000000000000
0000000000000000
0000000000000000
0000000000000000
0000000000000000
0000000000011100
0000000000000000
0000000000000000
0000000000001100
0000000000000000
0000000000000000
0000000000011000
0000000000101100
0000000000000000
0000000000011000
0000000000011000
0000000000000000
0000000000000100
0000000001000100
0000000000000000
0000000000000000
0000000000000000
0000000000000000
0000000000000000
0000000000000000
0000000000000000
0000000000000000
0000000000000000
0000000000000000
0000000000000000
0000000000000000
0000000000000000
0000000000000000
0000000000000000
0000000000000000
0000000000000000
0000000000000000
0000000000000000
0000000000011000
0000000000010000
0000000000100100
0000000000000000
0000000000000000
0000000000011100
0000000000000000
0000000000011100
0000000000000000
0000000000000000
0000000000000000
0000000000000000
0000000000010100
0000000000000000
0000000000101100
0000000000000000
0000000000000000
0000000000000000
0000000000000000
0000000000000000
0000000000000000
0000000000000000
0000000000000000
0000000000000000
0000000000000000
0000000000000000
0000000000000000
0000000000000000
0000000000000000
0000000000000000
0000000000000000
0000000000001100
0000000000010000
0000000000000000
0000000000001000
0000000000000000
0000000000110000
0000000000011100
0000000000001000
0000000000000000
0000000000000000
0000000000111000
0000000000000100
0000000001001100
0000000000000000
0000000000000000
0000000000000100
0000000000000000
0000000000000000
0000000000000000
0000000000000000
0000000000000000
0000000000000000
0000000000000000
0000000000000000
0000000000000000
0000000000000000
0000000000000000
0000000000000000
0000000000000000
0000000000000000
0000000000000000
0000000000000000
0000000001000100
0000000000000000
0000000000000000
0000000000101100
0000000000000000
0000000000001100
0000000000000000
0000000000011100
0000000000000000
0000000000110000
0000000000000000
0000000000000000
0000000000000000
0000000000000000
0000000000110000
0000000000000000
0000000000000000
0000000000000000
0000000000000000
0000000000000000
0000000000000000
0000000000000000
0000000000000000
0000000000000000
0000000000000000
0000000000000000
0000000000000000
0000000000000000
0000000000000000
0000000000000000
0000000000000000
0000000000000000
0000000000000000
0000000000000000
0000000000110100
0000000000000000
0000000000000000
0000000000000000
0000000000010000
0000000000000000
0000000000100100
0000000000111100
0000000000000000
0000000000010100
0000000000000000
0000000000010000
0000000000000000
0000000000000000
0000000000000000
0000000000000000
0000000000000000
0000000000000000
0000000000000000
0000000000000000
0000000000000000
0000000000000000
0000000000000000
0000000000000000
0000000000000000
0000000000000000
0000000000000000
0000000000000000
0000000000000000
0000000000000000
0000000000100100
0000000001001000
0000000000000000
0000000001000000
0000000000000100
0000000000000000
0000000000101100
0000000000000000
0000000000000000
0000000000000000
0000000001000000
0000000000000000
0000000000001000
0000000000011100
0000000000000000
0000000000110000
0000000000000000
0000000000000000
0000000000000000
0000000000000000
0000000000000000
0000000000000000
0000000000000000
0000000000000000
0000000000000000
0000000000000000
0000000000000000
0000000000000000
0000000000000000
0000000000000000
0000000000000000
0000000000000000
0000000000000000
0000000000111100
0000000000000000
0000001111010111
0000010000000000
0000010000000000
0000001111110011
0000010000000000
0000010000000000
0000001111000011
0000010000000000
0000000000101000
0000000000000000
0000000000000000
0000000000001100
0000000000000000
0000000000000000
0000000000000000
0000000000000000
0000000000000000
0000000000000000
0000000000000000
0000000000000000
0000000000000000
0000000000000000
0000000000000000
0000000000000000
0000000000000000
0000000000000000
0000000000000000
0000000000000000
0000000000000000
0000010000000000
0000001111101111
0000010000000000
0000010000000000
0000010000000000
0000010000000000
0000001111011011
0000010000000000
0000000000110000
0000001111001011
0000001111110011
0000000000111100
0000000000000000
0000000000000000
0000000000101000
0000000000000000
0000000000000000
0000000000000000
0000000000000000
0000000000000000
0000000000000000
0000000000000000
0000000000000000
0000000000000000
0000000000000000
0000000000000000
0000000000000000
0000000000000000
0000000000000000
0000000000000000
0000000000000000
0000000000000000
0000010000000000
0000010000000000
0000010000000000
0000001111010011
0000000000000100
0000000000000000
0000000000110000
0000000000000000
0000001111010111
0000010000000000
0000010000000000
0000000000000000
0000000000011000
0000000000000100
0000000000000000
0000000000000000
0000000000000000
0000000000000000
0000000000000000
0000000000000000
0000000000000000
0000000000000000
0000000000000000
0000000000000000
0000000000000000
0000000000000000
0000000000000000
0000000000000000
0000000000000000
0000000000000000
0000000000000000
0000000000000000
0000000000000000
0000001111101111
0000010000000000
0000000000100100
0000000000001000
0000000000000000
0000000000010100
0000000000001000
0000010000000000
0000001111011111
0000001111110011
0000000000010100
0000000001101000
0000000000000000
0000000000011000
0000000000111100
0000000000000000
0000000000000000
0000000000000000
0000000000000000
0000000000000000
0000000000000000
0000000000000000
0000000000000000
0000000000000000
0000000000000000
0000000000000000
0000000000000000
0000000000000000
0000000000000000
0000000000000000
0000000000000000
0000000000000000
0000000000001100
0000000000110100
0000000000000000
0000000000000000
0000000000001100
0000000000000100
0000000000000000
0000010000000000
0000010000000000
0000000000000000
0000000000000000
0000000000000000
0000000000100000
0000000000000000
0000000000000000
0000000000000000
0000000000000000
0000000000000000
0000000000000000
0000000000000000
0000000000000000
0000000000000000
0000000000000000
0000000000000000
0000000000000000
0000000000000000
0000000000000000
0000000000000000
0000000000000000
0000000000000000
0000000000000000
0000000000100000
0000000000000000
0000000000010000
0000000000000000
0000000000000000
0000000000100000
0000000000010000
0000010000000000
0000001111010011
0000010000000000
0000000000000000
0000000000100100
0000000000000000
0000000000000000
0000000001111100
0000000000000000
0000000000000000
0000000000000000
0000000000000000
0000000000000000
0000000000000000
0000000000000000
0000000000000000
0000000000000000
0000000000000000
0000000000000000
0000000000000000
0000000000000000
0000000000000000
0000000000000000
0000000000000000
0000000000000000
0000000000000000
0000000000010000
0000000000011000
0000000000000000
0000000010001000
0000000000000000
0000000000000000
0000010000000000
0000010000000000
0000010000000000
0000000000000000
0000000000000000
0000000000010000
0000000000000000
0000000000101000
0000000000000000
0000000000000000
0000000000000000
0000000000000000
0000000000000000
0000000000000000
0000000000000000
0000000000000000
0000000000000000
0000000000000000
0000000000000000
0000000000000000
0000000000000000
0000000000000000
0000000000000000
0000000000000000
0000000000000000
0000000000000000
0000000000000000
0000001111100111
0000000000011000
0000000000000000
0000000000000000
0000000001110100
0000001111100011
0000001111100111
0000000000000000
0000000001000000
0000000000100000
0000000000000000
0000000000111100
0000000000000000
0000000000000000
0000000000000000
0000000000000000
0000000000000000
0000000000000000
0000000000000000
0000000000000000
0000000000000000
0000000000000000
0000000000000000
0000000000000000
0000000000000000
0000000000000000
0000000000000000
0000000000000000
0000000000000000
0000000000000000
0000000000010000
0000010000000000
0000001111111011
0000001111110111
0000010000000000
0000010000000000
0000001111010111
0000010000000000
0000010000000000
0000001111110111
0000000000001000
0000000000000000
0000000000011000
0000000000000000
0000000000000100
0000000000010100
0000000000000000
0000000000000000
0000000000000000
0000000000000000
0000000000000000
0000000000000000
0000000000000000
0000000000000000
0000000000000000
0000000000000000
0000000000000000
0000000000000000
0000000000000000
0000000000000000
0000000000000000
0000000000000000
0000000000000000
0000010000000000
0000001111100011
0000010000000000
0000010000000000
0000010000000000
0000001111011111
0000010000000000
0000001111101111
0000010000000000
0000001111110011
0000001111010011
0000000000101000
0000000000000100
0000000000000000
0000000000001000
0000000000000000
0000000000000000
0000000000000000
0000000000000000
0000000000000000
0000000000000000
0000000000000000
0000000000000000
0000000000000000
0000000000000000
0000000000000000
0000000000000000
0000000000000000
0000000000000000
0000000000000000
0000000000000000
0000000000011000
0000000000100000
0000000000000000
0000000000100000
0000000000010000
0000000000000000
0000010000000000
0000001111101111
0000000000001100
0000000000000000
0000000000000000
0000000000110100
0000000000000000
0000000000010100
0000000000100100
0000000000000000
0000000000000000
0000000000000000
0000000000000000
0000000000000000
0000000000000000
0000000000000000
0000000000000000
0000000000000000
0000000000000000
0000000000000000
0000000000000000
0000000000000000
0000000000000000
0000000000000000
0000000000000000
0000000000000000
0000000000000000
0000000000000000
0000000001001000
0000000000000100
0000000000000000
0000001111000111
0000010000000000
0000001111000111
0000000000000000
0000000000011000
0000000000111000
0000000000000000
0000000000101000
0000000000000000
0000000000000000
0000000000011000
0000000000000000
0000000000000000
0000000000000000
0000000000000000
0000000000000000
0000000000000000
0000000000000000
0000000000000000
0000000000000000
0000000000000000
0000000000000000
0000000000000000
0000000000000000
0000000000000000
0000000000000000
0000000000000000
0000000000000100
0000000000010100
0000000000000000
0000000000000100
0000000000010100
0000010000000000
0000001111110011
0000010000000000
0000000000000000
0000000000010100
0000000000000000
0000000000000000
0000000000001100
0000000000010100
0000000000000000
0000000000011100
0000000000000000
0000000000000000
0000000000000000
0000000000000000
0000000000000000
0000000000000000
0000000000000000
0000000000000000
0000000000000000
0000000000000000
0000000000000000
0000000000000000
0000000000000000
0000000000000000
0000000000000000
0000000000000000
0000000000000000
0000000000111000
0000000000000100
0000000000001000
0000000000000000
0000001111011111
0000010000000000
0000000000000000
0000000000100000
0000000000010100
0000000000000000
0000000000011100
0000000000000000
0000000000110000
0000000000000000
0000000000000000
0000000000000000
0000000000000000
0000000000000000
0000000000000000
0000000000000000
0000000000000000
0000000000000000
0000000000000000
0000000000000000
0000000000000000
0000000000000000
0000000000000000
0000000000000000
0000000000000000
0000000000000000
0000000000000000
0000000000000000
0000000000000000
0000000000001100
0000000000000000
0000000001001100
0000001111010111
0000001111100011
0000000000111000
0000000000000000
0000000000000000
0000000000100100
0000000000101100
0000000000000000
0000000000000000
0000000000101100
0000000000100000
0000000000000000
0000000000000000
0000000000000000
0000000000000000
0000000000000000
0000000000000000
0000000000000000
0000000000000000
0000000000000000
0000000000000000
0000000000000000
0000000000000000
0000000000000000
0000000000000000
0000000000000000
0000000000000000
0000000000000000
0000000000111000
0000000000001000
0000000000011100
0000001111010011
0000010000000000
0000001111000111
0000000000000000
0000000000011000
0000000000000000
0000000000000000
0000000000000000
0000000000001100
0000000000001000
0000000000010000
0000000000000000
0000000000000000
0000000000000000
0000000000000000
0000000000000000
0000000000000000
0000000000000000
0000000000000000
0000000000000000
0000000000000000
0000000000000000
0000000000000000
0000000000000000
0000000000000000
0000000000000000
0000000000000000
0000000000000000
0000000000011100
0000000000000000
0000000000000000
0000000000000000
0000010000000000
0000001111101011
0000010000000000
0000000000001100
0000000000000000
0000000000101100
0000000000000000
0000000000001000
0000000000001000
0000000000100000
0000000000000000
0000000000010100
0000000000000000
0000000000000000
0000000000000000
0000000000000000
0000000000000000
0000000000000000
0000000000000000
0000000000000000
0000000000000000
0000000000000000
0000000000000000
0000000000000000
0000000000000000
0000000000000000
0000000000000000
0000000000000000
0000000000000000
0000000000000000
0000000000000000
0000000000001000
0000000000000100
0000010000000000
0000001111110111
0000000000001100
0000000000000000
0000000000000000
0000000000000000
0000000000000000
0000000000000000
0000000000000000
0000000000000000
0000000000000000
0000000000000000
0000000000000000
0000000000000000
0000000000000000
0000000000000000
0000000000000000
0000000000000000
0000000000000000
0000000000000000
0000000000000000
0000000000000000
0000000000000000
0000000000000000
0000000000000000
0000000000000000
0000000000000000
0000000000100100
0000000000000000
0000000000011000
0000000000011100
0000000000001000
0000001111110011
0000010000000000
0000000000000000
0000000000000000
0000000000000000
0000000000000000
0000000000000000
0000000000000000
0000000000000000
0000000000000000
0000000000000000
0000000000000000
0000000000000000
0000000000000000
0000000000000000
0000000000000000
0000000000000000
0000000000000000
0000000000000000
0000000000000000
0000000000000000
0000000000000000
0000000000000000
0000000000000000
0000000000000000
0000000000000000
0000000000000000
0000000000000000
0000000000010100
0000000000000000
0000000000000000
0000000001001000
0000010000000000
0000001111101111
0000000000000000
0000000000000000
0000000000000000
0000000000000000
0000000000000000
0000000000000000
0000000000000000
0000000000000000
0000000000000000
0000000000000000
0000000000000000
0000000000000000
0000000000000000
0000000000000000
0000000000000000
0000000000000000
0000000000000000
0000000000000000
0000000000000000
0000000000000000
0000000000000000
0000000000000000
0000000000000000
0000000000000000
0000000000000000
0000000000010000
0000000000000000
0000000000001100
0000000000111000
0000000000001100
0000000000000000
0000000000000000
0000000000110100
0000000000000000
0000000000000000
0000000000000000
0000000000000000
0000000000000000
0000000000000000
0000000000000000
0000000000000000
0000000000000000
0000000000000000
0000000000000000
0000000000000000
0000000000000000
0000000000000000
0000000000000000
0000000000000000
0000000000000000
0000000000000000
0000000000000000
0000000000000000
0000000000000000
0000000000000000
0000000000000000
0000000000000000
0000000000000000
0000000000000000
0000000000000000
0000000000000000
0000000000000000
0000000000000000
0000000000000000
0000000000000000
0000000000000000
0000000000000000
0000000000000000
0000000000000000
0000000000000000
0000000000000000
0000000000000000
0000000000000000
0000000000000000
0000000000000000
0000000000000000
0000000000000000
0000000000000000
0000000000000000
0000000000000000
0000000000000000
0000000000000000
0000000000000000
0000000000000000
0000000000000000
0000000000000000
0000000000000000
0000000000000000
0000000000000000
0000000000000000
0000000000000000
0000000000000000
0000000000000000
0000000000000000
0000000000000000
0000000000000000
0000000000000000
0000000000000000
0000000000000000
0000000000000000
0000000000000000
0000000000000000
0000000000000000
0000000000000000
0000000000000000
0000000000000000
0000000000000000
0000000000000000
0000000000000000
0000000000000000
0000000000000000
