0.0
0.0
0.0
0.0
0.0
0.0
0.0
0.0
0.0
0.0
0.0
0.0
0.0
0.0
0.0
0.0
0.0
0.0
0.0
0.0
0.0
0.0
0.0
0.0
0.0
0.0
0.0
0.0
0.0
0.0
0.0
0.0
0.0
0.0
0.0
0.0
0.0
0.0
0.0
0.0
0.0
0.0
0.0
0.0
0.0
0.0
0.0
0.0
0.0
0.0
0.0
0.0
0.0
0.0
0.0
0.0
0.0
0.0
0.0
0.0
0.0
0.0
0.0
0.0
0.0
0.0
0.0
0.0
0.0
0.0
0.0
0.0
0.0
0.0
0.0196078431372549
0.0
0.0
0.03529411764705882
0.0
0.050980392156862744
0.0
0.0
0.0
0.023529411764705882
0.023529411764705882
0.0
0.011764705882352941
0.0
0.0196078431372549
0.03137254901960784
0.0
0.0
0.0
0.0
0.0
0.0
0.0
0.0
0.0
0.0
0.0
0.0
0.0
0.0
0.0
0.0
0.027450980392156862
0.0
0.0
0.011764705882352941
0.0
0.0
0.023529411764705882
0.043137254901960784
0.0
0.023529411764705882
0.023529411764705882
0.0
0.00392156862745098
0.06666666666666667
0.0
0.0
0.0
0.0
0.0
0.0
0.0
0.0
0.0
0.0
0.0
0.0
0.0
0.0
0.0
0.0
0.0
0.0
0.0
0.023529411764705882
0.01568627450980392
0.03529411764705882
0.0
0.0
0.027450980392156862
0.0
0.027450980392156862
0.0
0.0
0.0
0.0
0.0196078431372549
0.0
0.043137254901960784
0.0
0.0
0.0
0.0
0.0
0.0
0.0
0.0
0.0
0.0
0.0
0.0
0.0
0.0
0.0
0.0
0.011764705882352941
0.01568627450980392
0.0
0.00784313725490196
0.0
0.047058823529411764
0.027450980392156862
0.00784313725490196
0.0
0.0
0.054901960784313725
0.00392156862745098
0.07450980392156863
0.0
0.0
0.00392156862745098
0.0
0.0
0.0
0.0
0.0
0.0
0.0
0.0
0.0
0.0
0.0
0.0
0.0
0.0
0.0
0.0
0.06666666666666667
0.0
0.0
0.043137254901960784
0.0
0.011764705882352941
0.0
0.027450980392156862
0.0
0.047058823529411764
0.0
0.0
0.0
0.0
0.047058823529411764
0.0
0.0
0.0
0.0
0.0
0.0
0.0
0.0
0.0
0.0
0.0
0.0
0.0
0.0
0.0
0.0
0.0
0.0
0.0
0.050980392156862744
0.0
0.0
0.0
0.01568627450980392
0.0
0.03529411764705882
0.058823529411764705
0.0
0.0196078431372549
0.0
0.01568627450980392
0.0
0.0
0.0
0.0
0.0
0.0
0.0
0.0
0.0
0.0
0.0
0.0
0.0
0.0
0.0
0.0
0.0
0.0
0.03529411764705882
0.07058823529411765
0.0
0.06274509803921569
0.00392156862745098
0.0
0.043137254901960784
0.0
0.0
0.0
0.06274509803921569
0.0
0.00784313725490196
0.027450980392156862
0.0
0.047058823529411764
0.0
0.0
0.0
0.0
0.0
0.0
0.0
0.0
0.0
0.0
0.0
0.0
0.0
0.0
0.0
0.0
0.0
0.058823529411764705
0.0
0.9607843137254902
1.0
1.0
0.9882352941176471
1.0
1.0
0.9411764705882353
1.0
0.0392156862745098
0.0
0.0
0.011764705882352941
0.0
0.0
0.0
0.0
0.0
0.0
0.0
0.0
0.0
0.0
0.0
0.0
0.0
0.0
0.0
0.0
0.0
1.0
0.984313725490196
1.0
1.0
1.0
1.0
0.9647058823529412
1.0
0.047058823529411764
0.9490196078431372
0.9882352941176471
0.058823529411764705
0.0
0.0
0.0392156862745098
0.0
0.0
0.0
0.0
0.0
0.0
0.0
0.0
0.0
0.0
0.0
0.0
0.0
0.0
0.0
0.0
0.0
1.0
1.0
1.0
0.9568627450980393
0.00392156862745098
0.0
0.047058823529411764
0.0
0.9607843137254902
1.0
1.0
0.0
0.023529411764705882
0.00392156862745098
0.0
0.0
0.0
0.0
0.0
0.0
0.0
0.0
0.0
0.0
0.0
0.0
0.0
0.0
0.0
0.0
0.0
0.0
0.0
0.984313725490196
1.0
0.03529411764705882
0.00784313725490196
0.0
0.0196078431372549
0.00784313725490196
1.0
0.9686274509803922
0.9882352941176471
0.0196078431372549
0.10196078431372549
0.0
0.023529411764705882
0.058823529411764705
0.0
0.0
0.0
0.0
0.0
0.0
0.0
0.0
0.0
0.0
0.0
0.0
0.0
0.0
0.0
0.0
0.0
0.011764705882352941
0.050980392156862744
0.0
0.0
0.011764705882352941
0.00392156862745098
0.0
1.0
1.0
0.0
0.0
0.0
0.03137254901960784
0.0
0.0
0.0
0.0
0.0
0.0
0.0
0.0
0.0
0.0
0.0
0.0
0.0
0.0
0.0
0.0
0.0
0.0
0.03137254901960784
0.0
0.01568627450980392
0.0
0.0
0.03137254901960784
0.01568627450980392
1.0
0.9568627450980393
1.0
0.0
0.03529411764705882
0.0
0.0
0.12156862745098039
0.0
0.0
0.0
0.0
0.0
0.0
0.0
0.0
0.0
0.0
0.0
0.0
0.0
0.0
0.0
0.0
0.0
0.0
0.01568627450980392
0.023529411764705882
0.0
0.13333333333333333
0.0
0.0
1.0
1.0
1.0
0.0
0.0
0.01568627450980392
0.0
0.0392156862745098
0.0
0.0
0.0
0.0
0.0
0.0
0.0
0.0
0.0
0.0
0.0
0.0
0.0
0.0
0.0
0.0
0.0
0.0
0.0
0.9764705882352941
0.023529411764705882
0.0
0.0
0.11372549019607843
0.9725490196078431
0.9764705882352941
0.0
0.06274509803921569
0.03137254901960784
0.0
0.058823529411764705
0.0
0.0
0.0
0.0
0.0
0.0
0.0
0.0
0.0
0.0
0.0
0.0
0.0
0.0
0.0
0.0
0.0
0.0
0.01568627450980392
1.0
0.996078431372549
0.9921568627450981
1.0
1.0
0.9607843137254902
1.0
1.0
0.9921568627450981
0.00784313725490196
0.0
0.023529411764705882
0.0
0.00392156862745098
0.0196078431372549
0.0
0.0
0.0
0.0
0.0
0.0
0.0
0.0
0.0
0.0
0.0
0.0
0.0
0.0
0.0
0.0
0.0
1.0
0.9725490196078431
1.0
1.0
1.0
0.9686274509803922
1.0
0.984313725490196
1.0
0.9882352941176471
0.9568627450980393
0.0392156862745098
0.00392156862745098
0.0
0.00784313725490196
0.0
0.0
0.0
0.0
0.0
0.0
0.0
0.0
0.0
0.0
0.0
0.0
0.0
0.0
0.0
0.0
0.023529411764705882
0.03137254901960784
0.0
0.03137254901960784
0.01568627450980392
0.0
1.0
0.984313725490196
0.011764705882352941
0.0
0.0
0.050980392156862744
0.0
0.0196078431372549
0.03529411764705882
0.0
0.0
0.0
0.0
0.0
0.0
0.0
0.0
0.0
0.0
0.0
0.0
0.0
0.0
0.0
0.0
0.0
0.0
0.0
0.07058823529411765
0.00392156862745098
0.0
0.9450980392156862
1.0
0.9450980392156862
0.0
0.023529411764705882
0.054901960784313725
0.0
0.0392156862745098
0.0
0.0
0.023529411764705882
0.0
0.0
0.0
0.0
0.0
0.0
0.0
0.0
0.0
0.0
0.0
0.0
0.0
0.0
0.0
0.0
0.00392156862745098
0.0196078431372549
0.0
0.00392156862745098
0.0196078431372549
1.0
0.9882352941176471
1.0
0.0
0.0196078431372549
0.0
0.0
0.011764705882352941
0.0196078431372549
0.0
0.027450980392156862
0.0
0.0
0.0
0.0
0.0
0.0
0.0
0.0
0.0
0.0
0.0
0.0
0.0
0.0
0.0
0.0
0.0
0.054901960784313725
0.00392156862745098
0.00784313725490196
0.0
0.9686274509803922
1.0
0.0
0.03137254901960784
0.0196078431372549
0.0
0.027450980392156862
0.0
0.047058823529411764
0.0
0.0
0.0
0.0
0.0
0.0
0.0
0.0
0.0
0.0
0.0
0.0
0.0
0.0
0.0
0.0
0.0
0.0
0.0
0.0
0.011764705882352941
0.0
0.07450980392156863
0.9607843137254902
0.9725490196078431
0.054901960784313725
0.0
0.0
0.03529411764705882
0.043137254901960784
0.0
0.0
0.043137254901960784
0.03137254901960784
0.0
0.0
0.0
0.0
0.0
0.0
0.0
0.0
0.0
0.0
0.0
0.0
0.0
0.0
0.0
0.0
0.0
0.054901960784313725
0.00784313725490196
0.027450980392156862
0.9568627450980393
1.0
0.9450980392156862
0.0
0.023529411764705882
0.0
0.0
0.0
0.011764705882352941
0.00784313725490196
0.01568627450980392
0.0
0.0
0.0
0.0
0.0
0.0
0.0
0.0
0.0
0.0
0.0
0.0
0.0
0.0
0.0
0.0
0.0
0.027450980392156862
0.0
0.0
0.0
1.0
0.9803921568627451
1.0
0.011764705882352941
0.0
0.043137254901960784
0.0
0.00784313725490196
0.00784313725490196
0.03137254901960784
0.0
0.0196078431372549
0.0
0.0
0.0
0.0
0.0
0.0
0.0
0.0
0.0
0.0
0.0
0.0
0.0
0.0
0.0
0.0
0.0
0.0
0.0
0.00784313725490196
0.00392156862745098
1.0
0.9921568627450981
0.011764705882352941
0.0
0.0
0.0
0.0
0.0
0.0
0.0
0.0
0.0
0.0
0.0
0.0
0.0
0.0
0.0
0.0
0.0
0.0
0.0
0.0
0.0
0.0
0.0
0.0
0.03529411764705882
0.0
0.023529411764705882
0.027450980392156862
0.00784313725490196
0.9882352941176471
1.0
0.0
0.0
0.0
0.0
0.0
0.0
0.0
0.0
0.0
0.0
0.0
0.0
0.0
0.0
0.0
0.0
0.0
0.0
0.0
0.0
0.0
0.0
0.0
0.0
0.0
0.0
0.0196078431372549
0.0
0.0
0.07058823529411765
1.0
0.984313725490196
0.0
0.0
0.0
0.0
0.0
0.0
0.0
0.0
0.0
0.0
0.0
0.0
0.0
0.0
0.0
0.0
0.0
0.0
0.0
0.0
0.0
0.0
0.0
0.0
0.0
0.01568627450980392
0.0
0.011764705882352941
0.054901960784313725
0.011764705882352941
0.0
0.0
0.050980392156862744
0.0
0.0
0.0
0.0
0.0
0.0
0.0
0.0
0.0
0.0
0.0
0.0
0.0
0.0
0.0
0.0
0.0
0.0
0.0
0.0
0.0
0.0
0.0
0.0
0.0
0.0
0.0
0.0
0.0
0.0
0.0
0.0
0.0
0.0
0.0
0.0
0.0
0.0
0.0
0.0
0.0
0.0
0.0
0.0
0.0
0.0
0.0
0.0
0.0
0.0
0.0
0.0
0.0
0.0
0.0
0.0
0.0
0.0
0.0
0.0
0.0
0.0
0.0
0.0
0.0
0.0
0.0
0.0
0.0
0.0
0.0
0.0
0.0
0.0
0.0
0.0
0.0
0.0
